# source : "Baader H-alpha 7nm Narrowband #2458382"
# wavelength_unit : um
wavelength transmission
0.3 0.0
0.301 0.0
0.302 0.0
0.303 0.0
0.304 0.0
0.305 0.0
0.306 0.0
0.307 0.0
0.308 0.0
0.309 0.0
0.31 0.0
0.311 0.0
0.312 0.0
0.313 0.0
0.314 0.0
0.315 0.0
0.316 0.0
0.317 0.0
0.318 0.0
0.319 0.0
0.32 0.0
0.321 0.0
0.322 0.0
0.323 0.0
0.324 0.0
0.325 0.0
0.326 0.0
0.327 0.0
0.328 0.0
0.329 0.0
0.33 0.0
0.331 0.0
0.332 0.0
0.333 0.0
0.334 0.0
0.335 0.0
0.336 0.0
0.337 0.0
0.338 0.0
0.339 0.0
0.34 0.0
0.341 0.0
0.342 0.0
0.343 0.0
0.34400000000000003 0.0
0.34500000000000003 0.0
0.34600000000000003 0.0
0.34700000000000003 0.0
0.34800000000000003 0.0
0.34900000000000003 0.0
0.35000000000000003 0.0
0.35100000000000003 0.0
0.35200000000000004 0.0
0.35300000000000004 0.0
0.35400000000000004 0.0
0.35500000000000004 0.0
0.35600000000000004 0.0
0.35700000000000004 0.0
0.35800000000000004 0.0
0.35900000000000004 0.0
0.36000000000000004 0.0
0.36100000000000004 0.0
0.36200000000000004 0.0
0.36300000000000004 0.0
0.36400000000000005 0.0
0.36500000000000005 0.0
0.36600000000000005 0.0
0.36700000000000005 0.0
0.36800000000000005 0.0
0.36900000000000005 0.0
0.37000000000000005 0.0
0.37100000000000005 0.0
0.37200000000000005 0.0
0.37300000000000005 0.0
0.37400000000000005 0.0
0.37500000000000006 0.0
0.37600000000000006 0.0
0.37700000000000006 0.0
0.37800000000000006 0.0
0.37900000000000006 0.0
0.38000000000000006 0.0
0.38100000000000006 0.0
0.38200000000000006 0.0
0.38300000000000006 0.0
0.38400000000000006 0.0
0.38500000000000006 0.0
0.38600000000000007 0.0
0.38700000000000007 0.0
0.38800000000000007 0.0
0.38900000000000007 0.0
0.39000000000000007 0.0
0.39100000000000007 0.0
0.39200000000000007 0.0
0.39300000000000007 0.0
0.3940000000000001 0.0
0.3950000000000001 0.0
0.3960000000000001 0.0
0.3970000000000001 0.0
0.3980000000000001 0.0
0.3990000000000001 0.0
0.4000000000000001 0.0
0.4010000000000001 0.0
0.4020000000000001 0.0
0.4030000000000001 0.0
0.4040000000000001 0.0
0.4050000000000001 0.0
0.4060000000000001 0.0
0.4070000000000001 0.0
0.4080000000000001 0.0
0.4090000000000001 0.0
0.4100000000000001 0.0
0.4110000000000001 0.0
0.4120000000000001 0.0
0.4130000000000001 0.0
0.4140000000000001 0.0
0.4150000000000001 0.0
0.4160000000000001 0.0
0.4170000000000001 0.0
0.4180000000000001 0.0
0.4190000000000001 0.0
0.4200000000000001 0.0
0.4210000000000001 0.0
0.4220000000000001 0.0
0.4230000000000001 0.0
0.4240000000000001 0.0
0.4250000000000001 0.0
0.4260000000000001 0.0
0.4270000000000001 0.0
0.4280000000000001 0.0
0.4290000000000001 0.0
0.4300000000000001 0.0
0.4310000000000001 0.0
0.4320000000000001 0.0
0.4330000000000001 0.0
0.4340000000000001 0.0
0.4350000000000001 0.0
0.4360000000000001 0.0
0.4370000000000001 0.0
0.4380000000000001 0.0
0.4390000000000001 0.0
0.4400000000000001 0.0
0.4410000000000001 0.0
0.4420000000000001 0.0
0.4430000000000001 0.0
0.4440000000000001 0.0
0.4450000000000001 0.0
0.4460000000000001 0.0
0.4470000000000001 0.0
0.4480000000000001 0.0
0.4490000000000001 0.0
0.4500000000000001 0.0
0.4510000000000001 0.0
0.4520000000000001 0.0
0.4530000000000001 0.0
0.4540000000000001 0.0
0.4550000000000001 0.0
0.4560000000000001 0.0
0.45700000000000013 0.0
0.45800000000000013 0.0
0.45900000000000013 0.0
0.46000000000000013 0.0
0.46100000000000013 0.0
0.46200000000000013 0.0
0.46300000000000013 0.0
0.46400000000000013 0.0
0.46500000000000014 0.0
0.46600000000000014 0.0
0.46700000000000014 0.0
0.46800000000000014 0.0
0.46900000000000014 0.0
0.47000000000000014 0.0
0.47100000000000014 0.0
0.47200000000000014 0.0
0.47300000000000014 0.0
0.47400000000000014 0.0
0.47500000000000014 0.0
0.47600000000000015 0.0
0.47700000000000015 0.0
0.47800000000000015 0.0
0.47900000000000015 0.0
0.48000000000000015 0.0
0.48100000000000015 0.0
0.48200000000000015 0.0
0.48300000000000015 0.0
0.48400000000000015 0.0
0.48500000000000015 0.0
0.48600000000000015 0.0
0.48700000000000015 0.0
0.48800000000000016 0.0
0.48900000000000016 0.0
0.49000000000000016 0.0
0.49100000000000016 0.0
0.49200000000000016 0.0
0.49300000000000016 0.0
0.49400000000000016 0.0
0.49500000000000016 0.0
0.49600000000000016 0.0
0.49700000000000016 0.0
0.49800000000000016 0.0
0.49900000000000017 0.0
0.5000000000000002 0.0
0.5010000000000001 0.0
0.5020000000000002 0.0
0.5030000000000001 0.0
0.5040000000000002 0.0
0.5050000000000001 0.0
0.5060000000000002 0.0
0.5070000000000001 0.0
0.5080000000000002 0.0
0.5090000000000001 0.0
0.5100000000000002 0.0
0.5110000000000001 0.0
0.5120000000000002 0.0
0.5130000000000001 0.0
0.5140000000000002 0.0
0.5150000000000001 0.0
0.5160000000000002 0.0
0.5170000000000001 0.0
0.5180000000000002 0.0
0.5190000000000001 0.0
0.5200000000000002 0.0
0.5210000000000001 0.0
0.5220000000000002 0.0
0.5230000000000001 0.0
0.5240000000000002 0.0
0.5250000000000001 0.0
0.5260000000000002 0.0
0.5270000000000001 0.0
0.5280000000000002 0.0
0.5290000000000001 0.0
0.5300000000000002 0.0
0.5310000000000001 0.0
0.5320000000000003 0.0
0.5330000000000001 0.0
0.5340000000000003 0.0
0.5350000000000001 0.0
0.5360000000000003 0.0
0.5370000000000001 0.0
0.5380000000000003 0.0
0.5390000000000001 0.0
0.5400000000000003 0.0
0.5410000000000001 0.0
0.5420000000000003 0.0
0.5430000000000001 0.0
0.5440000000000003 0.0
0.5450000000000002 0.0
0.5460000000000003 0.0
0.5470000000000002 0.0
0.5480000000000003 0.0
0.5490000000000002 0.0
0.5500000000000003 0.0
0.5510000000000002 0.0
0.5520000000000003 0.0
0.5530000000000002 0.0
0.5540000000000003 0.0
0.5550000000000002 0.0
0.5560000000000003 0.0
0.5570000000000002 0.0
0.5580000000000003 0.0
0.5590000000000002 0.0
0.5600000000000003 0.0
0.5610000000000002 1.0118070060000506e-05
0.5620000000000003 2.0692730320000833e-05
0.5630000000000002 2.514126478000011e-05
0.5640000000000003 1.747338682999787e-05
0.5650000000000002 0.0
0.5660000000000003 0.0
0.5670000000000002 0.0
0.5680000000000003 0.0
0.5690000000000002 1.001502620000066e-05
0.5700000000000003 2.1234685560000835e-05
0.5710000000000002 2.6839119379999747e-05
0.5720000000000003 1.675713457999675e-05
0.5730000000000002 0.0
0.5740000000000003 0.0
0.5750000000000002 0.0
0.5760000000000003 0.0
0.5770000000000002 0.0
0.5780000000000003 0.0
0.5790000000000002 0.0
0.5800000000000003 0.0
0.5810000000000002 0.0
0.5820000000000003 0.0
0.5830000000000002 0.0
0.5840000000000003 0.0
0.5850000000000002 0.0
0.5860000000000003 0.0
0.5870000000000002 0.0
0.5880000000000003 0.0
0.5890000000000002 0.0
0.5900000000000003 0.0
0.5910000000000002 0.0
0.5920000000000003 0.0
0.5930000000000002 0.0
0.5940000000000003 0.0
0.5950000000000002 0.0
0.5960000000000003 0.0
0.5970000000000002 0.0
0.5980000000000003 0.0
0.5990000000000002 0.0
0.6000000000000003 0.0
0.6010000000000002 0.0
0.6020000000000003 0.0
0.6030000000000002 0.0
0.6040000000000003 0.0
0.6050000000000002 0.0
0.6060000000000003 0.0
0.6070000000000002 0.0
0.6080000000000003 0.0
0.6090000000000002 0.0
0.6100000000000003 0.0
0.6110000000000002 0.0
0.6120000000000003 0.0
0.6130000000000002 0.0
0.6140000000000003 0.0
0.6150000000000002 0.0
0.6160000000000003 0.0
0.6170000000000002 0.0
0.6180000000000003 0.0
0.6190000000000002 0.0
0.6200000000000003 0.0
0.6210000000000002 0.0
0.6220000000000003 0.0
0.6230000000000002 0.0
0.6240000000000003 0.0
0.6250000000000002 0.0
0.6260000000000003 0.0
0.6270000000000002 0.0
0.6280000000000003 0.0
0.6290000000000002 0.0
0.6300000000000003 0.0
0.6310000000000002 0.0
0.6320000000000003 0.0
0.6330000000000002 1.230202033000146e-05
0.6340000000000003 1.5687739940001744e-05
0.6350000000000002 1.9977632910000375e-05
0.6360000000000003 2.6166890750001963e-05
0.6370000000000002 3.4530078990003614e-05
0.6380000000000003 4.75112116000058e-05
0.6390000000000002 6.571278907000612e-05
0.6400000000000003 9.474588558001172e-05
0.6410000000000002 0.0001407704689000127
0.6420000000000003 0.00021465783940003393
0.6430000000000002 0.0003397667408000357
0.6440000000000003 0.0005657042563000983
0.6450000000000002 0.0009920310974001394
0.6460000000000004 0.0018635426460004475
0.6470000000000002 0.0037778392430007014
0.6480000000000004 0.00868675649200251
0.6490000000000002 0.02246904850000535
0.6500000000000004 0.06298343182002417
0.6510000000000002 0.17290609360003806
0.6520000000000004 0.3888149643000853
0.6530000000000002 0.6415481567000488
0.6540000000000004 0.8100156403000365
0.6550000000000002 0.8767654419000098
0.6560000000000004 0.8987725830000032
0.6570000000000003 0.8748137664999845
0.6580000000000004 0.7379512786999249
0.6590000000000003 0.4801506804999379
0.6600000000000004 0.22387882229993408
0.6610000000000003 0.0808884048499817
0.6620000000000004 0.02842742681999084
0.6630000000000003 0.011256968979997933
0.6640000000000004 0.005023404955998809
0.6650000000000003 0.0025037661189996653
0.6660000000000004 0.0013646575809997258
0.6670000000000003 0.0007937400042999117
0.6680000000000004 0.000484924726199929
0.6690000000000003 0.00031275920569997015
0.6700000000000004 0.0002093384041999697
0.6710000000000003 0.00014454954299998783
0.6720000000000004 0.00010257638059999012
0.6730000000000003 7.455327547999509e-05
0.6740000000000004 5.5766669099993775e-05
0.6750000000000003 4.255880601999715e-05
0.6760000000000004 3.330145729999699e-05
0.6770000000000003 2.588166621999916e-05
0.6780000000000004 2.059000311000001e-05
0.6790000000000003 1.700537395999955e-05
0.6800000000000004 1.4271523099998084e-05
0.6810000000000003 1.183534855999938e-05
0.6820000000000004 0.0
0.6830000000000003 0.0
0.6840000000000004 0.0
0.6850000000000003 0.0
0.6860000000000004 0.0
0.6870000000000003 0.0
0.6880000000000004 0.0
0.6890000000000003 0.0
0.6900000000000004 0.0
0.6910000000000003 0.0
0.6920000000000004 0.0
0.6930000000000003 0.0
0.6940000000000004 0.0
0.6950000000000003 0.0
0.6960000000000004 0.0
0.6970000000000003 0.0
0.6980000000000004 0.0
0.6990000000000003 0.0
0.7000000000000004 0.0
0.7010000000000003 0.0
0.7020000000000004 0.0
0.7030000000000003 0.0
0.7040000000000004 0.0
0.7050000000000003 0.0
0.7060000000000004 0.0
0.7070000000000003 0.0
0.7080000000000004 0.0
0.7090000000000003 0.0
0.7100000000000004 0.0
0.7110000000000003 0.0
0.7120000000000004 0.0
0.7130000000000003 0.0
0.7140000000000004 0.0
0.7150000000000003 0.0
0.7160000000000004 0.0
0.7170000000000003 0.0
0.7180000000000004 0.0
0.7190000000000003 0.0
0.7200000000000004 0.0
0.7210000000000003 0.0
0.7220000000000004 0.0
0.7230000000000003 0.0
0.7240000000000004 0.0
0.7250000000000003 0.0
0.7260000000000004 0.0
0.7270000000000003 0.0
0.7280000000000004 0.0
0.7290000000000003 0.0
0.7300000000000004 0.0
0.7310000000000003 0.0
0.7320000000000004 0.0
0.7330000000000003 0.0
0.7340000000000004 0.0
0.7350000000000003 0.0
0.7360000000000004 0.0
0.7370000000000003 0.0
0.7380000000000004 0.0
0.7390000000000003 0.0
0.7400000000000004 0.0
0.7410000000000003 0.0
0.7420000000000004 0.0
0.7430000000000003 0.0
0.7440000000000004 0.0
0.7450000000000003 0.0
0.7460000000000004 0.0
0.7470000000000003 0.0
0.7480000000000004 0.0
0.7490000000000003 0.0
0.7500000000000004 0.0
0.7510000000000003 0.0
0.7520000000000004 0.0
0.7530000000000003 0.0
0.7540000000000004 0.0
0.7550000000000003 1.1061789699999594e-05
0.7560000000000004 1.2418604460004272e-05
0.7570000000000003 1.4809854330001415e-05
0.7580000000000005 1.8444608430001817e-05
0.7590000000000003 2.1998640150001257e-05
0.7600000000000005 2.711230423000547e-05
0.7610000000000003 3.520083148000351e-05
0.7620000000000005 4.7330320810001274e-05
0.7630000000000003 6.336774677000445e-05
0.7640000000000005 8.837852627001208e-05
0.7650000000000003 0.00012692884540001603
0.7660000000000005 0.0001871772297000326
0.7670000000000003 0.00028866622600004054
0.7680000000000005 0.00045090343800009626
0.7690000000000003 0.0006970953196000848
0.7700000000000005 0.001006929055000131
0.7710000000000004 0.0013153831660001046
0.7720000000000005 0.0015149953960000402
0.7730000000000004 0.00155516356199999
0.7740000000000005 0.0014776569599999141
0.7750000000000004 0.0013563476499999433
0.7760000000000005 0.0012454686309999513
0.7770000000000004 0.0011794173719999836
0.7780000000000005 0.0011425229159999987
0.7790000000000004 0.0011473908280000347
0.7800000000000005 0.0011906984450000195
0.7810000000000004 0.0012707281110000384
0.7820000000000005 0.0013705737890000553
0.7830000000000004 0.0015144684910000173
0.7840000000000005 0.0016694614290000776
0.7850000000000004 0.0018506854770000579
0.7860000000000005 0.0020610687140000922
0.7870000000000004 0.00224290162300012
0.7880000000000005 0.002423409075000055
0.7890000000000004 0.002570940256000031
0.7900000000000005 0.002671699226000029
0.7910000000000004 0.0027035576110000406
0.7920000000000005 0.0027177378539999107
0.7930000000000004 0.0026702094079999582
0.7940000000000005 0.0026010033489999944
0.7950000000000004 0.0025306010249999526
0.7960000000000005 0.0024445292349999314
0.7970000000000004 0.002363006174999963
0.7980000000000005 0.0022835856679999603
0.7990000000000004 0.0022179161009999245
0.8000000000000005 0.002131960391999972
0.8010000000000004 0.002060556560999962
0.8020000000000005 0.0019878149029999397
0.8030000000000004 0.0019210335609999884
0.8040000000000005 0.001853248178999997
0.8050000000000004 0.0017984253169999649
0.8060000000000005 0.001741560995999974
0.8070000000000004 0.0017085516449999204
0.8080000000000005 0.0016566489639999482
0.8090000000000004 0.0016172322629999707
0.8100000000000005 0.0015896537900000113
0.8110000000000004 0.0015737728769999672
0.8120000000000005 0.0015508116779999965
0.8130000000000004 0.0015535949169999666
0.8140000000000005 0.001547895372000003
0.8150000000000004 0.0015422227980000155
0.8160000000000005 0.0015587809680000441
0.8170000000000004 0.0015796202420000215
0.8180000000000005 0.0016090697049999743
0.8190000000000004 0.001621334255000018
0.8200000000000005 0.0016624391080000032
0.8210000000000004 0.0016886585949999879
0.8220000000000005 0.00171028569300003
0.8230000000000004 0.0017549425360000148
0.8240000000000005 0.0017893688380000345
0.8250000000000004 0.0018212910000000053
0.8260000000000005 0.0018652050199999845
0.8270000000000004 0.0018965001400000408
0.8280000000000005 0.0019286908210000276
0.8290000000000004 0.001984027474999993
0.8300000000000005 0.0020245076719999904
0.8310000000000004 0.002059651613000027
0.8320000000000005 0.002109545320000093
0.8330000000000004 0.002186834811999937
0.8340000000000005 0.002245934010000117
0.8350000000000004 0.0023027402159999954
0.8360000000000005 0.0023874221740000263
0.8370000000000004 0.002477406263000142
0.8380000000000005 0.0025833189490001712
0.8390000000000004 0.002677100599000135
0.8400000000000005 0.002812173963000149
0.8410000000000004 0.0029574400190000923
0.8420000000000005 0.0031179499630000483
0.8430000000000004 0.0032715550070000383
0.8440000000000005 0.0034360775350002933
0.8450000000000004 0.003611856401000124
0.8460000000000005 0.0037670063970005035
0.8470000000000004 0.003979540467000242
0.8480000000000005 0.004154741168000188
0.8490000000000004 0.004331988394000001
0.8500000000000005 0.004441298544000043
0.8510000000000004 0.004581230283000036
0.8520000000000005 0.004668284058999904
0.8530000000000004 0.004687584937000273
0.8540000000000005 0.004674051404000035
0.8550000000000004 0.004677734374999956
0.8560000000000005 0.004566329420000025
0.8570000000000004 0.004503306448000019
0.8580000000000005 0.0043909037109997094
0.8590000000000004 0.004211675524999937
0.8600000000000005 0.004054143429000081
0.8610000000000004 0.0039028432970000565
0.8620000000000005 0.003741907774999944
0.8630000000000004 0.0035759046670002124
0.8640000000000005 0.003454347550999765
0.8650000000000004 0.0033280995489998514
0.8660000000000005 0.003203753828999482
0.8670000000000004 0.003045608400999788
0.8680000000000005 0.0029804840679997237
0.8690000000000004 0.002861023544999787
0.8700000000000006 0.0027435415979998046
0.8710000000000004 0.0026640504600001285
0.8720000000000006 0.0025985077020001857
0.8730000000000004 0.0026282066109997743
0.8740000000000006 0.0025505107639996927
0.8750000000000004 0.0024846029280002338
0.8760000000000006 0.0024291019139997742
0.8770000000000004 0.0025569227339993644
0.8780000000000006 0.0024414676429998818
0.8790000000000004 0.0024821485580000155
0.8800000000000006 0.0024911081790002483
0.8810000000000004 0.002618119716999399
0.8820000000000006 0.002510480583000591
0.8830000000000005 0.0026575112339995333
0.8840000000000006 0.002646091579999601
0.8850000000000005 0.002683522701000381
0.8860000000000006 0.002872847616999684
0.8870000000000005 0.0029096677900003398
0.8880000000000006 0.0030176687240010503
0.8890000000000005 0.003215267658000067
0.8900000000000006 0.0033997580409990203
0.8910000000000005 0.0035455039139999805
0.8920000000000006 0.0036951479319997354
0.8930000000000005 0.00392648339299972
0.8940000000000006 0.003940932453000296
0.8950000000000005 0.004324280321998889
0.8960000000000006 0.004579519032999152
0.8970000000000005 0.004811016916999833
0.8980000000000006 0.00492232024700071
0.8990000000000005 0.005132474303000692
0.9000000000000006 0.005200939178
0.9010000000000005 0.005200939178
0.9020000000000006 0.005200939178
0.9030000000000005 0.005200939178
0.9040000000000006 0.005200939178
0.9050000000000005 0.005200939178
0.9060000000000006 0.005200939178
0.9070000000000005 0.005200939178
0.9080000000000006 0.005200939178
0.9090000000000005 0.005200939178
0.9100000000000006 0.005200939178
0.9110000000000005 0.005200939178
0.9120000000000006 0.005200939178
0.9130000000000005 0.005200939178
0.9140000000000006 0.005200939178
0.9150000000000005 0.005200939178
0.9160000000000006 0.005200939178
0.9170000000000005 0.005200939178
0.9180000000000006 0.005200939178
0.9190000000000005 0.005200939178
0.9200000000000006 0.005200939178
0.9210000000000005 0.005200939178
0.9220000000000006 0.005200939178
0.9230000000000005 0.005200939178
0.9240000000000006 0.005200939178
0.9250000000000005 0.005200939178
0.9260000000000006 0.005200939178
0.9270000000000005 0.005200939178
0.9280000000000006 0.005200939178
0.9290000000000005 0.005200939178
0.9300000000000006 0.005200939178
0.9310000000000005 0.005200939178
0.9320000000000006 0.005200939178
0.9330000000000005 0.005200939178
0.9340000000000006 0.005200939178
0.9350000000000005 0.005200939178
0.9360000000000006 0.005200939178
0.9370000000000005 0.005200939178
0.9380000000000006 0.005200939178
0.9390000000000005 0.005200939178
0.9400000000000006 0.005200939178
0.9410000000000005 0.005200939178
0.9420000000000006 0.005200939178
0.9430000000000005 0.005200939178
0.9440000000000006 0.005200939178
0.9450000000000005 0.005200939178
0.9460000000000006 0.005200939178
0.9470000000000005 0.005200939178
0.9480000000000006 0.005200939178
0.9490000000000005 0.005200939178
0.9500000000000006 0.005200939178
0.9510000000000005 0.005200939178
0.9520000000000006 0.005200939178
0.9530000000000005 0.005200939178
0.9540000000000006 0.005200939178
0.9550000000000005 0.005200939178
0.9560000000000006 0.005200939178
0.9570000000000005 0.005200939178
0.9580000000000006 0.005200939178
0.9590000000000005 0.005200939178
0.9600000000000006 0.005200939178
0.9610000000000005 0.005200939178
0.9620000000000006 0.005200939178
0.9630000000000005 0.005200939178
0.9640000000000006 0.005200939178
0.9650000000000005 0.005200939178
0.9660000000000006 0.005200939178
0.9670000000000005 0.005200939178
0.9680000000000006 0.005200939178
0.9690000000000005 0.005200939178
0.9700000000000006 0.005200939178
0.9710000000000005 0.005200939178
0.9720000000000006 0.005200939178
0.9730000000000005 0.005200939178
0.9740000000000006 0.005200939178
0.9750000000000005 0.005200939178
0.9760000000000006 0.005200939178
0.9770000000000005 0.005200939178
0.9780000000000006 0.005200939178
0.9790000000000005 0.005200939178
0.9800000000000006 0.005200939178
0.9810000000000005 0.005200939178
0.9820000000000007 0.005200939178
0.9830000000000005 0.005200939178
0.9840000000000007 0.005200939178
0.9850000000000005 0.005200939178
0.9860000000000007 0.005200939178
0.9870000000000005 0.005200939178
0.9880000000000007 0.005200939178
0.9890000000000005 0.005200939178
0.9900000000000007 0.005200939178
0.9910000000000005 0.005200939178
0.9920000000000007 0.005200939178
0.9930000000000005 0.005200939178
0.9940000000000007 0.005200939178
0.9950000000000006 0.005200939178
0.9960000000000007 0.005200939178
0.9970000000000006 0.005200939178
0.9980000000000007 0.005200939178
0.9990000000000006 0.005200939178
