# source : "Baader OIII 2_ #2458396"
# wavelength_unit : um
wavelength transmission
0.3 0.0
0.301 0.0
0.302 0.0
0.303 0.0
0.304 0.0
0.305 0.0
0.306 0.0
0.307 0.0
0.308 0.0
0.309 0.0
0.31 0.0
0.311 0.0
0.312 0.0
0.313 0.0
0.314 0.0
0.315 0.0
0.316 0.0
0.317 0.0
0.318 0.0
0.319 0.0
0.32 0.0
0.321 0.0
0.322 0.0
0.323 0.0
0.324 0.0
0.325 0.0
0.326 0.0
0.327 0.0
0.328 0.0
0.329 0.0
0.33 0.0
0.331 0.0
0.332 1.676660031e-05
0.333 2.9712913090000002e-05
0.334 5.140963942e-05
0.335 8.683054708e-05
0.336 0.0001452748943
0.337 0.00023847576230000002
0.338 0.0003717489541
0.339 0.0005618118495
0.34 0.0008094216883
0.341 0.001126309857
0.342 0.001510838568
0.343 0.001954936236
0.34400000000000003 0.00244265914
0.34500000000000003 0.002974559069
0.34600000000000003 0.0034714803100000004
0.34700000000000003 0.003922816515
0.34800000000000003 0.00432505697
0.34900000000000003 0.004724528193
0.35000000000000003 0.005274662971
0.35100000000000003 0.00593578577
0.35200000000000004 0.006957197189000065
0.35300000000000004 0.008266263604000072
0.35400000000000004 0.009904084802000111
0.35500000000000004 0.012072314020000127
0.35600000000000004 0.015115445850000206
0.35700000000000004 0.019795777800000355
0.35800000000000004 0.027520322800000573
0.35900000000000004 0.037785987850000494
0.36000000000000004 0.04348940849000003
0.36100000000000004 0.03821639060999941
0.36200000000000004 0.026396548749999273
0.36300000000000004 0.01610685824999961
0.36400000000000005 0.010562524799999804
0.36500000000000005 0.008005923628999916
0.36600000000000005 0.007012150287999979
0.36700000000000005 0.007033481598000027
0.36800000000000005 0.007810431123000075
0.36900000000000005 0.008948592544000059
0.37000000000000005 0.009555760621999991
0.37100000000000005 0.008767480849999905
0.37200000000000005 0.006858170628999891
0.37300000000000005 0.0048995828629999115
0.37400000000000005 0.003525706827999947
0.37500000000000006 0.0027136877179999705
0.37600000000000006 0.002285782992999985
0.37700000000000006 0.0021192771200000005
0.37800000000000006 0.0021503530440000087
0.37900000000000006 0.002392314672000021
0.38000000000000006 0.002884668410000036
0.38100000000000006 0.003677275777000054
0.38200000000000006 0.004672911465000053
0.38300000000000006 0.005381045938000019
0.38400000000000006 0.005241855382999964
0.38500000000000006 0.004320858418999935
0.38600000000000007 0.0031891450289999483
0.38700000000000007 0.002300005107999961
0.38800000000000007 0.0017308929559999792
0.38900000000000007 0.0013957135379999857
0.39000000000000007 0.0011998961869999925
0.39100000000000007 0.0011008551719999984
0.39200000000000007 0.0010743109880000008
0.39300000000000007 0.0011019384120000031
0.3940000000000001 0.0011828322710000058
0.3950000000000001 0.0013099607830000107
0.3960000000000001 0.0014583502710000115
0.3970000000000001 0.0015982486310000064
0.3980000000000001 0.0016630484159999984
0.3990000000000001 0.001604613959999993
0.4000000000000001 0.0014428251979999869
0.4010000000000001 0.0012239083649999872
0.4020000000000001 0.0010090052339999894
0.4030000000000001 0.0008300504087999929
0.4040000000000001 0.0006973208486999949
0.4050000000000001 0.000603759586799996
0.4060000000000001 0.0005389188974999964
0.4070000000000001 0.0004965704678999979
0.4080000000000001 0.0004746814071999988
0.4090000000000001 0.0004678424819999997
0.4100000000000001 0.00047572907060000185
0.4110000000000001 0.0004994922876000023
0.4120000000000001 0.0005426356196000022
0.4130000000000001 0.0006042340025000035
0.4140000000000001 0.0006918116659000035
0.4150000000000001 0.0007969403267000046
0.4160000000000001 0.0009069959819000073
0.4170000000000001 0.0010073871910000107
0.4180000000000001 0.0010660304870000038
0.4190000000000001 0.0010607319329999946
0.4200000000000001 0.0009928520023999882
0.4210000000000001 0.0008769792317999864
0.4220000000000001 0.0007441811263999849
0.4230000000000001 0.0006124540417999864
0.4240000000000001 0.0004921615495999863
0.4250000000000001 0.00038215670729998787
0.4260000000000001 0.00028912080449998954
0.4270000000000001 0.00021197617049999322
0.4280000000000001 0.0001553659792999943
0.4290000000000001 0.00011375629339999577
0.4300000000000001 8.414126000999737e-05
0.4310000000000001 6.411177105999834e-05
0.4320000000000001 4.993755835999866e-05
0.4330000000000001 4.031057934999886e-05
0.4340000000000001 3.296464681999937e-05
0.4350000000000001 2.787455217999985e-05
0.4360000000000001 2.477520610999872e-05
0.4370000000000001 2.2043087519999642e-05
0.4380000000000001 1.9723270090000035e-05
0.4390000000000001 1.903887954999953e-05
0.4400000000000001 1.85144983699999e-05
0.4410000000000001 1.851046573999987e-05
0.4420000000000001 1.8761054379999475e-05
0.4430000000000001 1.9294238880000353e-05
0.4440000000000001 2.0613728559999996e-05
0.4450000000000001 2.2279820399999923e-05
0.4460000000000001 2.4449571500000077e-05
0.4470000000000001 2.7035477110000333e-05
0.4480000000000001 3.062887117000072e-05
0.4490000000000001 3.601366654000111e-05
0.4500000000000001 4.2253877040000544e-05
0.4510000000000001 4.9818065020001105e-05
0.4520000000000001 5.999421235000113e-05
0.4530000000000001 7.184382528000073e-05
0.4540000000000001 8.50408617400015e-05
0.4550000000000001 0.00010046131910000153
0.4560000000000001 0.00011606347750000235
0.45700000000000013 0.00013234614390000135
0.45800000000000013 0.00014728677460000114
0.45900000000000013 0.00015968386080000155
0.46000000000000013 0.0001699521393000009
0.46100000000000013 0.0001789078489000006
0.46200000000000013 0.00018694743510000135
0.46300000000000013 0.0001955837384000005
0.46400000000000013 0.00020437449220000136
0.46500000000000014 0.0002141700312000006
0.46600000000000014 0.0002271477506000006
0.46700000000000014 0.00024004952980000193
0.46800000000000014 0.000256885159800002
0.46900000000000014 0.00027660626920000196
0.47000000000000014 0.0002988995984000025
0.47100000000000014 0.0003254564479000027
0.47200000000000014 0.00035819787530000233
0.47300000000000014 0.0003945700452000056
0.47400000000000014 0.00044003181160000597
0.47500000000000014 0.0004941706359000069
0.47600000000000015 0.0005603958666000092
0.47700000000000015 0.0006422863901000116
0.47800000000000015 0.0007424113899000126
0.47900000000000015 0.0008679967374000149
0.48000000000000015 0.0010290306810000302
0.48100000000000015 0.0012320981170000423
0.48200000000000015 0.0014907772840000494
0.48300000000000015 0.0018270289900000666
0.48400000000000015 0.002287677079000086
0.48500000000000015 0.0029047697780001202
0.48600000000000015 0.003748357892000167
0.48700000000000015 0.00495789706700024
0.48800000000000016 0.006744902134000374
0.48900000000000016 0.009446321130000584
0.49000000000000016 0.01366617680000091
0.49100000000000016 0.02053768158000154
0.49200000000000016 0.03245383024000275
0.49300000000000016 0.053882269860004946
0.49400000000000016 0.09376499176000985
0.49500000000000016 0.17049587250001608
0.49600000000000016 0.30597352980002845
0.49700000000000016 0.4956043243000355
0.49800000000000016 0.6862274933000264
0.49900000000000017 0.8091986084000117
0.5000000000000002 0.8604592133000071
0.5010000000000001 0.8901230621000029
0.5020000000000002 0.9113702392999993
0.5030000000000001 0.8705977630999889
0.5040000000000002 0.7162139129999554
0.5050000000000001 0.49345897669997496
0.5060000000000002 0.29546148299996366
0.5070000000000001 0.16558006289999008
0.5080000000000002 0.09530715941998956
0.5090000000000001 0.05788909434999705
0.5100000000000002 0.03724452495999642
0.5110000000000001 0.025004353519999002
0.5120000000000002 0.01759003638999874
0.5130000000000001 0.012881761789999573
0.5140000000000002 0.009735417365999428
0.5150000000000001 0.0075135624409998145
0.5160000000000002 0.0059556543829997165
0.5170000000000001 0.004815871417999901
0.5180000000000002 0.003971445857999832
0.5190000000000001 0.003307364284999942
0.5200000000000002 0.0028024482729999056
0.5210000000000001 0.0024088439349999598
0.5220000000000002 0.0020911097529999283
0.5230000000000001 0.001831549703999972
0.5240000000000002 0.0016238811609999564
0.5250000000000001 0.0014523763949999848
0.5260000000000002 0.001312361806999974
0.5270000000000001 0.0011936788259999883
0.5280000000000002 0.0010927058759999846
0.5290000000000001 0.0010109826919999932
0.5300000000000002 0.000940115228299987
0.5310000000000001 0.0008767711370999957
0.5320000000000003 0.0008255363255999903
0.5330000000000001 0.0007801419496999973
0.5340000000000003 0.0007437648623999915
0.5350000000000001 0.0007112140207999967
0.5360000000000003 0.0006834201514999921
0.5370000000000001 0.0006594764440999984
0.5380000000000003 0.000639146342899999
0.5390000000000001 0.0006245988234999974
0.5400000000000003 0.0006118311359999954
0.5410000000000001 0.0006007203459999995
0.5420000000000003 0.000593200623999996
0.5430000000000001 0.0005868431181000004
0.5440000000000003 0.000583965107799999
0.5450000000000002 0.0005829670280000002
0.5460000000000003 0.0005861419438999986
0.5470000000000002 0.0005882623792000006
0.5480000000000003 0.0005939249694000028
0.5490000000000002 0.0006022588164000018
0.5500000000000003 0.0006113740429000047
0.5510000000000002 0.0006242453679000011
0.5520000000000003 0.0006399503350000014
0.5530000000000002 0.000655039921400002
0.5540000000000003 0.0006736703217000082
0.5550000000000002 0.0006956739724000026
0.5560000000000003 0.0007207920402000067
0.5570000000000002 0.0007486718148000024
0.5580000000000003 0.0007775389403000088
0.5590000000000002 0.0008106157184000047
0.5600000000000003 0.000846654698300008
0.5610000000000002 0.0008838848770000031
0.5620000000000003 0.0009235462546000094
0.5630000000000002 0.0009642441571000028
0.5640000000000003 0.0010042513910000102
0.5650000000000002 0.001046384349000002
0.5660000000000003 0.001085022613000007
0.5670000000000002 0.0011227931830000034
0.5680000000000003 0.001158743203000009
0.5690000000000002 0.001191636920000003
0.5700000000000003 0.0012247400730000097
0.5710000000000002 0.001257094145000002
0.5720000000000003 0.0012863041460000107
0.5730000000000002 0.0013184463980000015
0.5740000000000003 0.0013530868290000078
0.5750000000000002 0.0013865633310000053
0.5760000000000003 0.0014241926370000132
0.5770000000000002 0.0014663408700000063
0.5780000000000003 0.001511192322000021
0.5790000000000002 0.0015594689550000138
0.5800000000000003 0.0016150212290000246
0.5810000000000002 0.0016767671700000126
0.5820000000000003 0.0017420513930000157
0.5830000000000002 0.0018114751580000175
0.5840000000000003 0.0018844452500000216
0.5850000000000002 0.0019618652760000172
0.5860000000000003 0.0020388303700000273
0.5870000000000002 0.002112383693000016
0.5880000000000003 0.0021728891130000276
0.5890000000000002 0.0022235363720000075
0.5900000000000003 0.0022493423520000065
0.5910000000000002 0.0022478806969999958
0.5920000000000003 0.0022196741399999856
0.5930000000000002 0.002165510802999985
0.5940000000000003 0.0020935812589999723
0.5950000000000002 0.00201384976499998
0.5960000000000003 0.001929045468999968
0.5970000000000002 0.001844215690999979
0.5980000000000003 0.0017567376789999838
0.5990000000000002 0.0016789793969999808
0.6000000000000003 0.0016037817299999764
0.6010000000000002 0.001532336472999986
0.6020000000000003 0.0014659187199999757
0.6030000000000002 0.0014017593859999918
0.6040000000000003 0.001347355246999975
0.6050000000000002 0.0012903176249999897
0.6060000000000003 0.001240703388999982
0.6070000000000002 0.0011938214299999875
0.6080000000000003 0.001150899305999986
0.6090000000000002 0.0011107940229999902
0.6100000000000003 0.0010748881849999869
0.6110000000000002 0.0010419493909999936
0.6120000000000003 0.0010124837609999892
0.6130000000000002 0.0009863527863999942
0.6140000000000003 0.0009633736311999905
0.6150000000000002 0.0009426365047999974
0.6160000000000003 0.0009238325804000034
0.6170000000000002 0.0009103461354999984
0.6180000000000003 0.0008969478308999984
0.6190000000000002 0.0008864279090999966
0.6200000000000003 0.0008779136836999964
0.6210000000000002 0.0008708241581999978
0.6220000000000003 0.0008659573643999956
0.6230000000000002 0.0008620098977999964
0.6240000000000003 0.0008588229865000038
0.6250000000000002 0.0008588743210000004
0.6260000000000003 0.0008598786592000006
0.6270000000000002 0.000860949009699999
0.6280000000000003 0.0008645380287999979
0.6290000000000002 0.0008669181167999997
0.6300000000000003 0.0008728542923999975
0.6310000000000002 0.0008782202004999992
0.6320000000000003 0.0008848547935000015
0.6330000000000002 0.0008919398487000012
0.6340000000000003 0.0009002961217999974
0.6350000000000002 0.0009088384360000018
0.6360000000000003 0.0009194824100000002
0.6370000000000002 0.0009305979310999995
0.6380000000000003 0.0009424046426999965
0.6390000000000002 0.0009532005340000021
0.6400000000000003 0.0009665104747000016
0.6410000000000002 0.0009815257788000024
0.6420000000000003 0.000995814651300009
0.6430000000000002 0.0010107295960000082
0.6440000000000003 0.0010300710800000051
0.6450000000000002 0.001049619392000001
0.6460000000000004 0.0010677311570000075
0.6470000000000002 0.001089410484000003
0.6480000000000004 0.001109238714000008
0.6490000000000002 0.0011323388670000066
0.6500000000000004 0.0011568175260000127
0.6510000000000002 0.001183483973000001
0.6520000000000004 0.0012083707750000134
0.6530000000000002 0.0012363755700000088
0.6540000000000004 0.0012662014370000113
0.6550000000000002 0.001297142059000004
0.6560000000000004 0.0013288940490000106
0.6570000000000003 0.0013648220900000009
0.6580000000000004 0.0013953277470000174
0.6590000000000003 0.0014312419300000151
0.6600000000000004 0.0014708644150000054
0.6610000000000003 0.0015075795350000117
0.6620000000000004 0.00154889300500001
0.6630000000000003 0.0015905343000000088
0.6640000000000004 0.0016311384740000157
0.6650000000000003 0.0016793330010000072
0.6660000000000004 0.0017225581410000171
0.6670000000000003 0.0017720857260000132
0.6680000000000004 0.0018211303650000087
0.6690000000000003 0.0018704509740000127
0.6700000000000004 0.0019207093120000122
0.6710000000000003 0.001972768903000012
0.6720000000000004 0.0020272566380000116
0.6730000000000003 0.0020816898350000143
0.6740000000000004 0.0021365185080000296
0.6750000000000003 0.0021987007560000083
0.6760000000000004 0.002256061584000017
0.6770000000000003 0.0023161920910000117
0.6780000000000004 0.002378154993000008
0.6790000000000003 0.0024371440710000128
0.6800000000000004 0.002500143051000017
0.6810000000000003 0.002563265562000016
0.6820000000000004 0.0026282116770000165
0.6830000000000003 0.002695772946000017
0.6840000000000004 0.0027615529300000293
0.6850000000000003 0.002828232348000032
0.6860000000000004 0.0029014748330000325
0.6870000000000003 0.0029768213630000195
0.6880000000000004 0.0030501928930000187
0.6890000000000003 0.0031277090310000053
0.6900000000000004 0.003208383322000025
0.6910000000000003 0.0032826277610000293
0.6920000000000004 0.003372009993000024
0.6930000000000003 0.0034541076420000236
0.6940000000000004 0.0035500577090000346
0.6950000000000003 0.0036398676040000264
0.6960000000000004 0.0037445515390000226
0.6970000000000003 0.0038435465100000194
0.6980000000000004 0.003948916197000048
0.6990000000000003 0.0040651926400000205
0.7000000000000004 0.004189986587000009
0.7010000000000003 0.004301281273000033
0.7020000000000004 0.0044400128720000435
0.7030000000000003 0.004578323066000037
0.7040000000000004 0.004724262655000107
0.7050000000000003 0.00488063037400006
0.7060000000000004 0.005054246783000085
0.7070000000000003 0.005240339637000037
0.7080000000000004 0.005416392088000132
0.7090000000000003 0.005616864562000092
0.7100000000000004 0.00584236681500013
0.7110000000000003 0.006084960103000076
0.7120000000000004 0.006326062083000132
0.7130000000000003 0.006604783535000109
0.7140000000000004 0.006894251108000133
0.7150000000000003 0.007217454910000106
0.7160000000000004 0.007565680146000109
0.7170000000000003 0.007923489213000168
0.7180000000000004 0.00833794355400019
0.7190000000000003 0.008773674965000177
0.7200000000000004 0.00925153374700023
0.7210000000000003 0.009763708115000224
0.7220000000000004 0.010345425610000257
0.7230000000000003 0.01096399426000025
0.7240000000000004 0.01163868666000042
0.7250000000000003 0.012398592230000225
0.7260000000000004 0.01323955536000035
0.7270000000000003 0.014137607810000362
0.7280000000000004 0.015162496570000482
0.7290000000000003 0.016286413670000426
0.7300000000000004 0.017547175880000595
0.7310000000000003 0.018937451840000476
0.7320000000000004 0.02046909332000078
0.7330000000000003 0.022258515360000602
0.7340000000000004 0.02418937922000118
0.7350000000000003 0.026426696780000807
0.7360000000000004 0.028912799360001247
0.7370000000000003 0.031817018990001035
0.7380000000000004 0.035083837510001464
0.7390000000000003 0.03884580374000117
0.7400000000000004 0.043105082510002106
0.7410000000000003 0.04801506519000182
0.7420000000000004 0.053755111690002536
0.7430000000000003 0.06026503086000238
0.7440000000000004 0.06780178070000378
0.7450000000000003 0.0768456983600027
0.7460000000000004 0.08722293854000446
0.7470000000000003 0.09937310219000435
0.7480000000000004 0.11319542880000706
0.7490000000000003 0.13009333610000604
0.7500000000000004 0.14969594960000956
0.7510000000000003 0.17197694780000836
0.7520000000000004 0.19732521060001276
0.7530000000000003 0.22652652740001025
0.7540000000000004 0.2594739151000143
0.7550000000000003 0.29417207720001215
0.7560000000000004 0.32962047580001413
0.7570000000000003 0.36514564510001146
0.7580000000000005 0.39678230290001243
0.7590000000000003 0.4223476791000096
0.7600000000000005 0.4408485794000059
0.7610000000000003 0.44986701970000037
0.7620000000000005 0.44965282439999765
0.7630000000000003 0.44114917759999556
0.7640000000000005 0.4270059585999919
0.7650000000000003 0.40771427149999373
0.7660000000000005 0.38713077549999136
0.7670000000000003 0.36648178099999196
0.7680000000000005 0.34547573089999156
0.7690000000000003 0.3251986312999931
0.7700000000000005 0.30702001569999154
0.7710000000000004 0.29038244249999484
0.7720000000000005 0.27555326459999535
0.7730000000000004 0.26214801789999526
0.7740000000000005 0.2505080413999957
0.7750000000000004 0.24054393769999555
0.7760000000000005 0.2312889289999966
0.7770000000000004 0.22395925519999788
0.7780000000000005 0.2172941398999983
0.7790000000000004 0.21218206409999815
0.7800000000000005 0.20780282969999847
0.7810000000000004 0.20439867019999802
0.7820000000000005 0.20160428999999785
0.7830000000000004 0.1999339675999988
0.7840000000000005 0.1989214133999972
0.7850000000000004 0.19834011079999958
0.7860000000000005 0.19870950699999926
0.7870000000000004 0.19973396300000065
0.7880000000000005 0.20120389940000183
0.7890000000000004 0.20382959370000153
0.7900000000000005 0.20662296300000307
0.7910000000000004 0.21045824050000145
0.7920000000000005 0.21510944370000365
0.7930000000000004 0.2205656624000019
0.7940000000000005 0.2268079376000033
0.7950000000000004 0.23399044040000128
0.7960000000000005 0.24144416810000568
0.7970000000000004 0.2505844307000021
0.7980000000000005 0.26009872440000603
0.7990000000000004 0.2716008949000036
0.8000000000000005 0.28407981870000726
0.8010000000000004 0.29734176640000376
0.8020000000000005 0.31254173280000774
0.8030000000000004 0.3286461639000098
0.8040000000000005 0.3480743790000079
0.8050000000000004 0.36786991120000817
0.8060000000000005 0.3896045303000135
0.8070000000000004 0.41500350950000775
0.8080000000000005 0.44033325200002316
0.8090000000000004 0.4698933029000062
0.8100000000000005 0.5001813126000119
0.8110000000000004 0.532637100200012
0.8120000000000005 0.5674389648000199
0.8130000000000004 0.6024390411000154
0.8140000000000005 0.6421779633000174
0.8150000000000004 0.6815535736000128
0.8160000000000005 0.7196148682000151
0.8170000000000004 0.7569168854000128
0.8180000000000005 0.794859390300014
0.8190000000000004 0.8295628357000019
0.8200000000000005 0.8587877655000126
0.8210000000000004 0.8830622101000104
0.8220000000000005 0.9017720795000117
0.8230000000000004 0.9147473907
0.8240000000000005 0.9202560424999979
0.8250000000000004 0.9177938079999994
0.8260000000000005 0.9112326812999882
0.8270000000000004 0.8956040191999941
0.8280000000000005 0.875846023599986
0.8290000000000004 0.8519526671999967
0.8300000000000005 0.8259951018999928
0.8310000000000004 0.7976772307999918
0.8320000000000005 0.7665254973999814
0.8330000000000004 0.7359582519999933
0.8340000000000005 0.7073534392999735
0.8350000000000004 0.67685943599999
0.8360000000000005 0.6492169188999812
0.8370000000000004 0.6224920653999877
0.8380000000000005 0.5978324508999803
0.8390000000000004 0.5732862472999821
0.8400000000000005 0.549121398899993
0.8410000000000004 0.5308476256999892
0.8420000000000005 0.5098395537999938
0.8430000000000004 0.4913637160999891
0.8440000000000005 0.4759086226999864
0.8450000000000004 0.4600127410999924
0.8460000000000005 0.44802341459998324
0.8470000000000004 0.4336757277999999
0.8480000000000005 0.42218334199999696
0.8490000000000004 0.41187648769999563
0.8500000000000005 0.40284687039999073
0.8510000000000004 0.39415557859999395
0.8520000000000005 0.3865353011999926
0.8530000000000004 0.3793289184999981
0.8540000000000005 0.3735161971999935
0.8550000000000004 0.3672611999999968
0.8560000000000005 0.36299427029999476
0.8570000000000004 0.3590345382999991
0.8580000000000005 0.3535779572000083
0.8590000000000004 0.353905296299998
0.8600000000000005 0.3508816910000004
0.8610000000000004 0.34772331239999393
0.8620000000000005 0.3468537139999942
0.8630000000000004 0.34523323060000605
0.8640000000000005 0.34797378539999385
0.8650000000000004 0.3470258712999933
0.8660000000000005 0.34714515690001907
0.8670000000000004 0.34827491759999835
0.8680000000000005 0.34743289950003114
0.8690000000000004 0.352268981900015
0.8700000000000006 0.3571305466000002
0.8710000000000004 0.356893234300013
0.8720000000000006 0.3594407271999894
0.8730000000000004 0.3633261490000225
0.8740000000000006 0.37024150849999543
0.8750000000000004 0.3720103073000006
0.8760000000000006 0.3729292297000238
0.8770000000000004 0.3863908385999642
0.8780000000000006 0.3883118438999889
0.8790000000000004 0.3936474990999978
0.8800000000000006 0.4010068129999898
0.8810000000000004 0.3998380280000277
0.8820000000000006 0.4132141494999935
0.8830000000000005 0.4166827393000472
0.8840000000000006 0.4216233063000079
0.8850000000000005 0.4332530975000086
0.8860000000000006 0.44019908910000527
0.8870000000000005 0.4531808089999868
0.8880000000000006 0.462309074399961
0.8890000000000005 0.46185459140003177
0.8900000000000006 0.4750440597999849
0.8910000000000005 0.4716762543001504
0.8920000000000006 0.4964212035999837
0.8930000000000005 0.5038388443000218
0.8940000000000006 0.509463081400044
0.8950000000000005 0.5159968185000674
0.8960000000000006 0.5387821959999649
0.8970000000000005 0.5487256621999946
0.8980000000000006 0.5553221893000068
0.8990000000000005 0.5461867905000576
0.9000000000000006 0.5515139770999999
0.9010000000000005 0.5515139770999999
0.9020000000000006 0.5515139770999999
0.9030000000000005 0.5515139770999999
0.9040000000000006 0.5515139770999999
0.9050000000000005 0.5515139770999999
0.9060000000000006 0.5515139770999999
0.9070000000000005 0.5515139770999999
0.9080000000000006 0.5515139770999999
0.9090000000000005 0.5515139770999999
0.9100000000000006 0.5515139770999999
0.9110000000000005 0.5515139770999999
0.9120000000000006 0.5515139770999999
0.9130000000000005 0.5515139770999999
0.9140000000000006 0.5515139770999999
0.9150000000000005 0.5515139770999999
0.9160000000000006 0.5515139770999999
0.9170000000000005 0.5515139770999999
0.9180000000000006 0.5515139770999999
0.9190000000000005 0.5515139770999999
0.9200000000000006 0.5515139770999999
0.9210000000000005 0.5515139770999999
0.9220000000000006 0.5515139770999999
0.9230000000000005 0.5515139770999999
0.9240000000000006 0.5515139770999999
0.9250000000000005 0.5515139770999999
0.9260000000000006 0.5515139770999999
0.9270000000000005 0.5515139770999999
0.9280000000000006 0.5515139770999999
0.9290000000000005 0.5515139770999999
0.9300000000000006 0.5515139770999999
0.9310000000000005 0.5515139770999999
0.9320000000000006 0.5515139770999999
0.9330000000000005 0.5515139770999999
0.9340000000000006 0.5515139770999999
0.9350000000000005 0.5515139770999999
0.9360000000000006 0.5515139770999999
0.9370000000000005 0.5515139770999999
0.9380000000000006 0.5515139770999999
0.9390000000000005 0.5515139770999999
0.9400000000000006 0.5515139770999999
0.9410000000000005 0.5515139770999999
0.9420000000000006 0.5515139770999999
0.9430000000000005 0.5515139770999999
0.9440000000000006 0.5515139770999999
0.9450000000000005 0.5515139770999999
0.9460000000000006 0.5515139770999999
0.9470000000000005 0.5515139770999999
0.9480000000000006 0.5515139770999999
0.9490000000000005 0.5515139770999999
0.9500000000000006 0.5515139770999999
0.9510000000000005 0.5515139770999999
0.9520000000000006 0.5515139770999999
0.9530000000000005 0.5515139770999999
0.9540000000000006 0.5515139770999999
0.9550000000000005 0.5515139770999999
0.9560000000000006 0.5515139770999999
0.9570000000000005 0.5515139770999999
0.9580000000000006 0.5515139770999999
0.9590000000000005 0.5515139770999999
0.9600000000000006 0.5515139770999999
0.9610000000000005 0.5515139770999999
0.9620000000000006 0.5515139770999999
0.9630000000000005 0.5515139770999999
0.9640000000000006 0.5515139770999999
0.9650000000000005 0.5515139770999999
0.9660000000000006 0.5515139770999999
0.9670000000000005 0.5515139770999999
0.9680000000000006 0.5515139770999999
0.9690000000000005 0.5515139770999999
0.9700000000000006 0.5515139770999999
0.9710000000000005 0.5515139770999999
0.9720000000000006 0.5515139770999999
0.9730000000000005 0.5515139770999999
0.9740000000000006 0.5515139770999999
0.9750000000000005 0.5515139770999999
0.9760000000000006 0.5515139770999999
0.9770000000000005 0.5515139770999999
0.9780000000000006 0.5515139770999999
0.9790000000000005 0.5515139770999999
0.9800000000000006 0.5515139770999999
0.9810000000000005 0.5515139770999999
0.9820000000000007 0.5515139770999999
0.9830000000000005 0.5515139770999999
0.9840000000000007 0.5515139770999999
0.9850000000000005 0.5515139770999999
0.9860000000000007 0.5515139770999999
0.9870000000000005 0.5515139770999999
0.9880000000000007 0.5515139770999999
0.9890000000000005 0.5515139770999999
0.9900000000000007 0.5515139770999999
0.9910000000000005 0.5515139770999999
0.9920000000000007 0.5515139770999999
0.9930000000000005 0.5515139770999999
0.9940000000000007 0.5515139770999999
0.9950000000000006 0.5515139770999999
0.9960000000000007 0.5515139770999999
0.9970000000000006 0.5515139770999999
0.9980000000000007 0.5515139770999999
0.9990000000000006 0.5515139770999999
