# source : "Baader S-II 676nm 8nm Narrowband #2458430"
# wavelength_unit : um
wavelength transmission
0.3 0.0
0.301 0.0
0.302 0.0
0.303 0.0
0.304 0.0
0.305 0.0
0.306 0.0
0.307 0.0
0.308 0.0
0.309 0.0
0.31 0.0
0.311 0.0
0.312 0.0
0.313 0.0
0.314 0.0
0.315 0.0
0.316 0.0
0.317 0.0
0.318 0.0
0.319 0.0
0.32 0.0
0.321 0.0
0.322 0.0
0.323 0.0
0.324 0.0
0.325 0.0
0.326 0.0
0.327 0.0
0.328 0.0
0.329 0.0
0.33 0.0
0.331 0.0
0.332 0.0
0.333 0.0
0.334 0.0
0.335 0.0
0.336 0.0
0.337 0.0
0.338 0.0
0.339 0.0
0.34 0.0
0.341 0.0
0.342 0.0
0.343 0.0
0.34400000000000003 0.0
0.34500000000000003 0.0
0.34600000000000003 0.0
0.34700000000000003 0.0
0.34800000000000003 0.0
0.34900000000000003 0.0
0.35000000000000003 0.0
0.35100000000000003 0.0
0.35200000000000004 0.0
0.35300000000000004 0.0
0.35400000000000004 0.0
0.35500000000000004 0.0
0.35600000000000004 0.0
0.35700000000000004 0.0
0.35800000000000004 0.0
0.35900000000000004 0.0
0.36000000000000004 0.0
0.36100000000000004 0.0
0.36200000000000004 0.0
0.36300000000000004 0.0
0.36400000000000005 0.0
0.36500000000000005 0.0
0.36600000000000005 0.0
0.36700000000000005 0.0
0.36800000000000005 0.0
0.36900000000000005 0.0
0.37000000000000005 0.0
0.37100000000000005 0.0
0.37200000000000005 0.0
0.37300000000000005 0.0
0.37400000000000005 0.0
0.37500000000000006 0.0
0.37600000000000006 0.0
0.37700000000000006 0.0
0.37800000000000006 0.0
0.37900000000000006 0.0
0.38000000000000006 0.0
0.38100000000000006 0.0
0.38200000000000006 0.0
0.38300000000000006 0.0
0.38400000000000006 0.0
0.38500000000000006 0.0
0.38600000000000007 0.0
0.38700000000000007 0.0
0.38800000000000007 0.0
0.38900000000000007 0.0
0.39000000000000007 0.0
0.39100000000000007 0.0
0.39200000000000007 0.0
0.39300000000000007 0.0
0.3940000000000001 0.0
0.3950000000000001 0.0
0.3960000000000001 0.0
0.3970000000000001 0.0
0.3980000000000001 0.0
0.3990000000000001 0.0
0.4000000000000001 0.0
0.4010000000000001 0.0
0.4020000000000001 0.0
0.4030000000000001 0.0
0.4040000000000001 0.0
0.4050000000000001 0.0
0.4060000000000001 0.0
0.4070000000000001 0.0
0.4080000000000001 0.0
0.4090000000000001 0.0
0.4100000000000001 0.0
0.4110000000000001 0.0
0.4120000000000001 0.0
0.4130000000000001 0.0
0.4140000000000001 0.0
0.4150000000000001 0.0
0.4160000000000001 0.0
0.4170000000000001 0.0
0.4180000000000001 0.0
0.4190000000000001 0.0
0.4200000000000001 0.0
0.4210000000000001 0.0
0.4220000000000001 0.0
0.4230000000000001 0.0
0.4240000000000001 0.0
0.4250000000000001 0.0
0.4260000000000001 0.0
0.4270000000000001 0.0
0.4280000000000001 0.0
0.4290000000000001 0.0
0.4300000000000001 0.0
0.4310000000000001 0.0
0.4320000000000001 0.0
0.4330000000000001 0.0
0.4340000000000001 0.0
0.4350000000000001 0.0
0.4360000000000001 0.0
0.4370000000000001 0.0
0.4380000000000001 0.0
0.4390000000000001 0.0
0.4400000000000001 0.0
0.4410000000000001 0.0
0.4420000000000001 0.0
0.4430000000000001 0.0
0.4440000000000001 0.0
0.4450000000000001 0.0
0.4460000000000001 0.0
0.4470000000000001 0.0
0.4480000000000001 0.0
0.4490000000000001 0.0
0.4500000000000001 0.0
0.4510000000000001 0.0
0.4520000000000001 0.0
0.4530000000000001 0.0
0.4540000000000001 0.0
0.4550000000000001 0.0
0.4560000000000001 0.0
0.45700000000000013 0.0
0.45800000000000013 0.0
0.45900000000000013 0.0
0.46000000000000013 0.0
0.46100000000000013 0.0
0.46200000000000013 0.0
0.46300000000000013 0.0
0.46400000000000013 0.0
0.46500000000000014 0.0
0.46600000000000014 0.0
0.46700000000000014 0.0
0.46800000000000014 0.0
0.46900000000000014 0.0
0.47000000000000014 0.0
0.47100000000000014 0.0
0.47200000000000014 0.0
0.47300000000000014 0.0
0.47400000000000014 0.0
0.47500000000000014 0.0
0.47600000000000015 0.0
0.47700000000000015 0.0
0.47800000000000015 0.0
0.47900000000000015 0.0
0.48000000000000015 0.0
0.48100000000000015 0.0
0.48200000000000015 0.0
0.48300000000000015 0.0
0.48400000000000015 0.0
0.48500000000000015 0.0
0.48600000000000015 0.0
0.48700000000000015 0.0
0.48800000000000016 0.0
0.48900000000000016 0.0
0.49000000000000016 0.0
0.49100000000000016 0.0
0.49200000000000016 0.0
0.49300000000000016 0.0
0.49400000000000016 0.0
0.49500000000000016 0.0
0.49600000000000016 0.0
0.49700000000000016 0.0
0.49800000000000016 0.0
0.49900000000000017 0.0
0.5000000000000002 0.0
0.5010000000000001 0.0
0.5020000000000002 0.0
0.5030000000000001 0.0
0.5040000000000002 0.0
0.5050000000000001 0.0
0.5060000000000002 0.0
0.5070000000000001 0.0
0.5080000000000002 0.0
0.5090000000000001 0.0
0.5100000000000002 0.0
0.5110000000000001 0.0
0.5120000000000002 0.0
0.5130000000000001 0.0
0.5140000000000002 0.0
0.5150000000000001 0.0
0.5160000000000002 0.0
0.5170000000000001 0.0
0.5180000000000002 0.0
0.5190000000000001 0.0
0.5200000000000002 1.1169097850000815e-05
0.5210000000000001 1.5350078470000832e-05
0.5220000000000002 2.1246587860000942e-05
0.5230000000000001 2.854092279000096e-05
0.5240000000000002 3.686377313000278e-05
0.5250000000000001 4.5859892850000886e-05
0.5260000000000002 5.3511708970003124e-05
0.5270000000000001 6.223402917000108e-05
0.5280000000000002 7.035384420000035e-05
0.5290000000000001 7.931763306000066e-05
0.5300000000000002 9.017678909000295e-05
0.5310000000000001 0.00010269535710000167
0.5320000000000003 0.00011474265720000195
0.5330000000000001 0.00011862842369999924
0.5340000000000003 0.00010973487979999599
0.5350000000000001 9.056355803999688e-05
0.5360000000000003 6.703539750999527e-05
0.5370000000000001 4.8669856039998576e-05
0.5380000000000003 3.491863840999688e-05
0.5390000000000001 2.492694416999921e-05
0.5400000000000003 1.8641571509998245e-05
0.5410000000000001 1.3672625649999232e-05
0.5420000000000003 0.0
0.5430000000000001 0.0
0.5440000000000003 0.0
0.5450000000000002 0.0
0.5460000000000003 0.0
0.5470000000000002 0.0
0.5480000000000003 0.0
0.5490000000000002 0.0
0.5500000000000003 0.0
0.5510000000000002 0.0
0.5520000000000003 0.0
0.5530000000000002 0.0
0.5540000000000003 0.0
0.5550000000000002 0.0
0.5560000000000003 0.0
0.5570000000000002 1.0266914030000616e-05
0.5580000000000003 1.8463641170003005e-05
0.5590000000000002 3.669468686000197e-05
0.5600000000000003 5.5558159950003145e-05
0.5610000000000002 5.439167376999825e-05
0.5620000000000003 3.378217573999448e-05
0.5630000000000002 1.5910243379998936e-05
0.5640000000000003 0.0
0.5650000000000002 0.0
0.5660000000000003 0.0
0.5670000000000002 0.0
0.5680000000000003 1.264132094000183e-05
0.5690000000000002 2.2711819040000667e-05
0.5700000000000003 2.6144657749997123e-05
0.5710000000000002 1.5362666449998523e-05
0.5720000000000003 0.0
0.5730000000000002 0.0
0.5740000000000003 0.0
0.5750000000000002 0.0
0.5760000000000003 0.0
0.5770000000000002 0.0
0.5780000000000003 0.0
0.5790000000000002 0.0
0.5800000000000003 0.0
0.5810000000000002 0.0
0.5820000000000003 0.0
0.5830000000000002 0.0
0.5840000000000003 0.0
0.5850000000000002 0.0
0.5860000000000003 0.0
0.5870000000000002 0.0
0.5880000000000003 0.0
0.5890000000000002 0.0
0.5900000000000003 0.0
0.5910000000000002 0.0
0.5920000000000003 0.0
0.5930000000000002 0.0
0.5940000000000003 0.0
0.5950000000000002 0.0
0.5960000000000003 0.0
0.5970000000000002 0.0
0.5980000000000003 0.0
0.5990000000000002 0.0
0.6000000000000003 0.0
0.6010000000000002 0.0
0.6020000000000003 0.0
0.6030000000000002 0.0
0.6040000000000003 0.0
0.6050000000000002 0.0
0.6060000000000003 0.0
0.6070000000000002 0.0
0.6080000000000003 0.0
0.6090000000000002 0.0
0.6100000000000003 0.0
0.6110000000000002 0.0
0.6120000000000003 0.0
0.6130000000000002 0.0
0.6140000000000003 0.0
0.6150000000000002 0.0
0.6160000000000003 0.0
0.6170000000000002 0.0
0.6180000000000003 0.0
0.6190000000000002 0.0
0.6200000000000003 0.0
0.6210000000000002 0.0
0.6220000000000003 0.0
0.6230000000000002 0.0
0.6240000000000003 0.0
0.6250000000000002 0.0
0.6260000000000003 0.0
0.6270000000000002 0.0
0.6280000000000003 0.0
0.6290000000000002 0.0
0.6300000000000003 0.0
0.6310000000000002 0.0
0.6320000000000003 0.0
0.6330000000000002 0.0
0.6340000000000003 0.0
0.6350000000000002 0.0
0.6360000000000003 0.0
0.6370000000000002 0.0
0.6380000000000003 1.0718465780001565e-05
0.6390000000000002 1.2477971610000312e-05
0.6400000000000003 1.3798801230000794e-05
0.6410000000000002 1.6243831490000913e-05
0.6420000000000003 1.8953976690000973e-05
0.6430000000000002 2.2117551420000995e-05
0.6440000000000003 2.6036025960001573e-05
0.6450000000000002 3.114069579000098e-05
0.6460000000000004 3.699478228000336e-05
0.6470000000000002 4.4761551540001394e-05
0.6480000000000004 5.414695479000562e-05
0.6490000000000002 6.745859049000354e-05
0.6500000000000004 8.448934183000543e-05
0.6510000000000002 0.00010652510450000567
0.6520000000000004 0.00013622475790001095
0.6530000000000002 0.00017686363310001027
0.6540000000000004 0.00023277951400002146
0.6550000000000002 0.00030969677490002054
0.6560000000000004 0.00041899222880004876
0.6570000000000003 0.0005818710104000413
0.6580000000000004 0.0008153355867001007
0.6590000000000003 0.0011705736070001004
0.6600000000000004 0.0017259699110002396
0.6610000000000003 0.0026090586190002673
0.6620000000000004 0.004069882035000629
0.6630000000000003 0.00653561413300075
0.6640000000000004 0.010953257080001947
0.6650000000000003 0.018925732370002495
0.6660000000000004 0.0336695098900072
0.6670000000000003 0.06116360188000827
0.6680000000000004 0.11220124240002267
0.6690000000000003 0.19754472730002423
0.6700000000000004 0.32025070190004623
0.6710000000000003 0.464769287100033
0.6720000000000004 0.6067199707000438
0.6730000000000003 0.724510574300022
0.6740000000000004 0.815663452100027
0.6750000000000003 0.8797425079000113
0.6760000000000004 0.8856944274999816
0.6770000000000003 0.785422058099965
0.6780000000000004 0.5884165954999243
0.6790000000000003 0.36762241359995623
0.6800000000000004 0.20055440899995883
0.6810000000000003 0.10453207019998571
0.6820000000000004 0.05542894362998829
0.6830000000000003 0.030349140169996458
0.6840000000000004 0.017468684909997086
0.6850000000000003 0.010526239869998916
0.6860000000000004 0.006663089394999068
0.6870000000000003 0.004353726803999619
0.6880000000000004 0.002936738132999628
0.6890000000000003 0.002039896547999837
0.6900000000000004 0.0014542706309998408
0.6910000000000003 0.0010591271519999267
0.6920000000000004 0.0007857085763999266
0.6930000000000003 0.0005939903109999611
0.6940000000000004 0.00045724455269996017
0.6950000000000003 0.00035736367109998036
0.6960000000000004 0.00028185365719998344
0.6970000000000003 0.00022618271409999017
0.6980000000000004 0.00018457233909998413
0.6990000000000003 0.00015065495859999692
0.7000000000000004 0.00012599298729999145
0.7010000000000003 0.00010560887869999542
0.7020000000000004 8.95239971599939e-05
0.7030000000000003 7.634450681999831e-05
0.7040000000000004 6.541465874999738e-05
0.7050000000000003 5.657303146999701e-05
0.7060000000000004 4.918725694999766e-05
0.7070000000000003 4.3258909139998254e-05
0.7080000000000004 3.870245534999669e-05
0.7090000000000003 3.481503109999634e-05
0.7100000000000004 3.111297264999785e-05
0.7110000000000003 2.7418364769999837e-05
0.7120000000000004 2.466203644999932e-05
0.7130000000000003 2.282049972999918e-05
0.7140000000000004 2.0508170130000963e-05
0.7150000000000003 1.9426408689998053e-05
0.7160000000000004 1.774942967999789e-05
0.7170000000000003 1.6627976439996565e-05
0.7180000000000004 1.4849313300000492e-05
0.7190000000000003 1.397143700000161e-05
0.7200000000000004 1.2916452250001508e-05
0.7210000000000003 1.2540339959999627e-05
0.7220000000000004 1.1828817659999774e-05
0.7230000000000003 1.0943326629999481e-05
0.7240000000000004 1.0817117289999006e-05
0.7250000000000003 1.0020071640000627e-05
0.7260000000000004 1.0082819500000394e-05
0.7270000000000003 0.0
0.7280000000000004 0.0
0.7290000000000003 0.0
0.7300000000000004 0.0
0.7310000000000003 0.0
0.7320000000000004 0.0
0.7330000000000003 0.0
0.7340000000000004 0.0
0.7350000000000003 0.0
0.7360000000000004 0.0
0.7370000000000003 0.0
0.7380000000000004 0.0
0.7390000000000003 0.0
0.7400000000000004 0.0
0.7410000000000003 0.0
0.7420000000000004 0.0
0.7430000000000003 0.0
0.7440000000000004 0.0
0.7450000000000003 0.0
0.7460000000000004 0.0
0.7470000000000003 0.0
0.7480000000000004 0.0
0.7490000000000003 0.0
0.7500000000000004 0.0
0.7510000000000003 0.0
0.7520000000000004 0.0
0.7530000000000003 0.0
0.7540000000000004 0.0
0.7550000000000003 0.0
0.7560000000000004 4.517603046317437e-17
0.7570000000000003 1.0340667799965551e-05
0.7580000000000005 1.0091799779955173e-05
0.7590000000000003 1.0138386859966225e-05
0.7600000000000005 1.07613799600011e-05
0.7610000000000003 1.218943391000128e-05
0.7620000000000005 1.3410151000000485e-05
0.7630000000000003 1.4916039070002141e-05
0.7640000000000005 1.641852431999922e-05
0.7650000000000003 1.7221969320003586e-05
0.7660000000000005 1.820918755000012e-05
0.7670000000000003 1.811618334999952e-05
0.7680000000000005 1.7097587700000775e-05
0.7690000000000003 1.6783025349999554e-05
0.7700000000000005 1.5266566770001732e-05
0.7710000000000004 1.4862103850001218e-05
0.7720000000000005 1.4060473769999248e-05
0.7730000000000004 1.335456268999963e-05
0.7740000000000005 1.2096044370003566e-05
0.7750000000000004 1.1946596210000907e-05
0.7760000000000005 1.1318174660000448e-05
0.7770000000000004 1.0151305470002744e-05
0.7780000000000005 1.0758307759998463e-05
0.7790000000000004 1.0012224079966645e-05
0.7800000000000005 4.4841685199530765e-17
0.7810000000000004 0.0
0.7820000000000005 0.0
0.7830000000000004 0.0
0.7840000000000005 0.0
0.7850000000000004 0.0
0.7860000000000005 4.4593816945376005e-17
0.7870000000000004 3.524904619574669e-17
0.7880000000000005 1.084951916999864e-05
0.7890000000000004 1.142433612000082e-05
0.7900000000000005 1.216818928000523e-05
0.7910000000000004 1.3551494339999773e-05
0.7920000000000005 1.54403410899985e-05
0.7930000000000004 1.7189782810001256e-05
0.7940000000000005 1.895210356000102e-05
0.7950000000000004 2.1111057140001543e-05
0.7960000000000005 2.503202297000164e-05
0.7970000000000004 3.0131211969998686e-05
0.7980000000000005 3.65521735499998e-05
0.7990000000000004 4.433204420000449e-05
0.8000000000000005 5.444624927000248e-05
0.8010000000000004 6.96535594800085e-05
0.8020000000000005 8.911932819000353e-05
0.8030000000000004 0.00011538879950001346
0.8040000000000005 0.00015271067620002443
0.8050000000000004 0.00020779123530000705
0.8060000000000005 0.00028137236830001847
0.8070000000000004 0.0003753679246000354
0.8080000000000005 0.0005080414191000708
0.8090000000000004 0.0006652893126000757
0.8100000000000005 0.0008520317823000908
0.8110000000000004 0.0010306990150000489
0.8120000000000005 0.0011870899800000211
0.8130000000000004 0.0012930710610000542
0.8140000000000005 0.0013696660099999807
0.8150000000000004 0.001382985412999997
0.8160000000000005 0.0013740105930000115
0.8170000000000004 0.0013329000769999792
0.8180000000000005 0.001275224835000001
0.8190000000000004 0.001213305070999966
0.8200000000000005 0.0011291244629999956
0.8210000000000004 0.0010607933249999943
0.8220000000000005 0.000998120978499997
0.8230000000000004 0.0009380085020999916
0.8240000000000005 0.0008868309854999723
0.8250000000000004 0.0008392033725999984
0.8260000000000005 0.0008075542002999591
0.8270000000000004 0.000776662826499989
0.8280000000000005 0.0007461827247999882
0.8290000000000004 0.0007269769161999838
0.8300000000000005 0.0007032778859000343
0.8310000000000004 0.0006927135587000007
0.8320000000000005 0.0006809953600000161
0.8330000000000004 0.0006774426996999578
0.8340000000000005 0.0006609560549000033
0.8350000000000004 0.0006568574160000031
0.8360000000000005 0.0006519309431000086
0.8370000000000004 0.0006516063212999834
0.8380000000000005 0.0006416902691000028
0.8390000000000004 0.000642161965399993
0.8400000000000005 0.0006385498493999759
0.8410000000000004 0.0006335986406000416
0.8420000000000005 0.0006381999701000375
0.8430000000000004 0.0006410817056999449
0.8440000000000005 0.0006352756916999794
0.8450000000000004 0.0006422980129999278
0.8460000000000005 0.0006338308007000254
0.8470000000000004 0.0006347164511999919
0.8480000000000005 0.0006387829781000193
0.8490000000000004 0.0006493168323999991
0.8500000000000005 0.0006415197252999874
0.8510000000000004 0.0006537067890000371
0.8520000000000005 0.0006701511144999297
0.8530000000000004 0.0006709435582000273
0.8540000000000005 0.0006823512166999475
0.8550000000000004 0.000690358057600026
0.8560000000000005 0.0007012479006998891
0.8570000000000004 0.0006767499447000143
0.8580000000000005 0.0006734951585998932
0.8590000000000004 0.0006407944858000927
0.8600000000000005 0.0006458122283000145
0.8610000000000004 0.0006088301911999941
0.8620000000000005 0.000595084577800069
0.8630000000000004 0.0005508949234999966
0.8640000000000005 0.0005370220168999133
0.8650000000000004 0.0005093349515999463
0.8660000000000005 0.0004865337535998417
0.8670000000000004 0.0004542766138999231
0.8680000000000005 0.0004191496968000177
0.8690000000000004 0.0004041851311999465
0.8700000000000006 0.0003832725807999988
0.8710000000000004 0.00039779294279982075
0.8720000000000006 0.0003553995490000124
0.8730000000000004 0.00036655291909984676
0.8740000000000006 0.0003398562223000486
0.8750000000000004 0.00032916672530005795
0.8760000000000006 0.00034845974299991026
0.8770000000000004 0.0003421022742999203
0.8780000000000006 0.0003318106011000144
0.8790000000000004 0.00032537911089999133
0.8800000000000006 0.0003455488011000091
0.8810000000000004 0.0003891973569999169
0.8820000000000006 0.0003667173162001169
0.8830000000000005 0.00037244934590021164
0.8840000000000006 0.00040336869659983693
0.8850000000000005 0.0004475238918998551
0.8860000000000006 0.0004801705851998561
0.8870000000000005 0.00048609793190010093
0.8880000000000006 0.0005569267644996967
0.8890000000000005 0.0005530139430999746
0.8900000000000006 0.000588421076499945
0.8910000000000005 0.0006326669455002602
0.8920000000000006 0.0006670645624002407
0.8930000000000005 0.0008137942850998993
0.8940000000000006 0.0008694225549999736
0.8950000000000005 0.0009423189609998023
0.8960000000000006 0.0009478635340997816
0.8970000000000005 0.0010490400339997867
0.8980000000000006 0.0011177940670002897
0.8990000000000005 0.0010589286680003397
0.9000000000000006 0.0011138568070000001
0.9010000000000005 0.0011138568070000001
0.9020000000000006 0.0011138568070000001
0.9030000000000005 0.0011138568070000001
0.9040000000000006 0.0011138568070000001
0.9050000000000005 0.0011138568070000001
0.9060000000000006 0.0011138568070000001
0.9070000000000005 0.0011138568070000001
0.9080000000000006 0.0011138568070000001
0.9090000000000005 0.0011138568070000001
0.9100000000000006 0.0011138568070000001
0.9110000000000005 0.0011138568070000001
0.9120000000000006 0.0011138568070000001
0.9130000000000005 0.0011138568070000001
0.9140000000000006 0.0011138568070000001
0.9150000000000005 0.0011138568070000001
0.9160000000000006 0.0011138568070000001
0.9170000000000005 0.0011138568070000001
0.9180000000000006 0.0011138568070000001
0.9190000000000005 0.0011138568070000001
0.9200000000000006 0.0011138568070000001
0.9210000000000005 0.0011138568070000001
0.9220000000000006 0.0011138568070000001
0.9230000000000005 0.0011138568070000001
0.9240000000000006 0.0011138568070000001
0.9250000000000005 0.0011138568070000001
0.9260000000000006 0.0011138568070000001
0.9270000000000005 0.0011138568070000001
0.9280000000000006 0.0011138568070000001
0.9290000000000005 0.0011138568070000001
0.9300000000000006 0.0011138568070000001
0.9310000000000005 0.0011138568070000001
0.9320000000000006 0.0011138568070000001
0.9330000000000005 0.0011138568070000001
0.9340000000000006 0.0011138568070000001
0.9350000000000005 0.0011138568070000001
0.9360000000000006 0.0011138568070000001
0.9370000000000005 0.0011138568070000001
0.9380000000000006 0.0011138568070000001
0.9390000000000005 0.0011138568070000001
0.9400000000000006 0.0011138568070000001
0.9410000000000005 0.0011138568070000001
0.9420000000000006 0.0011138568070000001
0.9430000000000005 0.0011138568070000001
0.9440000000000006 0.0011138568070000001
0.9450000000000005 0.0011138568070000001
0.9460000000000006 0.0011138568070000001
0.9470000000000005 0.0011138568070000001
0.9480000000000006 0.0011138568070000001
0.9490000000000005 0.0011138568070000001
0.9500000000000006 0.0011138568070000001
0.9510000000000005 0.0011138568070000001
0.9520000000000006 0.0011138568070000001
0.9530000000000005 0.0011138568070000001
0.9540000000000006 0.0011138568070000001
0.9550000000000005 0.0011138568070000001
0.9560000000000006 0.0011138568070000001
0.9570000000000005 0.0011138568070000001
0.9580000000000006 0.0011138568070000001
0.9590000000000005 0.0011138568070000001
0.9600000000000006 0.0011138568070000001
0.9610000000000005 0.0011138568070000001
0.9620000000000006 0.0011138568070000001
0.9630000000000005 0.0011138568070000001
0.9640000000000006 0.0011138568070000001
0.9650000000000005 0.0011138568070000001
0.9660000000000006 0.0011138568070000001
0.9670000000000005 0.0011138568070000001
0.9680000000000006 0.0011138568070000001
0.9690000000000005 0.0011138568070000001
0.9700000000000006 0.0011138568070000001
0.9710000000000005 0.0011138568070000001
0.9720000000000006 0.0011138568070000001
0.9730000000000005 0.0011138568070000001
0.9740000000000006 0.0011138568070000001
0.9750000000000005 0.0011138568070000001
0.9760000000000006 0.0011138568070000001
0.9770000000000005 0.0011138568070000001
0.9780000000000006 0.0011138568070000001
0.9790000000000005 0.0011138568070000001
0.9800000000000006 0.0011138568070000001
0.9810000000000005 0.0011138568070000001
0.9820000000000007 0.0011138568070000001
0.9830000000000005 0.0011138568070000001
0.9840000000000007 0.0011138568070000001
0.9850000000000005 0.0011138568070000001
0.9860000000000007 0.0011138568070000001
0.9870000000000005 0.0011138568070000001
0.9880000000000007 0.0011138568070000001
0.9890000000000005 0.0011138568070000001
0.9900000000000007 0.0011138568070000001
0.9910000000000005 0.0011138568070000001
0.9920000000000007 0.0011138568070000001
0.9930000000000005 0.0011138568070000001
0.9940000000000007 0.0011138568070000001
0.9950000000000006 0.0011138568070000001
0.9960000000000007 0.0011138568070000001
0.9970000000000006 0.0011138568070000001
0.9980000000000007 0.0011138568070000001
0.9990000000000006 0.0011138568070000001
