# source : "Baader H-beta 486.1nm Narrowband #2458425"
# wavelength_unit : um
wavelength transmission
0.3 0.0
0.301 0.0
0.302 0.0
0.303 0.0
0.304 0.0
0.305 0.0
0.306 0.0
0.307 0.0
0.308 0.0
0.309 0.0
0.31 0.0
0.311 0.0
0.312 0.0
0.313 0.0
0.314 0.0
0.315 0.0
0.316 0.0
0.317 0.0
0.318 0.0
0.319 0.0
0.32 0.0
0.321 0.0
0.322 0.0
0.323 0.0
0.324 0.0
0.325 0.0
0.326 0.0
0.327 0.0
0.328 0.0
0.329 0.0
0.33 0.0
0.331 0.0
0.332 0.0
0.333 0.0
0.334 0.0
0.335 0.0
0.336 0.0
0.337 0.0
0.338 0.0
0.339 0.0
0.34 0.0
0.341 0.0
0.342 0.0
0.343 0.0
0.34400000000000003 0.0
0.34500000000000003 0.0
0.34600000000000003 0.0
0.34700000000000003 0.0
0.34800000000000003 0.0
0.34900000000000003 0.0
0.35000000000000003 0.0
0.35100000000000003 0.0
0.35200000000000004 0.0
0.35300000000000004 1.4182499139999832e-05
0.35400000000000004 2.1228587720001207e-05
0.35500000000000004 3.5271169620001836e-05
0.35600000000000004 6.521627307000325e-05
0.35700000000000004 0.00013822573240000716
0.35800000000000004 0.00033916193990001745
0.35900000000000004 0.000727413594700023
0.36000000000000004 0.0010566727820000045
0.36100000000000004 0.000956469848799977
0.36200000000000004 0.0005572311952999791
0.36300000000000004 0.00024869723249998946
0.36400000000000005 0.00011885227639999666
0.36500000000000005 7.938845082999864e-05
0.36600000000000005 7.142058108000083e-05
0.36700000000000005 7.816458121000117e-05
0.36800000000000005 8.497777395000017e-05
0.36900000000000005 8.205621502999883e-05
0.37000000000000005 7.267494219999977e-05
0.37100000000000005 7.250895724000085e-05
0.37200000000000005 9.22611076400014e-05
0.37300000000000005 0.0001308694202000025
0.37400000000000005 0.00017035666850000026
0.37500000000000006 0.0001759194209999998
0.37600000000000006 0.00015652149919999928
0.37700000000000006 0.00014424619260000084
0.37800000000000006 0.00016229754310000246
0.37900000000000006 0.00019385615360000027
0.38000000000000006 0.00017762936649999689
0.38100000000000006 0.00011291583999999613
0.38200000000000006 5.768658592999823e-05
0.38300000000000006 3.619316732999917e-05
0.38400000000000006 3.551024478000111e-05
0.38500000000000006 7.498854306000606e-05
0.38600000000000007 0.00025863563640001234
0.38700000000000007 0.0004318023846000037
0.38800000000000007 0.0003134645148999884
0.38900000000000007 0.00010694844649999038
0.39000000000000007 2.6364419609998807e-05
0.39100000000000007 1.5583664639999612e-05
0.39200000000000007 1.3151728780000059e-05
0.39300000000000007 1.439061947000016e-05
0.3940000000000001 1.9791307860000473e-05
0.3950000000000001 3.775731195000161e-05
0.3960000000000001 0.00013026569040001305
0.3970000000000001 0.0005293301493000294
0.3980000000000001 0.0009706032276000134
0.3990000000000001 0.0008478940277999783
0.4000000000000001 0.0004230025410999797
0.4010000000000001 0.00021585395559999685
0.4020000000000001 0.00021635999900000304
0.4030000000000001 0.0002863864042000033
0.4040000000000001 0.00030467359349999675
0.4050000000000001 0.00019687231629999087
0.4060000000000001 7.070958148999491e-05
0.4070000000000001 1.732105970999861e-05
0.4080000000000001 0.0
0.4090000000000001 0.0
0.4100000000000001 0.0
0.4110000000000001 0.0
0.4120000000000001 0.0
0.4130000000000001 0.0
0.4140000000000001 0.0
0.4150000000000001 0.0
0.4160000000000001 0.0
0.4170000000000001 0.0
0.4180000000000001 0.0
0.4190000000000001 1.1697325089832067e-17
0.4200000000000001 4.448200110000574e-05
0.4210000000000001 9.511948563000452e-05
0.4220000000000001 9.585036895999682e-05
0.4230000000000001 5.189050454999519e-05
0.4240000000000001 2.3361644709999246e-05
0.4250000000000001 2.174070570999983e-05
0.4260000000000001 2.8184591790001416e-05
0.4270000000000001 4.670525435000348e-05
0.4280000000000001 7.982816547000438e-05
0.4290000000000001 0.00011499268930000286
0.4300000000000001 0.0001283770240999993
0.4310000000000001 0.00011803915719999837
0.4320000000000001 0.00010216623539999851
0.4330000000000001 9.153102524999827e-05
0.4340000000000001 8.31193849400001e-05
0.4350000000000001 7.653887383999997e-05
0.4360000000000001 7.037611212999964e-05
0.4370000000000001 6.664335728e-05
0.4380000000000001 6.601946893999914e-05
0.4390000000000001 6.807375234000083e-05
0.4400000000000001 7.351653650000017e-05
0.4410000000000001 7.798570673999967e-05
0.4420000000000001 7.97714665500002e-05
0.4430000000000001 7.649200502999983e-05
0.4440000000000001 7.122071925999946e-05
0.4450000000000001 6.605238187999899e-05
0.4460000000000001 6.134985014999958e-05
0.4470000000000001 6.063283886999975e-05
0.4480000000000001 6.249534432000011e-05
0.4490000000000001 6.69907685400007e-05
0.4500000000000001 7.482505403000186e-05
0.4510000000000001 8.521740325000154e-05
0.4520000000000001 9.77544020900021e-05
0.4530000000000001 0.00011191943660000137
0.4540000000000001 0.00012771287930000077
0.4550000000000001 0.00014279104770000177
0.4560000000000001 0.000158615298600002
0.45700000000000013 0.00017636226490000124
0.45800000000000013 0.00019649909810000153
0.45900000000000013 0.00021767688920000175
0.46000000000000013 0.00024194853380000232
0.46100000000000013 0.0002720869891000005
0.46200000000000013 0.00030582459640000496
0.46300000000000013 0.00034756604580000566
0.46400000000000013 0.00039818514140000706
0.46500000000000014 0.0004612084478000074
0.46600000000000014 0.0005405795947000103
0.46700000000000014 0.0006414644420000117
0.46800000000000014 0.0007662314177000139
0.46900000000000014 0.000927824825000023
0.47000000000000014 0.0011395387350000277
0.47100000000000014 0.0014167258140000375
0.47200000000000014 0.0017905789610000488
0.47300000000000014 0.0023115190860000675
0.47400000000000014 0.0030319526790000967
0.47500000000000014 0.004060202837000152
0.47600000000000015 0.005605949759000196
0.47700000000000015 0.007960633636000327
0.47800000000000015 0.011725624800000561
0.47900000000000015 0.018018273120000997
0.48000000000000015 0.029140706060002554
0.48100000000000015 0.050232400890005004
0.48200000000000015 0.0918987464900098
0.48300000000000015 0.1741780472000204
0.48400000000000015 0.32505382540003047
0.48500000000000015 0.5310815048000351
0.48600000000000015 0.7030962372000206
0.48700000000000015 0.7685578918000026
0.48800000000000016 0.7506721496999949
0.48900000000000016 0.7115451049999931
0.49000000000000016 0.6632249450999902
0.49100000000000016 0.5757125091999796
0.49200000000000016 0.4376799773999759
0.49300000000000016 0.2897923278999773
0.49400000000000016 0.17502975459998488
0.49500000000000016 0.10365542409999123
0.49600000000000016 0.06257638453999521
0.49700000000000016 0.0395549201999971
0.49800000000000016 0.02617084502999835
0.49900000000000017 0.018154565099998916
0.5000000000000002 0.012962660789999182
0.5010000000000001 0.009571756123999712
0.5020000000000002 0.007296854853999577
0.5030000000000001 0.005702766179999853
0.5040000000000002 0.004542203247999784
0.5050000000000001 0.003688507079999925
0.5060000000000002 0.0030536201599998757
0.5070000000000001 0.0025586798789999535
0.5080000000000002 0.0021700772639999277
0.5090000000000001 0.0018660935759999696
0.5100000000000002 0.0016120259459999503
0.5110000000000001 0.0014124052229999807
0.5120000000000002 0.001244214251999967
0.5130000000000001 0.001106812878999988
0.5140000000000002 0.0009959664940999789
0.5150000000000001 0.0009021217375999908
0.5160000000000002 0.0008215478062999893
0.5170000000000001 0.0007583194225999912
0.5180000000000002 0.0007009995728999855
0.5190000000000001 0.0006498792767999961
0.5200000000000002 0.0006044238805999876
0.5210000000000001 0.0005598465725999945
0.5220000000000002 0.0005172010883999883
0.5230000000000001 0.00047446358949999645
0.5240000000000002 0.0004325779899999926
0.5250000000000001 0.00039536479859999466
0.5260000000000002 0.0003586656599999934
0.5270000000000001 0.00032844413069999694
0.5280000000000002 0.0003029364533999944
0.5290000000000001 0.00028267074379999843
0.5300000000000002 0.00026798119769999774
0.5310000000000001 0.00025805210689999964
0.5320000000000003 0.00025300646199999827
0.5330000000000001 0.0002506531961000001
0.5340000000000003 0.0002514442055999984
0.5350000000000001 0.0002533361501999991
0.5360000000000003 0.00025337671859999806
0.5370000000000001 0.0002532008476999997
0.5380000000000003 0.0002498601935999942
0.5390000000000001 0.00024304492399999865
0.5400000000000003 0.0002375269680999991
0.5410000000000001 0.00023262772710000006
0.5420000000000003 0.00023304643110000126
0.5430000000000001 0.00023965135219999978
0.5440000000000003 0.00025280416010000636
0.5450000000000002 0.0002786183544000027
0.5460000000000003 0.0003137940168000101
0.5470000000000002 0.00035134337840000344
0.5480000000000003 0.0003698747232999994
0.5490000000000002 0.0003505915402999934
0.5500000000000003 0.00028874553739998516
0.5510000000000002 0.0002136946655999918
0.5520000000000003 0.00014791014599998745
0.5530000000000002 0.00010247706439999612
0.5540000000000003 7.249070796999386e-05
0.5550000000000002 5.380470305999843e-05
0.5560000000000003 4.08124923699993e-05
0.5570000000000002 3.3956265539998686e-05
0.5580000000000003 2.8516261369999238e-05
0.5590000000000002 2.4809821039999852e-05
0.5600000000000003 2.2633555349999607e-05
0.5610000000000002 2.1214999719999764e-05
0.5620000000000003 2.0238966679999894e-05
0.5630000000000002 1.997648273000023e-05
0.5640000000000003 2.067244378999923e-05
0.5650000000000002 2.063363791000069e-05
0.5660000000000003 2.1599053870000967e-05
0.5670000000000002 2.2554870229999997e-05
0.5680000000000003 2.321374369999857e-05
0.5690000000000002 2.3111691699999747e-05
0.5700000000000003 2.317004603999825e-05
0.5710000000000002 2.2204439159999947e-05
0.5720000000000003 2.1097010469999537e-05
0.5730000000000002 1.9639586100000116e-05
0.5740000000000003 1.831522211000045e-05
0.5750000000000002 1.6539228380000514e-05
0.5760000000000003 1.5930453080001544e-05
0.5770000000000002 1.5646687240000004e-05
0.5780000000000003 1.5680538490000473e-05
0.5790000000000002 1.6048712420000667e-05
0.5800000000000003 1.6821890599999805e-05
0.5810000000000002 1.8178563330000832e-05
0.5820000000000003 2.025760943000021e-05
0.5830000000000002 2.3684552870001447e-05
0.5840000000000003 2.8597610070002092e-05
0.5850000000000002 3.6853384230001813e-05
0.5860000000000003 4.913606681000524e-05
0.5870000000000002 6.93689286700061e-05
0.5880000000000003 9.957325645001406e-05
0.5890000000000002 0.00013951119040001017
0.5900000000000003 0.00017355797810000826
0.5910000000000002 0.00018028836699999633
0.5920000000000003 0.00015689333899998647
0.5930000000000002 0.00012095637619998941
0.5940000000000003 8.838023058999274e-05
0.5950000000000002 6.69624656399963e-05
0.5960000000000003 5.225661675999636e-05
0.5970000000000002 4.261793102999836e-05
0.5980000000000003 3.567774082000019e-05
0.5990000000000002 3.169481409999864e-05
0.6000000000000003 2.8251931069999173e-05
0.6010000000000002 2.5609049479999245e-05
0.6020000000000003 2.389490603999964e-05
0.6030000000000002 2.1864573940000038e-05
0.6040000000000003 2.0259264859999405e-05
0.6050000000000002 1.921379822000081e-05
0.6060000000000003 1.8213491419998735e-05
0.6070000000000002 1.695795566999951e-05
0.6080000000000003 1.590021536999986e-05
0.6090000000000002 1.5134563439999734e-05
0.6100000000000003 1.4186380430000106e-05
0.6110000000000002 1.3104272070000515e-05
0.6120000000000003 1.2684297979999852e-05
0.6130000000000002 1.2109149250000156e-05
0.6140000000000003 1.1696714210000546e-05
0.6150000000000002 1.164949033000022e-05
0.6160000000000003 1.1638408759999958e-05
0.6170000000000002 1.1433607430000046e-05
0.6180000000000003 1.1602417800000683e-05
0.6190000000000002 1.2309753800000067e-05
0.6200000000000003 1.2938990259999948e-05
0.6210000000000002 1.3465746309999886e-05
0.6220000000000003 1.4372039590001308e-05
0.6230000000000002 1.544884988000031e-05
0.6240000000000003 1.7514413919999416e-05
0.6250000000000002 1.8994394920000745e-05
0.6260000000000003 2.1609871180000083e-05
0.6270000000000002 2.450831467000103e-05
0.6280000000000003 2.8789420609998746e-05
0.6290000000000002 3.2988369930001484e-05
0.6300000000000003 3.826593049000369e-05
0.6310000000000002 4.612346645000171e-05
0.6320000000000003 5.507552531000399e-05
0.6330000000000002 6.699653808000322e-05
0.6340000000000003 8.102783933000721e-05
0.6350000000000002 9.93367843300044e-05
0.6360000000000003 0.00012208580970000826
0.6370000000000002 0.00015114305540000805
0.6380000000000003 0.0001867745817000116
0.6390000000000002 0.00023106861860001249
0.6400000000000003 0.0002861967869000181
0.6410000000000002 0.00035368420180001555
0.6420000000000003 0.000432024449100031
0.6430000000000002 0.0005175350234000199
0.6440000000000003 0.0006079366431000293
0.6450000000000002 0.000690945163400019
0.6460000000000004 0.0007577487081000198
0.6470000000000002 0.0007951089740000047
0.6480000000000004 0.0008027939497999961
0.6490000000000002 0.0007802914082999904
0.6500000000000004 0.0007361410557999843
0.6510000000000002 0.0006829293816999932
0.6520000000000004 0.0006261426954999808
0.6530000000000002 0.000571125075199987
0.6540000000000004 0.0005212308465999861
0.6550000000000002 0.00047901313749999135
0.6560000000000004 0.0004424020647999864
0.6570000000000003 0.00041048966349999344
0.6580000000000004 0.00038322873409999184
0.6590000000000003 0.00036135427649999525
0.6600000000000004 0.00034150421619999385
0.6610000000000003 0.00032562289389999674
0.6620000000000004 0.0003119643032999933
0.6630000000000003 0.0002992461993999999
0.6640000000000004 0.00028768124059999866
0.6650000000000003 0.0002790882065999988
0.6660000000000004 0.00027059929449999715
0.6670000000000003 0.00026333047079999647
0.6680000000000004 0.0002559025586
0.6690000000000003 0.0002494208141999995
0.6700000000000004 0.00024369131769999506
0.6710000000000003 0.0002378402277999993
0.6720000000000004 0.00023232551289999764
0.6730000000000003 0.00022704016419999805
0.6740000000000004 0.00022209595889999693
0.6750000000000003 0.0002169388160000008
0.6760000000000004 0.0002130298874999988
0.6770000000000003 0.00020898014310000103
0.6780000000000004 0.00020528158170000243
0.6790000000000003 0.00020253993569999782
0.6800000000000004 0.00020019296559999842
0.6810000000000003 0.00019863769409999654
0.6820000000000004 0.00019601285459999875
0.6830000000000003 0.0001956942490999995
0.6840000000000004 0.0001950118318000026
0.6850000000000003 0.00019581353290000023
0.6860000000000004 0.00019689727570000378
0.6870000000000003 0.00019938245420000083
0.6880000000000004 0.00020204914730000186
0.6890000000000003 0.0002067653834999993
0.6900000000000004 0.00021293869239999956
0.6910000000000003 0.00021942840890000026
0.6920000000000004 0.0002276648767000005
0.6930000000000003 0.00023616651070000407
0.6940000000000004 0.000248308442500002
0.6950000000000003 0.0002610369027000037
0.6960000000000004 0.0002772109209999995
0.6970000000000003 0.00029309110720000234
0.6980000000000004 0.0003133899346000074
0.6990000000000003 0.00033448610450000896
0.7000000000000004 0.00036077763890001146
0.7010000000000003 0.0003888428211000064
0.7020000000000004 0.0004176806659000165
0.7030000000000003 0.0004530408606000076
0.7040000000000004 0.0004929433763000093
0.7050000000000003 0.0005326235667000149
0.7060000000000004 0.0005779407173000102
0.7070000000000003 0.0006249345466000245
0.7080000000000004 0.0006761891395000323
0.7090000000000003 0.0007321824878000172
0.7100000000000004 0.0007884123176000328
0.7110000000000003 0.000849582627400023
0.7120000000000004 0.000912740156100015
0.7130000000000003 0.0009748076648000184
0.7140000000000004 0.0010411877930000194
0.7150000000000003 0.0011075950410000181
0.7160000000000004 0.0011726392060000268
0.7170000000000003 0.001234770194000027
0.7180000000000004 0.0013047204910000246
0.7190000000000003 0.0013649885360000225
0.7200000000000004 0.0014204563200000296
0.7210000000000003 0.001472345144000003
0.7220000000000004 0.0015164196490000165
0.7230000000000003 0.0015533027050000008
0.7240000000000004 0.0015727715190000128
0.7250000000000003 0.0015840545299999967
0.7260000000000004 0.0015844370419999879
0.7270000000000003 0.0015572163460000042
0.7280000000000004 0.0015293733779999715
0.7290000000000003 0.0014840856189999745
0.7300000000000004 0.0014323301609999485
0.7310000000000003 0.0013663919269999733
0.7320000000000004 0.0013022744659999504
0.7330000000000003 0.0012312471119999805
0.7340000000000004 0.0011654702569999667
0.7350000000000003 0.001095842942999986
0.7360000000000004 0.0010296566039999797
0.7370000000000003 0.0009706932305999887
0.7380000000000004 0.0009162929653999904
0.7390000000000003 0.0008628194778999957
0.7400000000000004 0.0008188623189999759
0.7410000000000003 0.000777046233399982
0.7420000000000004 0.000740729123399979
0.7430000000000003 0.0007082717120999785
0.7440000000000004 0.0006815529614999689
0.7450000000000003 0.0006514762341999992
0.7460000000000004 0.0006324993073999925
0.7470000000000003 0.0006151404976999884
0.7480000000000004 0.000595515519400006
0.7490000000000003 0.0005850853025999887
0.7500000000000004 0.0005743395909999828
0.7510000000000003 0.0005632761866000044
0.7520000000000004 0.000556959435300007
0.7530000000000003 0.000551757067400007
0.7540000000000004 0.000554751269499984
0.7550000000000003 0.000552890524300003
0.7560000000000004 0.0005553009734000031
0.7570000000000003 0.0005613095686000003
0.7580000000000005 0.0005645285173999992
0.7590000000000003 0.0005727278813999998
0.7600000000000005 0.0005819334835000055
0.7610000000000003 0.0005945502967000047
0.7620000000000005 0.0006088267639000063
0.7630000000000003 0.0006230556220000022
0.7640000000000005 0.0006406362355000059
0.7650000000000003 0.0006645763665000014
0.7660000000000005 0.00068195179100001
0.7670000000000003 0.000706561803800002
0.7680000000000005 0.0007358849048999922
0.7690000000000003 0.0007600214331999866
0.7700000000000005 0.0007900665699999937
0.7710000000000004 0.0008178590983000176
0.7720000000000005 0.0008557499199999868
0.7730000000000004 0.0008838767558000098
0.7740000000000005 0.0009164959937000129
0.7750000000000004 0.0009538926184000128
0.7760000000000005 0.000987876877200011
0.7770000000000004 0.0010189418490000107
0.7780000000000005 0.0010529109089999916
0.7790000000000004 0.001089102327999982
0.7800000000000005 0.00111418418600001
0.7810000000000004 0.0011358469720000447
0.7820000000000005 0.001164677664999974
0.7830000000000004 0.0011845742170000088
0.7840000000000005 0.0012067038570000045
0.7850000000000004 0.0012208331380000183
0.7860000000000005 0.0012423323089999696
0.7870000000000004 0.0012523974480000164
0.7880000000000005 0.0012608419359999997
0.7890000000000004 0.0012682811919999958
0.7900000000000005 0.0012823493780000274
0.7910000000000004 0.0012890370189999824
0.7920000000000005 0.001294738798999976
0.7930000000000004 0.0012930122020000114
0.7940000000000005 0.0012992885709999908
0.7950000000000004 0.0012972982230000127
0.7960000000000005 0.0012960186600000007
0.7970000000000004 0.0012865617870000078
0.7980000000000005 0.001282992362999968
0.7990000000000004 0.0012610274549999963
0.8000000000000005 0.001237959936000004
0.8010000000000004 0.001218862682999997
0.8020000000000005 0.0011875174190000121
0.8030000000000004 0.0011555120350000066
0.8040000000000005 0.001124157607999977
0.8050000000000004 0.001080727055999983
0.8060000000000005 0.0010402245819999781
0.8070000000000004 0.0009874840081000092
0.8080000000000005 0.0009465879201999927
0.8090000000000004 0.0008990856259999928
0.8100000000000005 0.0008511897922000195
0.8110000000000004 0.0008101585506999804
0.8120000000000005 0.0007659113406999836
0.8130000000000004 0.000722787305699981
0.8140000000000005 0.0006793068348999861
0.8150000000000004 0.00064646445209997
0.8160000000000005 0.0006070974468999846
0.8170000000000004 0.0005776236205999685
0.8180000000000005 0.0005441852659000009
0.8190000000000004 0.0005176481231999949
0.8200000000000005 0.0004907422512999762
0.8210000000000004 0.000463690608699986
0.8220000000000005 0.00044493529949997493
0.8230000000000004 0.0004196043685000036
0.8240000000000005 0.0003949216008000236
0.8250000000000004 0.00038093879819999307
0.8260000000000005 0.0003651015832999934
0.8270000000000004 0.00034751798960000154
0.8280000000000005 0.0003334363177000033
0.8290000000000004 0.0003241773694999893
0.8300000000000005 0.00031132666390000247
0.8310000000000004 0.0002981102467000038
0.8320000000000005 0.0002919448540000042
0.8330000000000004 0.0002724622004000269
0.8340000000000005 0.000266793146700004
0.8350000000000004 0.0002612586319000027
0.8360000000000005 0.00025251135229997437
0.8370000000000004 0.00024285947900001153
0.8380000000000005 0.000233511868900015
0.8390000000000004 0.0002296510524999802
0.8400000000000005 0.00022759221489995456
0.8410000000000004 0.00021607236940001986
0.8420000000000005 0.00021379532289999797
0.8430000000000004 0.0002093977294999725
0.8440000000000005 0.00020371293649999552
0.8450000000000004 0.00019865505399999445
0.8460000000000005 0.00018960200250002772
0.8470000000000004 0.0001910193077999986
0.8480000000000005 0.00018847865979998768
0.8490000000000004 0.00018397079779998367
0.8500000000000005 0.00017522621900002808
0.8510000000000004 0.00017499828710003162
0.8520000000000005 0.0001760889775999468
0.8530000000000004 0.00017287267370001737
0.8540000000000005 0.00017223982139997723
0.8550000000000004 0.00016867466270001263
0.8560000000000005 0.0001710627973000212
0.8570000000000004 0.000171488113699959
0.8580000000000005 0.00017400974409997254
0.8590000000000004 0.0001613622903999789
0.8600000000000005 0.0001597535795999608
0.8610000000000004 0.0001703028007999294
0.8620000000000005 0.00016164580359992952
0.8630000000000004 0.00016171915459998272
0.8640000000000005 0.0001627298258000068
0.8650000000000004 0.00016374303030003036
0.8660000000000005 0.00015846088530003353
0.8670000000000004 0.00016352524979999954
0.8680000000000005 0.00016592610630001038
0.8690000000000004 0.00014613124540004574
0.8700000000000006 0.00015741659330003086
0.8710000000000004 0.00015839790930002713
0.8720000000000006 0.00016391042619990682
0.8730000000000004 0.00014461395330009675
0.8740000000000006 0.00016910804439995274
0.8750000000000004 0.00016041383149999945
0.8760000000000006 0.00015472749250006358
0.8770000000000004 0.00015771251169999337
0.8780000000000006 0.0001500391494001316
0.8790000000000004 0.00016897762189999223
0.8800000000000006 0.00015797443690013363
0.8810000000000004 0.00016021599989989306
0.8820000000000006 0.00017757637429996446
0.8830000000000005 0.00016868485139988777
0.8840000000000006 0.00017189091069998378
0.8850000000000005 0.0001704579404999127
0.8860000000000006 0.0001367559843001888
0.8870000000000005 0.0002144674397997999
0.8880000000000006 0.00018058605489994434
0.8890000000000005 0.00018140358849975225
0.8900000000000006 0.00019468279559976142
0.8910000000000005 0.00022706339139991295
0.8920000000000006 0.00015440539460030253
0.8930000000000005 0.00015500705690009504
0.8940000000000006 0.00015443119220030926
0.8950000000000005 0.00014048673210010113
0.8960000000000006 0.0002239511906996653
0.8970000000000005 0.00022783607239993685
0.8980000000000006 0.0002336657791995914
0.8990000000000005 0.00023956313729957352
0.9000000000000006 0.0001471187174
0.9010000000000005 0.0001471187174
0.9020000000000006 0.0001471187174
0.9030000000000005 0.0001471187174
0.9040000000000006 0.0001471187174
0.9050000000000005 0.0001471187174
0.9060000000000006 0.0001471187174
0.9070000000000005 0.0001471187174
0.9080000000000006 0.0001471187174
0.9090000000000005 0.0001471187174
0.9100000000000006 0.0001471187174
0.9110000000000005 0.0001471187174
0.9120000000000006 0.0001471187174
0.9130000000000005 0.0001471187174
0.9140000000000006 0.0001471187174
0.9150000000000005 0.0001471187174
0.9160000000000006 0.0001471187174
0.9170000000000005 0.0001471187174
0.9180000000000006 0.0001471187174
0.9190000000000005 0.0001471187174
0.9200000000000006 0.0001471187174
0.9210000000000005 0.0001471187174
0.9220000000000006 0.0001471187174
0.9230000000000005 0.0001471187174
0.9240000000000006 0.0001471187174
0.9250000000000005 0.0001471187174
0.9260000000000006 0.0001471187174
0.9270000000000005 0.0001471187174
0.9280000000000006 0.0001471187174
0.9290000000000005 0.0001471187174
0.9300000000000006 0.0001471187174
0.9310000000000005 0.0001471187174
0.9320000000000006 0.0001471187174
0.9330000000000005 0.0001471187174
0.9340000000000006 0.0001471187174
0.9350000000000005 0.0001471187174
0.9360000000000006 0.0001471187174
0.9370000000000005 0.0001471187174
0.9380000000000006 0.0001471187174
0.9390000000000005 0.0001471187174
0.9400000000000006 0.0001471187174
0.9410000000000005 0.0001471187174
0.9420000000000006 0.0001471187174
0.9430000000000005 0.0001471187174
0.9440000000000006 0.0001471187174
0.9450000000000005 0.0001471187174
0.9460000000000006 0.0001471187174
0.9470000000000005 0.0001471187174
0.9480000000000006 0.0001471187174
0.9490000000000005 0.0001471187174
0.9500000000000006 0.0001471187174
0.9510000000000005 0.0001471187174
0.9520000000000006 0.0001471187174
0.9530000000000005 0.0001471187174
0.9540000000000006 0.0001471187174
0.9550000000000005 0.0001471187174
0.9560000000000006 0.0001471187174
0.9570000000000005 0.0001471187174
0.9580000000000006 0.0001471187174
0.9590000000000005 0.0001471187174
0.9600000000000006 0.0001471187174
0.9610000000000005 0.0001471187174
0.9620000000000006 0.0001471187174
0.9630000000000005 0.0001471187174
0.9640000000000006 0.0001471187174
0.9650000000000005 0.0001471187174
0.9660000000000006 0.0001471187174
0.9670000000000005 0.0001471187174
0.9680000000000006 0.0001471187174
0.9690000000000005 0.0001471187174
0.9700000000000006 0.0001471187174
0.9710000000000005 0.0001471187174
0.9720000000000006 0.0001471187174
0.9730000000000005 0.0001471187174
0.9740000000000006 0.0001471187174
0.9750000000000005 0.0001471187174
0.9760000000000006 0.0001471187174
0.9770000000000005 0.0001471187174
0.9780000000000006 0.0001471187174
0.9790000000000005 0.0001471187174
0.9800000000000006 0.0001471187174
0.9810000000000005 0.0001471187174
0.9820000000000007 0.0001471187174
0.9830000000000005 0.0001471187174
0.9840000000000007 0.0001471187174
0.9850000000000005 0.0001471187174
0.9860000000000007 0.0001471187174
0.9870000000000005 0.0001471187174
0.9880000000000007 0.0001471187174
0.9890000000000005 0.0001471187174
0.9900000000000007 0.0001471187174
0.9910000000000005 0.0001471187174
0.9920000000000007 0.0001471187174
0.9930000000000005 0.0001471187174
0.9940000000000007 0.0001471187174
0.9950000000000006 0.0001471187174
0.9960000000000007 0.0001471187174
0.9970000000000006 0.0001471187174
0.9980000000000007 0.0001471187174
0.9990000000000006 0.0001471187174
