# source : Generic_Bessell.I SVO
# wavelength_unit : angstrom
# download_date : 2020-05-23
wavelength transmission
14900.0 0.90802
14905.0 0.958796
14910.0 0.913225
14915.0 0.849135
14920.0 0.884093
14925.0 0.915954
14930.0 0.928744
14935.0 0.949936
14940.0 0.945656
14945.0 0.927238
14950.0 0.900331
14955.0 0.895292
14960.0 0.898208
14965.0 0.900709
14970.0 0.943867
14975.0 0.955807
14980.0 0.932836
14985.0 0.944357
14990.0 0.954788
14995.0 0.954577
15000.0 0.970904
15005.0 0.985127
15009.9 0.986479
15015.0 0.973983
15020.0 0.96211
15025.0 0.957062
15029.9 0.942257
15035.0 0.916619
15040.0 0.893669
15045.0 0.906644
15049.9 0.93975
15055.0 0.973944
15060.0 0.987869
15065.0 0.993428
15069.9 0.986808
15075.0 0.981119
15080.0 0.964471
15085.0 0.927070
15089.9 0.928636
15095.0 0.970236
15100.0 0.986694
15105.0 0.985894
15109.9 0.986642
15115.0 0.989801
15120.0 0.987493
15125.0 0.978365
15129.9 0.976059
15135.0 0.97338
15140.0 0.971952
15145.0 0.980061
15149.9 0.987342
15155.0 0.991995
15160.0 0.985098
15165.0 0.977038
15169.9 0.977478
15175.0 0.978418
15180.0 0.983991
15185.0 0.984922
15189.9 0.980764
15195.0 0.985204
15200.0 0.990749
15205.0 0.992445
15209.9 0.99613
15215.0 0.994892
15220.0 0.993991
15225.0 0.997639
15230.0 0.998183
15235.0 0.996923
15240.0 0.995911
15245.0 0.992753
15250.0 0.992698
15255.0 0.992474
15260.0 0.991742
15265.0 0.991178
15270.0 0.990807
15275.0 0.993021
15280.0 0.996219
15285.0 0.996003
15290.0 0.995775
15295.0 0.995845
15300.0 0.995311
15305.0 0.995772
15310.0 0.994481
15315.0 0.993689
15320.0 0.996246
15325.0 0.996974
15330.0 0.996282
15335.0 0.995132
15340.0 0.993863
15345.0 0.992836
15350.0 0.991561
15355.0 0.992123
15360.0 0.993688
15365.0 0.994914
15370.0 0.99542
15375.0 0.996934
15380.0 0.998167
15385.0 0.9973
15390.0 0.995481
15395.0 0.994804
15400.0 0.995068
15405.0 0.994998
15410.0 0.995093
15415.0 0.995186
15420.0 0.995262
15425.0 0.996167
15430.0 0.997174
15435.0 0.997792
15440.0 0.997405
15445.0 0.997537
15450.0 0.998712
15455.0 0.998904
15460.0 0.998787
15465.0 0.999114
15470.0 0.999524
15475.0 0.99966
15480.0 0.999717
15485.0 0.999892
15490.0 0.999952
15495.0 0.999882
15500.0 0.999877
15505.0 0.999828
15510.0 0.999648
15515.0 0.999403
15520.0 0.999029
15525.0 0.999389
15530.0 0.999835
15535.0 0.9999
15540.0 0.999712
15545.0 0.99966
15550.0 0.999874
15555.0 0.999949
15560.0 0.999817
15565.0 0.999734
15570.0 0.999882
15575.0 0.99994
15580.0 0.999821
15585.0 0.999696
15590.0 0.99973
15595.0 0.999773
15600.0 0.999786
15605.0 0.999804
15610.0 0.999806
15615.0 0.999774
15620.0 0.999318
15625.0 0.999153
15630.0 0.999566
15634.9 0.999677
15640.0 0.999438
15645.0 0.999379
15650.0 0.999713
15654.9 0.99973
15660.0 0.999565
15665.0 0.999507
15670.0 0.999153
15674.9 0.998277
15680.0 0.996639
15685.0 0.993974
15690.0 0.989486
15694.9 0.98305
15700.0 0.975111
15705.0 0.966649
15710.0 0.958776
15714.9 0.952716
15720.0 0.949206
15725.0 0.948576
15730.0 0.950842
15734.9 0.956052
15740.0 0.964453
15745.0 0.975439
15750.0 0.986076
15754.9 0.988766
15760.0 0.981985
15765.0 0.973708
15770.0 0.967999
15774.9 0.965006
15780.0 0.964174
15785.0 0.964856
15790.0 0.96689
15794.9 0.969905
15800.0 0.973248
15805.0 0.976749
15810.0 0.980261
15814.9 0.983573
15820.0 0.986629
15825.0 0.989165
15830.0 0.991148
15834.9 0.993291
15840.0 0.995228
15845.0 0.996487
15850.0 0.997388
15855.0 0.998035
15860.0 0.998226
15865.0 0.998353
15870.0 0.99852
15875.0 0.999009
15880.0 0.99961
15885.0 0.999815
15890.0 0.999873
15895.0 0.999829
15900.0 0.999595
15905.0 0.999555
15910.0 0.999641
15915.0 0.999378
15920.0 0.999227
15925.0 0.999295
15930.0 0.999629
15935.0 0.999744
15940.0 0.999343
15945.0 0.999103
15950.0 0.999475
15955.0 0.999602
15960.0 0.999202
15965.0 0.998788
15970.0 0.998282
15975.0 0.997717
15980.0 0.996794
15985.0 0.994339
15990.0 0.990353
15995.0 0.984755
16000.0 0.977766
16005.0 0.970019
16010.0 0.962395
16015.0 0.95587
16020.0 0.951126
16025.0 0.949181
16030.0 0.950146
16035.0 0.953717
16040.0 0.960126
16045.0 0.969381
16050.0 0.98064
16055.0 0.989396
16060.0 0.98851
16065.0 0.980511
16070.0 0.972859
16075.0 0.967694
16080.0 0.964677
16085.0 0.963717
16090.0 0.964531
16095.0 0.966216
16100.0 0.96848
16105.0 0.971398
16110.0 0.975001
16115.0 0.97864
16120.0 0.982068
16125.0 0.985199
16130.0 0.987864
16135.0 0.990343
16140.0 0.992741
16145.0 0.994346
16150.0 0.995406
16155.0 0.996206
16160.0 0.996663
16165.0 0.996765
16170.0 0.99718
16175.0 0.997865
16180.0 0.998152
16185.0 0.998036
16190.0 0.998189
16195.0 0.998875
16200.0 0.999207
16205.0 0.999199
16210.0 0.999169
16215.0 0.999207
16220.0 0.999327
16225.0 0.999408
16230.0 0.999407
16235.0 0.999141
16240.0 0.998969
16245.0 0.999267
16250.0 0.999352
16255.0 0.999022
16259.9 0.998794
16265.0 0.998993
16270.0 0.998813
16275.0 0.998566
16279.9 0.998311
16285.0 0.998206
16290.0 0.998681
16295.0 0.998966
16299.9 0.998134
16305.0 0.996627
16310.0 0.997419
16315.0 0.998483
16319.9 0.998122
16325.0 0.996479
16330.0 0.995497
16335.0 0.996833
16339.9 0.998097
16345.0 0.997933
16350.0 0.995308
16355.0 0.993438
16359.9 0.996261
16365.0 0.997731
16370.0 0.996135
16375.0 0.990789
16379.9 0.99119
16385.0 0.996058
16390.0 0.996186
16395.0 0.993223
16400.0 0.986465
16405.0 0.984192
16410.0 0.99106
16415.0 0.99367
16420.0 0.992093
16425.0 0.984065
16430.0 0.978558
16435.0 0.987738
16440.0 0.994092
16445.0 0.994839
16450.0 0.987458
16455.0 0.976427
16460.0 0.98537
16465.0 0.995292
16470.0 0.996081
16475.0 0.991804
16480.0 0.981326
16485.0 0.980932
16490.0 0.989585
16495.0 0.992634
16500.0 0.992504
16505.0 0.984313
16510.0 0.976919
16515.0 0.986775
16520.0 0.994091
16525.0 0.996391
16530.0 0.993693
16535.0 0.983716
16540.0 0.985604
16545.0 0.995338
16550.0 0.997057
16555.0 0.996474
16560.0 0.994213
16565.0 0.990891
16570.0 0.993737
16575.0 0.997352
16580.0 0.998644
16585.0 0.998632
16590.0 0.996879
16595.0 0.995637
16600.0 0.997682
16605.0 0.99915
16610.0 0.998298
16615.0 0.996932
16620.0 0.99522
16625.0 0.994924
16630.0 0.997324
16635.0 0.998011
16640.0 0.998667
16645.0 0.996788
16650.0 0.979618
16655.0 0.948488
16660.0 0.945662
16665.0 0.966614
16670.0 0.983386
16675.0 0.992919
16680.0 0.996386
16685.0 0.996785
16690.0 0.997608
16695.0 0.998402
16700.0 0.998608


