# author : Oliver Czoske
# source : E-LIS-MPIA-MET-1208_1-0
# date_created : 2025-06-18
# date_modified : 2025-06-21
# status : Measurement
# type : filter:transmission
# wavelength_unit : um
# center : 3.5664
# comment : L_spec filter, built by Materion, procured by MPIA
# changes :
#    - 2025-06-21 (OC) cut to 2.7-4.5 um
#
wavelength  transmission
2.70000       0.000383582654455206
2.70100       0.000456373192663534
2.70200       0.000483201463629672
2.70300       0.000469195529382828
2.70400       0.000462219794932058
2.70500       0.000446341719663276
2.70600       0.000420764989021286
2.70700       0.000419741055258244
2.70800       0.000494722380543711
2.70900       0.000651213861654787
2.71000       0.000770491814189700
2.71100       0.000887387716359184
2.71200       0.000955179121526401
2.71300       0.000917042850661853
2.71400       0.000795735067853243
2.71500       0.000691338766339686
2.71600       0.000727325342130880
2.71700       0.000914673540993394
2.71800       0.001128183554180040
2.71900       0.001224388154314110
2.72000       0.001244657982373580
2.72100       0.001261985804665020
2.72200       0.001280436636302380
2.72300       0.001292313079659370
2.72400       0.001318742196756960
2.72500       0.001391251096122870
2.72600       0.001539436130251150
2.72700       0.001665400523470040
2.72800       0.001646972524249500
2.72900       0.001453842399107060
2.73000       0.001216256417935210
2.73100       0.001094826931362330
2.73200       0.001096883965758150
2.73300       0.001122755032404800
2.73400       0.001089601492769430
2.73500       0.001032448984851750
2.73600       0.001050427886158330
2.73700       0.001186774985426630
2.73800       0.001382331946943930
2.73900       0.001546433535071000
2.74000       0.001676998097946690
2.74100       0.001735136029898960
2.74200       0.001686389993277420
2.74300       0.001626360005949590
2.74400       0.001641603868948210
2.74500       0.001691299750461510
2.74600       0.001746530454854590
2.74700       0.001784260042564440
2.74800       0.001797758427731080
2.74900       0.001862845017691680
2.75000       0.002035487090771840
2.75100       0.002209369669718960
2.75200       0.002224194362868500
2.75300       0.002144755144332570
2.75400       0.002058272466561350
2.75500       0.002000297158275640
2.75600       0.002018773614349930
2.75700       0.002156034936990900
2.75800       0.002351915787211500
2.75900       0.002529313600300340
2.76000       0.002635323804579790
2.76100       0.002615055291319280
2.76200       0.002523264992622810
2.76300       0.002524033925998090
2.76400       0.002685899801225020
2.76500       0.002957616699215680
2.76600       0.003275739568072590
2.76700       0.003583871487030210
2.76800       0.003815634321502170
2.76900       0.003971528338174600
2.77000       0.004165234181591090
2.77100       0.004417641177326570
2.77200       0.004569847380924090
2.77300       0.004457064972151480
2.77400       0.004218812953800550
2.77500       0.004147462806543930
2.77600       0.004256307247589020
2.77700       0.004375252539645410
2.77800       0.004476922406199120
2.77900       0.004698398311312910
2.78000       0.005126276753536720
2.78100       0.005677338195189120
2.78200       0.006160552292311490
2.78300       0.006464265289299220
2.78400       0.006651383577709220
2.78500       0.006858873804889250
2.78600       0.007058284159933790
2.78700       0.007147002530455300
2.78800       0.007242909252166420
2.78900       0.007485533518787560
2.79000       0.007820150505793211
2.79100       0.008173486791451129
2.79200       0.008597813158080610
2.79300       0.009132815907023639
2.79400       0.009652146654152821
2.79500       0.010011899362048800
2.79600       0.010189774437464799
2.79700       0.010316930955504001
2.79800       0.010584933761188700
2.79900       0.011056047469652200
2.80000       0.011697699883017601
2.80100       0.012473421747235799
2.80200       0.013276818014399000
2.80300       0.013899077737337499
2.80400       0.014240223951177000
2.80500       0.014558220902836099
2.80600       0.015195036377011899
2.80700       0.016160553001130399
2.80800       0.017146656727910600
2.80900       0.017873909589093601
2.81000       0.018441192508255301
2.81100       0.019162259254089899
2.81200       0.020145855583221500
2.81300       0.021303980207691500
2.81400       0.022550629384830299
2.81500       0.023820039353490901
2.81600       0.025077071713455201
2.81700       0.026359331712955601
2.81800       0.027769259193198600
2.81900       0.029324570846742198
2.82000       0.030950112900181501
2.82100       0.032603238928398802
2.82200       0.034279004476383400
2.82300       0.036000632703777000
2.82400       0.037818101794010198
2.82500       0.039757309442825899
2.82600       0.041795976596029398
2.82700       0.043911534992292701
2.82800       0.046182883188864203
2.82900       0.048659934485976400
2.83000       0.051353475058352402
2.83100       0.054340700552843998
2.83200       0.057674537398920499
2.83300       0.061319428999542701
2.83400       0.065128002581134894
2.83500       0.069006446197517904
2.83600       0.073029490554436194
2.83700       0.077384088870285694
2.83800       0.082207778815700294
2.83900       0.087392452078512803
2.84000       0.092769068019791207
2.84100       0.098462048286172901
2.84200       0.104628124306099995
2.84300       0.111259615759482997
2.84400       0.118311318271807006
2.84500       0.125803046770151999
2.84600       0.133839259099548996
2.84700       0.142535896991159011
2.84800       0.151869886372597990
2.84900       0.161749755680080987
2.85000       0.172147704463053997
2.85100       0.183197257342484987
2.85200       0.194978952810174994
2.85300       0.207611391009982993
2.85400       0.221317144043532005
2.85500       0.236103605987871001
2.85600       0.251687418280355013
2.85700       0.267788222908642015
2.85800       0.284548582706946995
2.85900       0.302354277102864000
2.86000       0.321409921555293021
2.86100       0.341640164746764008
2.86200       0.362755267940854997
2.86300       0.384486637379047980
2.86400       0.406863425006577017
2.86500       0.430068661945384012
2.86600       0.454129941543698012
2.86700       0.478873124188539001
2.86800       0.504111415092992954
2.86900       0.529707486169186947
2.87000       0.555610607533623013
2.87100       0.581749226837060984
2.87200       0.608024335543291050
2.87300       0.634248157847040028
2.87400       0.660142367544267028
2.87500       0.685318866396685045
2.87600       0.709414874577063981
2.87700       0.732319932192580958
2.87800       0.754130046984890945
2.87900       0.774920669453812994
2.88000       0.794587337080223000
2.88100       0.812993582909691037
2.88200       0.830113879724749038
2.88300       0.845862412128454033
2.88400       0.860035694609698975
2.88500       0.872488399738092002
2.88600       0.883140864392078950
2.88700       0.892061901864174001
2.88800       0.899552680326501042
2.88900       0.905888843194442961
2.89000       0.910973764400101027
2.89100       0.914696057083986047
2.89200       0.917302718228817038
2.89300       0.919208876878931047
2.89400       0.920569703686592966
2.89500       0.921323368355581040
2.89600       0.921410053297079035
2.89700       0.920771537620307945
2.89800       0.919470565548131002
2.89900       0.917692404748577051
2.90000       0.915513421768963997
2.90100       0.912916178006491053
2.90200       0.910022498497360055
2.90300       0.907037324375921994
2.90400       0.904124483780873955
2.90500       0.901463466042617956
2.90600       0.899155381843647961
2.90700       0.896970286854282040
2.90800       0.894602745313704983
2.90900       0.892002246031501023
2.91000       0.889288659250289992
2.91100       0.886600942566593053
2.91200       0.884138237317486975
2.91300       0.882090516557416993
2.91400       0.880461552546140003
2.91500       0.879118530899310024
2.91600       0.877901022529592012
2.91700       0.876611690261066001
2.91800       0.875142953682537028
2.91900       0.873693240316715025
2.92000       0.872579103551515023
2.92100       0.871927068651817017
2.92200       0.871652511111450035
2.92300       0.871575707425232049
2.92400       0.871585255509745971
2.92500       0.871798789551292974
2.92600       0.872390054412380045
2.92700       0.873293178232644962
2.92800       0.874257201878296031
2.92900       0.875168032343738966
2.93000       0.876088625871745963
2.93100       0.877005875661617029
2.93200       0.877887191056449967
2.93300       0.878825725509302047
2.93400       0.879905257866276047
2.93500       0.881096844270810031
2.93600       0.882386806086918996
2.93700       0.883809449334174047
2.93800       0.885355582953706977
2.93900       0.887004106548906046
2.94000       0.888769794890607034
2.94100       0.890623672094420948
2.94200       0.892467774850629003
2.94300       0.894235069809317995
2.94400       0.895892140861680009
2.94500       0.897438765118415027
2.94600       0.898974885932113055
2.94700       0.900648052428782986
2.94800       0.902444706605171953
2.94900       0.904172450013360995
2.95000       0.905710167631225027
2.95100       0.907098522306200028
2.95200       0.908442668832666000
2.95300       0.909823474570297996
2.95400       0.911233431896837032
2.95500       0.912569331452626975
2.95600       0.913752382834923993
2.95700       0.914808683354921048
2.95800       0.915775385617385029
2.95900       0.916616836020082038
2.96000       0.917309141345863055
2.96100       0.917911942966513017
2.96200       0.918478978213093988
2.96300       0.918996476264062001
2.96400       0.919400598449351958
2.96500       0.919614293431256002
2.96600       0.919629067078587048
2.96700       0.919549197005570029
2.96800       0.919452568197856035
2.96900       0.919309088217036052
2.97000       0.919077971691833029
2.97100       0.918728707499572028
2.97200       0.918194513849414973
2.97300       0.917445993136861038
2.97400       0.916579201044550040
2.97500       0.915696658643510020
2.97600       0.914786171233704981
2.97700       0.913813250360619000
2.97800       0.912826597656403949
2.97900       0.911803342286768959
2.98000       0.910619816093686030
2.98100       0.909287330809422034
2.98200       0.907966681278662979
2.98300       0.906750576338515968
2.98400       0.905528961724880954
2.98500       0.904154617884942002
2.98600       0.902607381263985986
2.98700       0.900959292124693945
2.98800       0.899318922149653033
2.98900       0.897731812591922029
2.99000       0.896104364599648040
2.99100       0.894344791161230002
2.99200       0.892500004850849016
2.99300       0.890686610058529005
2.99400       0.888958676698745953
2.99500       0.887296800516456985
2.99600       0.885663180529492000
2.99700       0.884012869242683963
2.99800       0.882340808580076019
2.99900       0.880672401694163054
3.00000       0.879024541575320950
3.00100       0.877361973428831043
3.00200       0.875694667335099042
3.00300       0.874128443742310024
3.00400       0.872697438034347961
3.00500       0.871379132141929968
3.00600       0.870149569274600965
3.00700       0.868997454684263038
3.00800       0.867865094522117020
3.00900       0.866722402913966961
3.01000       0.865608238179348954
3.01100       0.864509076744278016
3.01200       0.863364076088505961
3.01300       0.862194450927754041
3.01400       0.861187683190221986
3.01500       0.860422204818108050
3.01600       0.859812273255313952
3.01700       0.859261496991138962
3.01800       0.858684820274035032
3.01900       0.857986313831006986
3.02000       0.857137157037525022
3.02100       0.856302351563406949
3.02200       0.855634896279293011
3.02300       0.855138820493912988
3.02400       0.854748630036384016
3.02500       0.854484696479754002
3.02600       0.854397951201595007
3.02700       0.854400656196629971
3.02800       0.854388492955575951
3.02900       0.854366543707749004
3.03000       0.854410251225399042
3.03100       0.854535125633716031
3.03200       0.854715739643613026
3.03300       0.854972174955352049
3.03400       0.855324579093607040
3.03500       0.855716448620190029
3.03600       0.856052962361285030
3.03700       0.856284979210666042
3.03800       0.856444828735639985
3.03900       0.856641900951922053
3.04000       0.856989205035297963
3.04100       0.857592919066844983
3.04200       0.858450155225072953
3.04300       0.859386753641042000
3.04400       0.860197579387083966
3.04500       0.860870598774526985
3.04600       0.861576873547849953
3.04700       0.862389948744203050
3.04800       0.863232779776951009
3.04900       0.864030640030999053
3.05000       0.864860675981399041
3.05100       0.865843012192184958
3.05200       0.866938580364015055
3.05300       0.868001336467797979
3.05400       0.868933471460251017
3.05500       0.869807933690891044
3.05600       0.870804344490785032
3.05700       0.872006697843057954
3.05800       0.873301593445409030
3.05900       0.874531233942076991
3.06000       0.875648561375530043
3.06100       0.876709597015285946
3.06200       0.877756729711819950
3.06300       0.878766435421489023
3.06400       0.879760125788244030
3.06500       0.880778365638693050
3.06600       0.881824093942536025
3.06700       0.882883419952773973
3.06800       0.883954263555776998
3.06900       0.885042458927253972
3.07000       0.886115479923802019
3.07100       0.887163076980045040
3.07200       0.888205069540739967
3.07300       0.889231703215331959
3.07400       0.890199766466233000
3.07500       0.891106018261028976
3.07600       0.891980956048370022
3.07700       0.892805747391972049
3.07800       0.893569312887013023
3.07900       0.894315153666111029
3.08000       0.895084884356025956
3.08100       0.895797496041648045
3.08200       0.896339629264679028
3.08300       0.896762227042291027
3.08400       0.897185702167709986
3.08500       0.897666649217079948
3.08600       0.898185215584156982
3.08700       0.898673503372089955
3.08800       0.899029249027571975
3.08900       0.899159890174354048
3.09000       0.899124831728171037
3.09100       0.899154640376612968
3.09200       0.899375333030819957
3.09300       0.899657586159231970
3.09400       0.899839872246674055
3.09500       0.899867884994903999
3.09600       0.899715449394111966
3.09700       0.899360725208008027
3.09800       0.898883205913119987
3.09900       0.898468879047511049
3.10000       0.898193767755356975
3.10100       0.897954960902471955
3.10200       0.897666936622212974
3.10300       0.897321303378547985
3.10400       0.896909868869254945
3.10500       0.896424087419346982
3.10600       0.895900993755819997
3.10700       0.895410015357576028
3.10800       0.894946354057554960
3.10900       0.894489528308081039
3.11000       0.894143293269854977
3.11100       0.893993840889176994
3.11200       0.893950120917020974
3.11300       0.893831259416417945
3.11400       0.893572059357629955
3.11500       0.893255777525440053
3.11600       0.892909939379774031
3.11700       0.892464209557455979
3.11800       0.891919539525218963
3.11900       0.891378260295531022
3.12000       0.890941631921077004
3.12100       0.890668945382999011
3.12200       0.890485022198679976
3.12300       0.890210472763415028
3.12400       0.889743583906673963
3.12500       0.889147723052399974
3.12600       0.888613848250682015
3.12700       0.888209934254784006
3.12800       0.887807406957840994
3.12900       0.887316729384790004
3.13000       0.886771642724575981
3.13100       0.886231635559491027
3.13200       0.885661615784210987
3.13300       0.885052654183498988
3.13400       0.884496677296751965
3.13500       0.884043754050468977
3.13600       0.883615928878843992
3.13700       0.883086774334699953
3.13800       0.882459682305845039
3.13900       0.881826242083233014
3.14000       0.881204702870037049
3.14100       0.880532307345116005
3.14200       0.879779426419931010
3.14300       0.879032803336393997
3.14400       0.878394081133736959
3.14500       0.877906894203033028
3.14600       0.877483304485258020
3.14700       0.876963935658698013
3.14800       0.876289777605657960
3.14900       0.875513093181356949
3.15000       0.874749330700115957
3.15100       0.874051810567372023
3.15200       0.873419819118113949
3.15300       0.872903035617461964
3.15400       0.872555814644572991
3.15500       0.872388939776566952
3.15600       0.872323944713901955
3.15700       0.872251231569104002
3.15800       0.872080501466244051
3.15900       0.871726070261785946
3.16000       0.871194379698625010
3.16100       0.870612625721749023
3.16200       0.870157902786808046
3.16300       0.869879805516719951
3.16400       0.869667803177762044
3.16500       0.869435587807704024
3.16600       0.869216360213082018
3.16700       0.869129211930342982
3.16800       0.869234730257009036
3.16900       0.869487890212606973
3.17000       0.869808269942540013
3.17100       0.870111240174332945
3.17200       0.870327201674094053
3.17300       0.870413889220536974
3.17400       0.870409352053749030
3.17500       0.870440911571895959
3.17600       0.870605194614861966
3.17700       0.870869025398100960
3.17800       0.871126211512911031
3.17900       0.871325671780025957
3.18000       0.871513282283948976
3.18100       0.871789209637054974
3.18200       0.872214480673663028
3.18300       0.872737085878044994
3.18400       0.873256100178890993
3.18500       0.873720371934093021
3.18600       0.874166588364092001
3.18700       0.874709781695099053
3.18800       0.875459076340206033
3.18900       0.876410705461112993
3.19000       0.877456715382017971
3.19100       0.878462907637087009
3.19200       0.879332385828291985
3.19300       0.880051527376621956
3.19400       0.880677332822555003
3.19500       0.881305602879737027
3.19600       0.882013988489674050
3.19700       0.882788972830639951
3.19800       0.883564932433561045
3.19900       0.884329634982095047
3.20000       0.885192015176035962
3.20100       0.886285290283236993
3.20200       0.887605103073034973
3.20300       0.889029220587957969
3.20400       0.890439897400146951
3.20500       0.891796330431818052
3.20600       0.893079166923638978
3.20700       0.894215617936429008
3.20800       0.895168734849068004
3.20900       0.896023273857002978
3.21000       0.896934845473224995
3.21100       0.898012207794680051
3.21200       0.899247019314466045
3.21300       0.900567232589574052
3.21400       0.901902584271429997
3.21500       0.903211879765526970
3.21600       0.904502299491180994
3.21700       0.905817539868142951
3.21800       0.907187390211097955
3.21900       0.908573715596075027
3.22000       0.909895925798695049
3.22100       0.911129796726460994
3.22200       0.912335569948537040
3.22300       0.913581475485811034
3.22400       0.914850291002304972
3.22500       0.916036862272219032
3.22600       0.917065511540977041
3.22700       0.917985008560738946
3.22800       0.918938879432453004
3.22900       0.920059764215663045
3.23000       0.921344612563082976
3.23100       0.922632717191529950
3.23200       0.923759820062562964
3.23300       0.924710760833803991
3.23400       0.925610809504150978
3.23500       0.926582189737841011
3.23600       0.927626595997303016
3.23700       0.928678407629798031
3.23800       0.929707868540043947
3.23900       0.930709842814306021
3.24000       0.931642266657537022
3.24100       0.932432314428365050
3.24200       0.933048446451650970
3.24300       0.933534803631140053
3.24400       0.933952001389778963
3.24500       0.934313353820399040
3.24600       0.934619549630788971
3.24700       0.934915070343162014
3.24800       0.935248907521297967
3.24900       0.935617566473277984
3.25000       0.935976514666595039
3.25100       0.936287077821236990
3.25200       0.936561751031749989
3.25300       0.936859012640833044
3.25400       0.937230469015901013
3.25500       0.937670224505396055
3.25600       0.938091141224183023
3.25700       0.938367008086269050
3.25800       0.938428421386688028
3.25900       0.938325088569464949
3.26000       0.938176476626833011
3.26100       0.938052711268499984
3.26200       0.937930349620008985
3.26300       0.937761032357057989
3.26400       0.937538250048666977
3.26500       0.937280533102886948
3.26600       0.936987352553193986
3.26700       0.936652648156325984
3.26800       0.936305063785361047
3.26900       0.935986663016922016
3.27000       0.935680630960156967
3.27100       0.935298300424090012
3.27200       0.934761847470869989
3.27300       0.934059048301489003
3.27400       0.933220171921588015
3.27500       0.932302489608253016
3.27600       0.931386510909302023
3.27700       0.930564112024633960
3.27800       0.929911601316422032
3.27900       0.929415970423955962
3.28000       0.928956047360482984
3.28100       0.928406803624054033
3.28200       0.927723024779360972
3.28300       0.926935945040560982
3.28400       0.926102748627767980
3.28500       0.925256681954238047
3.28600       0.924420470691542984
3.28700       0.923617541327755975
3.28800       0.922843591015422016
3.28900       0.922065291596053993
3.29000       0.921238170803273970
3.29100       0.920334163973079988
3.29200       0.919374093884155030
3.29300       0.918415181240444967
3.29400       0.917506297690322992
3.29500       0.916644472420102052
3.29600       0.915772086635221028
3.29700       0.914826720831241946
3.29800       0.913802679505507975
3.29900       0.912770062108540947
3.30000       0.911816343068473034
3.30100       0.910978110425434973
3.30200       0.910210881331164012
3.30300       0.909415443689642000
3.30400       0.908533275258952999
3.30500       0.907583369038036047
3.30600       0.906623317060006984
3.30700       0.905728209198414014
3.30800       0.904933793128243957
3.30900       0.904202435303479990
3.31000       0.903480130699150008
3.31100       0.902724675900252960
3.31200       0.901920863178715004
3.31300       0.901115505332914957
3.31400       0.900401190760901970
3.31500       0.899840148068030032
3.31600       0.899402858400600969
3.31700       0.898975418647462998
3.31800       0.898431464709505967
3.31900       0.897715242265234026
3.32000       0.896869819152165015
3.32100       0.895990946239381025
3.32200       0.895172324395066998
3.32300       0.894465614202266002
3.32400       0.893861489429949030
3.32500       0.893285679511158004
3.32600       0.892643839152333030
3.32700       0.891934651233446951
3.32800       0.891274182131466031
3.32900       0.890792758831482012
3.33000       0.890520141677135002
3.33100       0.890344566148485006
3.33200       0.890114346775389031
3.33300       0.889782187007143954
3.33400       0.889400818280871031
3.33500       0.889036267535253000
3.33600       0.888699001415225953
3.33700       0.888360446540535031
3.33800       0.888027350485548039
3.33900       0.887755085028841040
3.34000       0.887602291194337978
3.34100       0.887586147824501959
3.34200       0.887667005693613009
3.34300       0.887782793911898960
3.34400       0.887902229618426020
3.34500       0.888046203700674996
3.34600       0.888254008980218002
3.34700       0.888537721717631013
3.34800       0.888864097917805962
3.34900       0.889168342124916022
3.35000       0.889414681373010052
3.35100       0.889620339621866041
3.35200       0.889781089344770959
3.35300       0.889851623333225983
3.35400       0.889817079989033033
3.35500       0.889739045489005953
3.35600       0.889745338399586028
3.35700       0.889940794329648011
3.35800       0.890301327171351020
3.35900       0.890716019893359023
3.36000       0.891136449849424972
3.36100       0.891626528623531978
3.36200       0.892285078395544051
3.36300       0.893139068377223011
3.36400       0.894097955275444001
3.36500       0.895011906858203976
3.36600       0.895767470733024984
3.36700       0.896323885879719007
3.36800       0.896723518788086982
3.36900       0.897065547710800049
3.37000       0.897443389646768952
3.37100       0.897901343248057038
3.37200       0.898418715903540055
3.37300       0.898937490017792995
3.37400       0.899421611054771031
3.37500       0.899878709483146966
3.37600       0.900349480571291050
3.37700       0.900870405187113032
3.37800       0.901456680437494051
3.37900       0.902134589003194987
3.38000       0.902938488286819996
3.38100       0.903890254546644956
3.38200       0.904970829043075020
3.38300       0.906083497196537024
3.38400       0.907114234902579031
3.38500       0.908035979266236026
3.38600       0.908933844503140964
3.38700       0.909935476117652020
3.38800       0.911051565549016007
3.38900       0.912099300588046003
3.39000       0.912855653842710946
3.39100       0.913247681892891960
3.39200       0.913446421461493019
3.39300       0.913779816158509006
3.39400       0.914469122183106053
3.39500       0.915462565771615999
3.39600       0.916541403495512053
3.39700       0.917506932354439031
3.39800       0.918297020997744018
3.39900       0.918977505580927945
3.40000       0.919646131606806971
3.40100       0.920374507714450951
3.40200       0.921199590898775011
3.40300       0.922109193219358025
3.40400       0.923053353402595977
3.40500       0.923967097949347949
3.40600       0.924775418694352980
3.40700       0.925406356307100997
3.40800       0.925821366869170048
3.40900       0.926054951322208053
3.41000       0.926240954449049969
3.41100       0.926587944698135990
3.41200       0.927276558627711966
3.41300       0.928309449031492040
3.41400       0.929455518987697960
3.41500       0.930395860229367044
3.41600       0.930934772036910996
3.41700       0.931071042760200029
3.41800       0.930954305590452003
3.41900       0.930795582878797045
3.42000       0.930773713653305967
3.42100       0.930985481999039965
3.42200       0.931441045164176029
3.42300       0.932063974813844953
3.42400       0.932707837703266041
3.42500       0.933225215349805959
3.42600       0.933544591705451010
3.42700       0.933686896987296011
3.42800       0.933716726228593030
3.42900       0.933694905226864047
3.43000       0.933671320227141055
3.43100       0.933699855770517950
3.43200       0.933813954244396949
3.43300       0.933985206349894015
3.43400       0.934151205379194050
3.43500       0.934266169491028031
3.43600       0.934320416774362950
3.43700       0.934334145790631010
3.43800       0.934312951891657972
3.43900       0.934224523421220976
3.44000       0.934057941588248952
3.44100       0.933866418244376995
3.44200       0.933738479886293993
3.44300       0.933724168749315964
3.44400       0.933792530321328029
3.44500       0.933855349769268983
3.44600       0.933821228225691025
3.44700       0.933639368663520042
3.44800       0.933322818186463010
3.44900       0.932923034846645960
3.45000       0.932500071752456972
3.45100       0.932107276447112998
3.45200       0.931751015844909047
3.45300       0.931388803543847010
3.45400       0.930969344754373984
3.45500       0.930473395610372012
3.45600       0.929935945911438022
3.45700       0.929399742829270958
3.45800       0.928861753942409996
3.45900       0.928297359768898045
3.46000       0.927692030479605023
3.46100       0.927045148594186963
3.46200       0.926383163309318025
3.46300       0.925748132127964030
3.46400       0.925161933344744947
3.46500       0.924624491493556966
3.46600       0.924109706318535951
3.46700       0.923562881515776035
3.46800       0.922933307280056958
3.46900       0.922227931113791977
3.47000       0.921508423230279039
3.47100       0.920839751834334974
3.47200       0.920244919355395985
3.47300       0.919696433773121047
3.47400       0.919141909135329005
3.47500       0.918536410930262948
3.47600       0.917856224237374008
3.47700       0.917090616511167966
3.47800       0.916251287355671962
3.47900       0.915399070153511962
3.48000       0.914630949436956997
3.48100       0.914006871303143953
3.48200       0.913505864683097024
3.48300       0.913042643942665988
3.48400       0.912526866866692044
3.48500       0.911924295852385991
3.48600       0.911244432091329992
3.48700       0.910497672291354032
3.48800       0.909701725023266961
3.48900       0.908895630542155053
3.49000       0.908140130235466025
3.49100       0.907489390112648953
3.49200       0.906935385926481041
3.49300       0.906403223126594049
3.49400       0.905809482452545001
3.49500       0.905110954412428947
3.49600       0.904326800657662022
3.49700       0.903512625459912955
3.49800       0.902724358645984992
3.49900       0.902016883328466967
3.50000       0.901432578094823023
3.50100       0.900988185834935007
3.50200       0.900662812694485004
3.50300       0.900375153450132970
3.50400       0.900008776403617983
3.50500       0.899463771927524025
3.50600       0.898690019457438982
3.50700       0.897741958292809006
3.50800       0.896785990839265024
3.50900       0.895988391235576054
3.51000       0.895403109153034005
3.51100       0.894952009255462033
3.51200       0.894494011413056955
3.51300       0.893961382702317953
3.51400       0.893439809403001051
3.51500       0.893086210638074030
3.51600       0.892966409833510055
3.51700       0.892988445309056966
3.51800       0.892984130108475993
3.51900       0.892835862275292991
3.52000       0.892542656364699982
3.52100       0.892180932678689032
3.52200       0.891812643208359956
3.52300       0.891461942962865961
3.52400       0.891157242013029038
3.52500       0.890939470681311962
3.52600       0.890824324686022018
3.52700       0.890775825784472008
3.52800       0.890734368575096025
3.52900       0.890685973189888958
3.53000       0.890689932021724973
3.53100       0.890818772185389962
3.53200       0.891073738081524014
3.53300       0.891359493690384030
3.53400       0.891551288191247959
3.53500       0.891599968479166005
3.53600       0.891562872683338004
3.53700       0.891542135701588023
3.53800       0.891613380259712041
3.53900       0.891790734647156969
3.54000       0.892029749430186980
3.54100       0.892265092844340968
3.54200       0.892451688067477988
3.54300       0.892581911667368000
3.54400       0.892695693811478952
3.54500       0.892864345544487015
3.54600       0.893131051910590945
3.54700       0.893472638673678987
3.54800       0.893826480557865954
3.54900       0.894153015909382010
3.55000       0.894484653725194034
3.55100       0.894905416356117978
3.55200       0.895472292690837945
3.55300       0.896165576419774013
3.55400       0.896906098198079982
3.55500       0.897611631102436025
3.55600       0.898242946855239977
3.55700       0.898797930730461991
3.55800       0.899279971357147989
3.55900       0.899695213475452005
3.56000       0.900071372398715042
3.56100       0.900465690834073018
3.56200       0.900941139957738946
3.56300       0.901519946581942011
3.56400       0.902169489204272979
3.56500       0.902837956336517977
3.56600       0.903494923211956014
3.56700       0.904145232800530052
3.56800       0.904813720660679000
3.56900       0.905516227924732964
3.57000       0.906247909524363959
3.57100       0.906995214980517050
3.57200       0.907745449335936039
3.57300       0.908483530895237035
3.57400       0.909191849941394015
3.57500       0.909860510491848018
3.57600       0.910498781072164975
3.57700       0.911135756257322016
3.57800       0.911800900239098988
3.57900       0.912498122342195961
3.58000       0.913204620158311053
3.58100       0.913894488080418954
3.58200       0.914561333762215045
3.58300       0.915227822260819002
3.58400       0.915929590810566019
3.58500       0.916683165060690031
3.58600       0.917469690435025020
3.58700       0.918239942405362997
3.58800       0.918944910364626000
3.58900       0.919578981077555979
3.59000       0.920191476191340008
3.59100       0.920864629016010960
3.59200       0.921674144435594034
3.59300       0.922633200018229016
3.59400       0.923672353760031983
3.59500       0.924689384357372024
3.59600       0.925610618634564952
3.59700       0.926423643023075005
3.59800       0.927176564832177030
3.59900       0.927933599553884991
3.60000       0.928719642380272048
3.60100       0.929506613191737996
3.60200       0.930242368614875970
3.60300       0.930886772424073028
3.60400       0.931433410078335022
3.60500       0.931914742491914971
3.60600       0.932392299781362954
3.60700       0.932927520686175016
3.60800       0.933552545759395946
3.60900       0.934255551982512977
3.61000       0.934979290346791947
3.61100       0.935652639734901981
3.61200       0.936238243256800051
3.61300       0.936752299911097985
3.61400       0.937250152346847054
3.61500       0.937784931073013972
3.61600       0.938362561654400018
3.61700       0.938935481982038023
3.61800       0.939437762177727009
3.61900       0.939823098615981012
3.62000       0.940082749896072989
3.62100       0.940243892788756974
3.62200       0.940361494285774979
3.62300       0.940506766733408051
3.62400       0.940740997188543981
3.62500       0.941091707198267957
3.62600       0.941547102439903028
3.62700       0.942063556004237967
3.62800       0.942591760360609987
3.62900       0.943098162768303050
3.63000       0.943558379263401026
3.63100       0.943939250824604947
3.63200       0.944190538236393984
3.63300       0.944268478937882016
3.63400       0.944186650203575950
3.63500       0.944032424854282959
3.63600       0.943909745835074032
3.63700       0.943871125948867018
3.63800       0.943898447360604020
3.63900       0.943928052334551015
3.64000       0.943908021840271005
3.64100       0.943840027808423021
3.64200       0.943760938108696990
3.64300       0.943689213041289054
3.64400       0.943607095186195011
3.64500       0.943482512056105005
3.64600       0.943292818742732964
3.64700       0.943032718916828050
3.64800       0.942712408997658957
3.64900       0.942351514420768033
3.65000       0.941976444696053017
3.65100       0.941622552041899041
3.65200       0.941311255330405050
3.65300       0.941012847215709991
3.65400       0.940652098086063981
3.65500       0.940173154633696995
3.65600       0.939595648837025954
3.65700       0.939018585010496953
3.65800       0.938566085611399981
3.65900       0.938297350760554982
3.66000       0.938156084104281973
3.66100       0.938021849648679962
3.66200       0.937802915286357952
3.66300       0.937468296447763971
3.66400       0.937026052289438027
3.66500       0.936486866078011015
3.66600       0.935847482415138043
3.66700       0.935110902865888050
3.66800       0.934317486879489012
3.66900       0.933537126613631973
3.67000       0.932827209080398956
3.67100       0.932203526436909957
3.67200       0.931648661848132997
3.67300       0.931141346516832003
3.67400       0.930670858108046950
3.67500       0.930221697613150988
3.67600       0.929752477255444965
3.67700       0.929202379112347043
3.67800       0.928530686614939982
3.67900       0.927744619859827035
3.68000       0.926888176297737010
3.68100       0.926014761203134973
3.68200       0.925163981669834046
3.68300       0.924352457132983973
3.68400       0.923581646740974982
3.68500       0.922846751544706967
3.68600       0.922132278559085972
3.68700       0.921417010934677982
3.68800       0.920695387452266978
3.68900       0.919987914429178044
3.69000       0.919320955591607980
3.69100       0.918692318556916021
3.69200       0.918059011893572974
3.69300       0.917363701741255033
3.69400       0.916588546906877966
3.69500       0.915787769305197008
3.69600       0.915049500579406039
3.69700       0.914420867513109026
3.69800       0.913874543212944035
3.69900       0.913334035280215950
3.70000       0.912734827228759982
3.70100       0.912071690720131945
3.70200       0.911390796278634951
3.70300       0.910736411628085052
3.70400       0.910118876359871987
3.70500       0.909529610066542982
3.70600       0.908970159114736997
3.70700       0.908453874343627010
3.70800       0.907979178559902955
3.70900       0.907514395192362988
3.71000       0.907013607141812006
3.71100       0.906449582363306972
3.71200       0.905841811443047984
3.71300       0.905244517092765988
3.71400       0.904698095085025966
3.71500       0.904205755956166035
3.71600       0.903750865578760054
3.71700       0.903319412913984987
3.71800       0.902905577144747951
3.71900       0.902495033794097012
3.72000       0.902054110002016962
3.72100       0.901552240691941953
3.72200       0.900997930143025982
3.72300       0.900451830673489995
3.72400       0.899995021689405039
3.72500       0.899664215932609035
3.72600       0.899416820368406977
3.72700       0.899172188645380954
3.72800       0.898875024308660953
3.72900       0.898527090296868947
3.73000       0.898172710195341950
3.73100       0.897852692243272021
3.73200       0.897574496408477973
3.73300       0.897330954120609037
3.73400       0.897129366916127990
3.73500       0.896994237536774985
3.73600       0.896936191247024950
3.73700       0.896915956067439013
3.73800       0.896862637680154950
3.73900       0.896729471044459991
3.74000       0.896525971993141990
3.74100       0.896313579941396044
3.74200       0.896164943036080963
3.74300       0.896114156110279003
3.74400       0.896151456677285019
3.74500       0.896258144391045009
3.74600       0.896429443905525036
3.74700       0.896666548602256031
3.74800       0.896949325551763987
3.74900       0.897230840408048014
3.75000       0.897469446439629004
3.75100       0.897654171810088997
3.75200       0.897807773718841018
3.75300       0.897968258629888050
3.75400       0.898155148821179972
3.75500       0.898366966847231052
3.75600       0.898616075349003007
3.75700       0.898935491546843046
3.75800       0.899356262280339047
3.75900       0.899877321467759006
3.76000       0.900440402321122990
3.76100       0.900952727739444015
3.76200       0.901359424318065039
3.76300       0.901673479705894954
3.76400       0.901948932996944008
3.76500       0.902236944562187948
3.76600       0.902550918623679976
3.76700       0.902878604748367009
3.76800       0.903231562100141994
3.76900       0.903660889121084998
3.77000       0.904226819257052949
3.77100       0.904950330799501046
3.77200       0.905777358620314055
3.77300       0.906596703933875037
3.77400       0.907314415190845991
3.77500       0.907906521529639021
3.77600       0.908411956258306952
3.77700       0.908893847004306976
3.77800       0.909399210266619962
3.77900       0.909947545831900961
3.78000       0.910543139256568046
3.78100       0.911191873393412011
3.78200       0.911902256070737049
3.78300       0.912671129270316017
3.78400       0.913474054299680982
3.78500       0.914278727403639024
3.78600       0.915068265056283026
3.78700       0.915846090572319027
3.78800       0.916620429297066996
3.78900       0.917383895874816946
3.79000       0.918110044005387982
3.79100       0.918776454871974013
3.79200       0.919393298701827955
3.79300       0.920008588063605970
3.79400       0.920682638184994961
3.79500       0.921451232903048978
3.79600       0.922304379967746946
3.79700       0.923192734121410008
3.79800       0.924057754313893032
3.79900       0.924866659158144033
3.80000       0.925617303910399980
3.80100       0.926320923459748036
3.80200       0.926989827185804027
3.80300       0.927635124197582983
3.80400       0.928266958210550053
3.80500       0.928903884894004994
3.80600       0.929574682090149040
3.80700       0.930304566108256958
3.80800       0.931104983941742015
3.80900       0.931969148810092962
3.81000       0.932868223504974003
3.81100       0.933760693345007997
3.81200       0.934604833609208985
3.81300       0.935365773155992009
3.81400       0.936028832051468029
3.81500       0.936611441593443006
3.81600       0.937152717912065003
3.81700       0.937692699637169946
3.81800       0.938255741208939953
3.81900       0.938840474711930995
3.82000       0.939427295700504983
3.82100       0.939998829262786995
3.82200       0.940552795255295004
3.82300       0.941100448814828017
3.82400       0.941656813859126030
3.82500       0.942230072043229949
3.82600       0.942821757970268015
3.82700       0.943434919850110965
3.82800       0.944072433770592023
3.82900       0.944724730956331027
3.83000       0.945360148251666033
3.83100       0.945924912439923049
3.83200       0.946362251421767997
3.83300       0.946651334246154996
3.83400       0.946832403548648949
3.83500       0.946986485293474956
3.83600       0.947193085620168018
3.83700       0.947494016906944014
3.83800       0.947874999007189967
3.83900       0.948277144942283989
3.84000       0.948638225166907989
3.84100       0.948925810185510032
3.84200       0.949136799080054994
3.84300       0.949282362279355030
3.84400       0.949376400834779033
3.84500       0.949431216033961967
3.84600       0.949457915932040986
3.84700       0.949468165323973046
3.84800       0.949469492954967964
3.84900       0.949456166416080993
3.85000       0.949409441785069030
3.85100       0.949311605726268048
3.85200       0.949162797128690006
3.85300       0.948985172689163048
3.85400       0.948810968746149008
3.85500       0.948663371098008024
3.85600       0.948542940822872049
3.85700       0.948426402597094986
3.85800       0.948280322647125029
3.85900       0.948079176937264956
3.86000       0.947810221093234984
3.86100       0.947470207008742960
3.86200       0.947066558642908007
3.86300       0.946618189440333047
3.86400       0.946148946925696954
3.86500       0.945679724007983946
3.86600       0.945221732720164964
3.86700       0.944771292880165037
3.86800       0.944313345718220010
3.86900       0.943835351008066037
3.87000       0.943338254141892985
3.87100       0.942831710567344050
3.87200       0.942321360293851051
3.87300       0.941800965422677994
3.87400       0.941256853778682956
3.87500       0.940683427618248968
3.87600       0.940093986861431974
3.87700       0.939512919082257980
3.87800       0.938956178963049948
3.87900       0.938414456162730004
3.88000       0.937852105112150003
3.88100       0.937230500649962051
3.88200       0.936536997047338948
3.88300       0.935789367365142954
3.88400       0.935017280489966018
3.88500       0.934240104931409965
3.88600       0.933456807476174988
3.88700       0.932656205167631036
3.88800       0.931839080811404985
3.88900       0.931028328518221038
3.89000       0.930256007441583987
3.89100       0.929537405284702967
3.89200       0.928853315950113001
3.89300       0.928158633160999003
3.89400       0.927409318647780978
3.89500       0.926583545135978959
3.89600       0.925685405207618994
3.89700       0.924733711256446989
3.89800       0.923747455091286973
3.89900       0.922744560646559964
3.90000       0.921752047079311021
3.90100       0.920807305498591022
3.90200       0.919946730022571990
3.90300       0.919190202311334970
3.90400       0.918528814707396002
3.90500       0.917929483756510955
3.90600       0.917357804637873975
3.90700       0.916792185999505960
3.90800       0.916216083288110994
3.90900       0.915602893082805958
3.91000       0.914908065939878945
3.91100       0.914084764592415056
3.91200       0.913122090733755054
3.91300       0.912069108149078045
3.91400       0.911020022261331053
3.91500       0.910073171173150008
3.91600       0.909284641468887989
3.91700       0.908643652436820992
3.91800       0.908090358517743002
3.91900       0.907559900833913025
3.92000       0.907015520247171025
3.92100       0.906451769722196987
3.92200       0.905874539233961995
3.92300       0.905281674659654034
3.92400       0.904663806577817975
3.92500       0.904017227817388025
3.92600       0.903352268297450967
3.92700       0.902689856111865030
3.92800       0.902046532305632032
3.92900       0.901423198602294029
3.93000       0.900816346186022021
3.93100       0.900238945825450054
3.93200       0.899724535784896973
3.93300       0.899314728957592013
3.93400       0.899029892311054013
3.93500       0.898837755947627048
3.93600       0.898661722581955980
3.93700       0.898427692421888024
3.93800       0.898101769900711999
3.93900       0.897702820020820025
3.94000       0.897287656923559052
3.94100       0.896911449078563017
3.94200       0.896592677012199024
3.94300       0.896315446713642050
3.94400       0.896056524032851964
3.94500       0.895806910851063010
3.94600       0.895577497887455998
3.94700       0.895386989386092957
3.94800       0.895242316521474013
3.94900       0.895134857294316966
3.95000       0.895049834192721994
3.95100       0.894979092465226000
3.95200       0.894925515749236955
3.95300       0.894889452468757951
3.95400       0.894860935830669946
3.95500       0.894827192219886047
3.95600       0.894781422014321981
3.95700       0.894735118032281007
3.95800       0.894722942051862979
3.95900       0.894783738039897969
3.96000       0.894932259598735014
3.96100       0.895155532554706035
3.96200       0.895429329345780012
3.96300       0.895734504981603008
3.96400       0.896071310587567949
3.96500       0.896455370007972041
3.96600       0.896896519526513947
3.96700       0.897385966794783996
3.96800       0.897896770643890951
3.96900       0.898398066305850951
3.97000       0.898874256079559952
3.97100       0.899328250533891982
3.97200       0.899770145124800025
3.97300       0.900205582858125020
3.97400       0.900633156345790997
3.97500       0.901051768118367957
3.97600       0.901472382019272045
3.97700       0.901924029662497961
3.97800       0.902440613514020051
3.97900       0.903042026685259014
3.98000       0.903728240869871025
3.98100       0.904482349687065978
3.98200       0.905284598131145035
3.98300       0.906126703282633006
3.98400       0.907011304717233013
3.98500       0.907940394494932024
3.98600       0.908904182790030046
3.98700       0.909879625823180049
3.98800       0.910838959597139008
3.98900       0.911763718378332033
3.99000       0.912653121397119960
3.99100       0.913519205072583995
3.99200       0.914381151633787970
3.99300       0.915256208451435960
3.99400       0.916156396072862034
3.99500       0.917093983086194053
3.99600       0.918076011258353031
3.99700       0.919097787268260968
3.99800       0.920144428868750031
3.99900       0.921192950318916015
4.00000       0.922219293935774953
4.00100       0.923211222569859991
4.00200       0.924172408259842038
4.00300       0.925111134887616982
4.00400       0.926030618444141029
4.00500       0.926924536652003028
4.00600       0.927779405147227010
4.00700       0.928591849334825969
4.00800       0.929381080920931968
4.00900       0.930182328428396987
4.01000       0.931031508743476954
4.01100       0.931950153662595038
4.01200       0.932934091811530974
4.01300       0.933956752930994005
4.01400       0.934987192313730953
4.01500       0.936005122319297000
4.01600       0.937005871873523022
4.01700       0.937994382917928027
4.01800       0.938973373537661971
4.01900       0.939939476267392049
4.02000       0.940889020634580020
4.02100       0.941820473146232962
4.02200       0.942735664039165977
4.02300       0.943643426755424009
4.02400       0.944552872168965996
4.02500       0.945464470109962041
4.02600       0.946371461715199036
4.02700       0.947263230781890009
4.02800       0.948126747421389027
4.02900       0.948949297418103965
4.03000       0.949721221426693019
4.03100       0.950432849018417958
4.03200       0.951077464907915004
4.03300       0.951657751548983022
4.03400       0.952182581554653962
4.03500       0.952669107317779984
4.03600       0.953137966390898983
4.03700       0.953604017234415013
4.03800       0.954072886891034977
4.03900       0.954538447369557952
4.04000       0.954988584214305991
4.04100       0.955407932861512044
4.04200       0.955784270464529961
4.04300       0.956114129237976007
4.04400       0.956404681112277055
4.04500       0.956670911322708983
4.04600       0.956921809539893031
4.04700       0.957151409438316003
4.04800       0.957336287184945012
4.04900       0.957440557881752974
4.05000       0.957431660823473973
4.05100       0.957298720453961027
4.05200       0.957059877278490956
4.05300       0.956749908863481990
4.05400       0.956410792993902970
4.05500       0.956069546478483967
4.05600       0.955729726462541951
4.05700       0.955383063320580983
4.05800       0.955017214744929954
4.05900       0.954629376876229951
4.06000       0.954226236453640020
4.06100       0.953812700606147978
4.06200       0.953376905846613054
4.06300       0.952891179593785997
4.06400       0.952331923707107952
4.06500       0.951684832877866982
4.06600       0.950948919512757951
4.06700       0.950138717242905995
4.06800       0.949269190596572998
4.06900       0.948340819015756953
4.07000       0.947342791656935024
4.07100       0.946267072324324054
4.07200       0.945119029562561996
4.07300       0.943926769235420959
4.07400       0.942731990672602049
4.07500       0.941572437337777957
4.07600       0.940464140495549050
4.07700       0.939394151248805986
4.07800       0.938325821630503043
4.07900       0.937208210390257035
4.08000       0.935993426397180972
4.08100       0.934650770207816950
4.08200       0.933173251102738965
4.08300       0.931582993110593005
4.08400       0.929929116261073996
4.08500       0.928276777102878037
4.08600       0.926679555171350033
4.08700       0.925161045909134949
4.08800       0.923708470924179958
4.08900       0.922276121875620025
4.09000       0.920804721266373027
4.09100       0.919257416203290045
4.09200       0.917634370679446976
4.09300       0.915961229270779054
4.09400       0.914273877929800971
4.09500       0.912600733113479001
4.09600       0.910946410933659023
4.09700       0.909295648582413962
4.09800       0.907638076102797009
4.09900       0.905976062178985964
4.10000       0.904319899260450977
4.10100       0.902681913579207018
4.10200       0.901066974196512049
4.10300       0.899462125670587032
4.10400       0.897844839828051966
4.10500       0.896199845915117033
4.10600       0.894526764967300991
4.10700       0.892838558065851995
4.10800       0.891155993090520959
4.10900       0.889499157347241054
4.11000       0.887884017173932949
4.11100       0.886323656429037987
4.11200       0.884830007698646948
4.11300       0.883412139416401954
4.11400       0.882071154130524948
4.11500       0.880792928942835007
4.11600       0.879550201036309987
4.11700       0.878315135163752037
4.11800       0.877072890053767984
4.11900       0.875826791484803024
4.12000       0.874595445961030005
4.12100       0.873399760276833970
4.12200       0.872246871104319976
4.12300       0.871127714468694969
4.12400       0.870025377866326055
4.12500       0.868930455771212973
4.12600       0.867849462767661950
4.12700       0.866804027014742018
4.12800       0.865823279708221039
4.12900       0.864927238114833963
4.13000       0.864117704347079019
4.13100       0.863383040496617959
4.13200       0.862709294036422047
4.13300       0.862086420625335026
4.13400       0.861510115708565949
4.13500       0.860985372306510954
4.13600       0.860519708876868017
4.13700       0.860119706985495003
4.13800       0.859794496457156998
4.13900       0.859556870862758005
4.14000       0.859415589910070055
4.14100       0.859367369775147050
4.14200       0.859394658329465044
4.14300       0.859469257410732990
4.14400       0.859563881230284044
4.14500       0.859669031824630947
4.14600       0.859803493360704052
4.14700       0.860006471736238010
4.14800       0.860319918574036002
4.14900       0.860765076386866945
4.15000       0.861331515402852022
4.15100       0.861985794861050980
4.15200       0.862690471991323982
4.15300       0.863424363685692975
4.15400       0.864191124018546031
4.15500       0.865017437753114016
4.15600       0.865934764107120003
4.15700       0.866962534006877950
4.15800       0.868106236633030992
4.15900       0.869361816200990956
4.16000       0.870725515144874951
4.16100       0.872197840900713950
4.16200       0.873781247478619960
4.16300       0.875473684447253042
4.16400       0.877266007235106948
4.16500       0.879144726311180014
4.16600       0.881100191204908012
4.16700       0.883134494554803973
4.16800       0.885261733180561006
4.16900       0.887494717970291003
4.17000       0.889831492916801969
4.17100       0.892251884962450004
4.17200       0.894723144081639998
4.17300       0.897215955033522028
4.17400       0.899719173989488974
4.17500       0.902246482503786029
4.17600       0.904827344087034025
4.17700       0.907489284437395960
4.17800       0.910241767714612959
4.17900       0.913071385337825947
4.18000       0.915950399920677949
4.18100       0.918851218836129968
4.18200       0.921757174492221054
4.18300       0.924664422318956958
4.18400       0.927573345210031985
4.18500       0.930479853900120002
4.18600       0.933375731320767010
4.18700       0.936252205321338016
4.18800       0.939101393407022034
4.18900       0.941919914222953958
4.19000       0.944708038126767957
4.19100       0.947458378246844979
4.19200       0.950145779086141951
4.19300       0.952734530182774986
4.19400       0.955194445938210013
4.19500       0.957501021340963043
4.19600       0.959638383078696977
4.19700       0.961588502883880980
4.19800       0.963326754952125053
4.19900       0.964810865268759033
4.20000       0.965984973156883031
4.20100       0.966803050498798999
4.20200       0.967249143857441984
4.20300       0.967354514792699960
4.20400       0.967170626713052983
4.20500       0.966752960798102023
4.20600       0.966132417722922021
4.20700       0.965288231505103012
4.20800       0.964136408818160984
4.20900       0.962548368576868985
4.21000       0.960395269813597019
4.21100       0.957577802887815022
4.21200       0.954037363363440027
4.21300       0.949771282607521972
4.21400       0.944828883933858998
4.21500       0.939295510557200952
4.21600       0.933242370994670001
4.21700       0.926680876811864951
4.21800       0.919564746978160041
4.21900       0.911789975947990050
4.22000       0.903216299213717044
4.22100       0.893696810827684041
4.22200       0.883184886425773974
4.22300       0.871784245941413016
4.22400       0.859715188654768037
4.22500       0.847282724367793949
4.22600       0.834826738513407052
4.22700       0.822643802924815981
4.22800       0.810883838707078031
4.22900       0.799535677471268968
4.23000       0.788457681480955963
4.23100       0.777416782744339008
4.23200       0.766132207597969961
4.23300       0.754331024147389950
4.23400       0.741812565457741990
4.23500       0.728484367160120994
4.23600       0.714380043374497009
4.23700       0.699655508999108000
4.23800       0.684557595391893980
4.23900       0.669366456378156949
4.24000       0.654320340423553026
4.24100       0.639568547999211034
4.24200       0.625147036077144946
4.24300       0.610965167380584040
4.24400       0.596851384277542030
4.24500       0.582611344945298981
4.24600       0.568076217015757945
4.24700       0.553117060976745956
4.24800       0.537671814922574987
4.24900       0.521772508611491048
4.25000       0.505538941727265989
4.25100       0.489158047191679990
4.25200       0.472875509653150006
4.25300       0.456963844097273975
4.25400       0.441692349072766999
4.25500       0.427271802104307985
4.25600       0.413820592442184998
4.25700       0.401328562260999999
4.25800       0.389666157901110977
4.25900       0.378613490311182022
4.26000       0.367885551767862973
4.26100       0.357186527564473000
4.26200       0.346302349692280020
4.26300       0.335159413505706993
4.26400       0.323817039496091974
4.26500       0.312432238812114016
4.26600       0.301229804425268977
4.26700       0.290441839410021996
4.26800       0.280232180218447979
4.26900       0.270658012345065979
4.27000       0.261701724873923014
4.27100       0.253299736266022979
4.27200       0.245344670436644013
4.27300       0.237716796551094012
4.27400       0.230329102702303001
4.27500       0.223164911046296988
4.27600       0.216241466566078011
4.27700       0.209602016449405987
4.27800       0.203309005713918994
4.27900       0.197421056699170011
4.28000       0.191935472164640991
4.28100       0.186781748359262006
4.28200       0.181838628915591993
4.28300       0.176960405653201008
4.28400       0.171997900127373010
4.28500       0.166842776023916006
4.28600       0.161472935452227989
4.28700       0.155958351702714992
4.28800       0.150439590641194998
4.28900       0.145094831282712000
4.29000       0.140083557199635000
4.29100       0.135508493209016007
4.29200       0.131390274204286006
4.29300       0.127669638106264000
4.29400       0.124222311305197994
4.29500       0.120898558305674003
4.29600       0.117570448752505996
4.29700       0.114157789287026995
4.29800       0.110643728738021002
4.29900       0.107067709884337003
4.30000       0.103517992571940998
4.30100       0.100085692954302002
4.30200       0.096841479203817499
4.30300       0.093811629030593494
4.30400       0.090984544414300900
4.30500       0.088309681490839495
4.30600       0.085724167398884901
4.30700       0.083179745432476096
4.30800       0.080662344560057206
4.30900       0.078188569873203703
4.31000       0.075797135577387195
4.31100       0.073532068645835794
4.31200       0.071422539547409500
4.31300       0.069466565976375405
4.31400       0.067634454827406806
4.31500       0.065879452457851401
4.31600       0.064155616884169903
4.31700       0.062427772516768301
4.31800       0.060686642906205200
4.31900       0.058943884165505403
4.32000       0.057226201082598599
4.32100       0.055560218075506797
4.32200       0.053969246931252698
4.32300       0.052464677013651900
4.32400       0.051045770232172501
4.32500       0.049702144430373400
4.32600       0.048417535192724501
4.32700       0.047172263746856097
4.32800       0.045944841193848299
4.32900       0.044720205818170398
4.33000       0.043491297182964898
4.33100       0.042263877211715900
4.33200       0.041054318777484299
4.33300       0.039887841520790203
4.33400       0.038788181502788198
4.33500       0.037771543589303597
4.33600       0.036841200406255499
4.33700       0.035986792058595903
4.33800       0.035187542003410198
4.33900       0.034419155793561799
4.34000       0.033660486830289202
4.34100       0.032894708976786403
4.34200       0.032111634941911001
4.34300       0.031307904822885903
4.34400       0.030485018381886799
4.34500       0.029649142944162300
4.34600       0.028811647565183798
4.34700       0.027990714839923200
4.34800       0.027204257260374599
4.34900       0.026467150155914599
4.35000       0.025785901610701201
4.35100       0.025158054258111601
4.35200       0.024570369173941800
4.35300       0.024006378667728302
4.35400       0.023452935110795700
4.35500       0.022906095680776100
4.35600       0.022369195356543699
4.35700       0.021850469452645800
4.35800       0.021355991043963601
4.35900       0.020885481020683098
4.36000       0.020429077106636700
4.36100       0.019972576197938401
4.36200       0.019504006572900901
4.36300       0.019019027504636001
4.36400       0.018522489172055200
4.36500       0.018026954587098999
4.36600       0.017547215304653200
4.36700       0.017095018740536299
4.36800       0.016675995773866002
4.36900       0.016291065956603099
4.37000       0.015938533807892799
4.37100       0.015615538713561699
4.37200       0.015319153119499799
4.37300       0.015045444755945801
4.37400       0.014785448108520300
4.37500       0.014524692705935699
4.37600       0.014246360615225001
4.37700       0.013937859514238300
4.37800       0.013594271780579001
4.37900       0.013222386810959099
4.38000       0.012838697136514400
4.38100       0.012462916660427099
4.38200       0.012109424201143200
4.38300       0.011785388168458900
4.38400       0.011491341430655199
4.38500       0.011223902948460200
4.38600       0.010979632483132100
4.38700       0.010758817021495301
4.38800       0.010564906773194299
4.38900       0.010400124588498800
4.39000       0.010262195058545000
4.39100       0.010143990227596799
4.39200       0.010033889403883899
4.39300       0.009918876111717380
4.39400       0.009789855826130570
4.39500       0.009644633027415250
4.39600       0.009487842344760741
4.39700       0.009326288656228860
4.39800       0.009166291586780839
4.39900       0.009011964291420481
4.40000       0.008864375019022600
4.40100       0.008722262420927661
4.40200       0.008584950789798261
4.40300       0.008453034812081929
4.40400       0.008325919467754180
4.40500       0.008199003951801620
4.40600       0.008064032193933370
4.40700       0.007913208960513949
4.40800       0.007741777390202100
4.40900       0.007552851132922810
4.41000       0.007359405627110020
4.41100       0.007181646743315890
4.41200       0.007039005947230890
4.41300       0.006941284493069080
4.41400       0.006885356632510640
4.41500       0.006856014119427660
4.41600       0.006829727459761430
4.41700       0.006780944469756470
4.41800       0.006691202244567980
4.41900       0.006555302400022670
4.42000       0.006380734560660350
4.42100       0.006182116132681270
4.42200       0.005975148854632460
4.42300       0.005772683484733920
4.42400       0.005582756050544260
4.42500       0.005408626457110820
4.42600       0.005251325675361910
4.42700       0.005111618969157240
4.42800       0.004989065754268500
4.42900       0.004881122435870800
4.43000       0.004784042196868290
4.43100       0.004695018581472200
4.43200       0.004614259604542370
4.43300       0.004545639596151480
4.43400       0.004496166115143170
4.43500       0.004472674798573940
4.43600       0.004476143206344690
4.43700       0.004497665048995560
4.43800       0.004519168415950290
4.43900       0.004517485811467410
4.44000       0.004470979433438380
4.44100       0.004367555094359380
4.44200       0.004211584556867650
4.44300       0.004023818001607890
4.44400       0.003832169405362020
4.44500       0.003661384760847210
4.44600       0.003527343866572440
4.44700       0.003435316535774720
4.44800       0.003381998018047570
4.44900       0.003359987972646030
4.45000       0.003361855547470010
4.45100       0.003382899538017010
4.45200       0.003421327564887330
4.45300       0.003476231551807980
4.45400       0.003543940973346480
4.45500       0.003616246117107480
4.45600       0.003681529601063240
4.45700       0.003725881233953370
4.45800       0.003736071694330230
4.45900       0.003705369977110910
4.46000       0.003636163310512590
4.46100       0.003536587342724000
4.46200       0.003416762039287650
4.46300       0.003286927104017570
4.46400       0.003157767384053050
4.46500       0.003040717377390640
4.46600       0.002946461317242080
4.46700       0.002883930838473240
4.46800       0.002857923522210620
4.46900       0.002866219604715890
4.47000       0.002897829127820360
4.47100       0.002932897115791010
4.47200       0.002946688181414250
4.47300       0.002919593546453940
4.47400       0.002845699131915680
4.47500       0.002735081422349130
4.47600       0.002609270666192760
4.47700       0.002491790489138720
4.47800       0.002397326623083120
4.47900       0.002326808530376420
4.48000       0.002270900806793400
4.48100       0.002217060228007000
4.48200       0.002155739021812870
4.48300       0.002084502703120770
4.48400       0.002008088244488230
4.48500       0.001934986854038310
4.48600       0.001873032108848730
4.48700       0.001826324482977870
4.48800       0.001794635548251810
4.48900       0.001774479983665760
4.49000       0.001760908245705440
4.49100       0.001749685236337650
4.49200       0.001738567352725620
4.49300       0.001726651092305960
4.49400       0.001713107621239930
4.49500       0.001696522032362760
4.49600       0.001674847699622980
4.49700       0.001646996190826560
4.49800       0.001614932621598650
4.49900       0.001583684821744670
4.50000       0.001559832930133190
