# author : Oliver Czoske
# source : E-LIS-MPIA-MET-1208_1-0
# date_created : 2025-06-18
# date_modified : 2025-06-21
# status : Measurement
# type : filter:transmission
# wavelength_unit : um
# center : 3.8049
# comment : HCI_L_long filter, built by Materion, procured by MPIA
# changes :
#    - 2025-06-21 (OC) cut to 3.4-4.2 um
#
wavelength  transmission
3.40000       0.000051672592439739
3.40100       0.000121552126890911
3.40200       0.000268777705085432
3.40300       0.000377675056102561
3.40400       0.000353261696778129
3.40500       0.000241362839305870
3.40600       0.000092616550070368
3.40700       0.000032209384099029
3.40800       0.000017309494927467
3.40900       0.000019611143349980
3.41000       0.000029684273623154
3.41100       0.000051576874548626
3.41200       0.000099335858829597
3.41300       0.000207547328006985
3.41400       0.000384332171371737
3.41500       0.000461783283401351
3.41600       0.000395454980861992
3.41700       0.000354154108994871
3.41800       0.000359812097272838
3.41900       0.000357972806078681
3.42000       0.000374403621916403
3.42100       0.000427158652083620
3.42200       0.000493005301896388
3.42300       0.000535292148081984
3.42400       0.000511353041148133
3.42500       0.000401375119088443
3.42600       0.000243206131581519
3.42700       0.000124122562957060
3.42800       0.000139907268099537
3.42900       0.000208515029107403
3.43000       0.000288487804426085
3.43100       0.000394183731485920
3.43200       0.000602237476755585
3.43300       0.000909724986973358
3.43400       0.000912114827391682
3.43500       0.000885644911090250
3.43600       0.000792977463690114
3.43700       0.000587709575714745
3.43800       0.000407336662094360
3.43900       0.000259052824829409
3.44000       0.000177850143934842
3.44100       0.000195899277793676
3.44200       0.000314192146299574
3.44300       0.000491730216197306
3.44400       0.000586676049579522
3.44500       0.000569179040468354
3.44600       0.000525497539417885
3.44700       0.000447441199998455
3.44800       0.000366945736018587
3.44900       0.000314290325506394
3.45000       0.000284835088078937
3.45100       0.000265779567143798
3.45200       0.000223615033555141
3.45300       0.000155422611683970
3.45400       0.000102179496779750
3.45500       0.000081754144679751
3.45600       0.000090766756719041
3.45700       0.000135848900574664
3.45800       0.000248613702871103
3.45900       0.000477734891968895
3.46000       0.000779539595654244
3.46100       0.000872207559412919
3.46200       0.000775045738331315
3.46300       0.000658963173176819
3.46400       0.000574575505931763
3.46500       0.000540049567365031
3.46600       0.000515614693873373
3.46700       0.000468405295696930
3.46800       0.000436555055979143
3.46900       0.000394250677309305
3.47000       0.000364968222514875
3.47100       0.000395857192191540
3.47200       0.000508175444057901
3.47300       0.000618118905161828
3.47400       0.000589671884906606
3.47500       0.000464744559453056
3.47600       0.000356274848554550
3.47700       0.000282153356957110
3.47800       0.000235739790398967
3.47900       0.000225684930852871
3.48000       0.000281776333618367
3.48100       0.000454051906659370
3.48200       0.000751399436400124
3.48300       0.000974916112160051
3.48400       0.001127850803005480
3.48500       0.001280414568588520
3.48600       0.001398078411167570
3.48700       0.001332139721294870
3.48800       0.001089062248884280
3.48900       0.000955618344287645
3.49000       0.000873850901240036
3.49100       0.000786283969871515
3.49200       0.000695506627815090
3.49300       0.000621937285017721
3.49400       0.000587330792777153
3.49500       0.000605528975444358
3.49600       0.000660949877479389
3.49700       0.000712566071565668
3.49800       0.000728059244287198
3.49900       0.000722630247856914
3.50000       0.000731278330231094
3.50100       0.000772242096627518
3.50200       0.000844071382880895
3.50300       0.000922677375817221
3.50400       0.000960989184423458
3.50500       0.000937685549451867
3.50600       0.000893170098137268
3.50700       0.000888714109454264
3.50800       0.000958620223187712
3.50900       0.001093824747164570
3.51000       0.001253681372123230
3.51100       0.001399344736848000
3.51200       0.001526532436098790
3.51300       0.001661391285278200
3.51400       0.001797206035932030
3.51500       0.001857221572235530
3.51600       0.001775385584545600
3.51700       0.001622642665469130
3.51800       0.001515123535297870
3.51900       0.001511688762311390
3.52000       0.001609645680998310
3.52100       0.001780554493912460
3.52200       0.001980069667890550
3.52300       0.002166193369565580
3.52400       0.002289774010895900
3.52500       0.002303481974880670
3.52600       0.002214089023201970
3.52700       0.002090155368572100
3.52800       0.002005530493083300
3.52900       0.001981345500502840
3.53000       0.001993595232666030
3.53100       0.002025100735542050
3.53200       0.002119095797394440
3.53300       0.002390533013909790
3.53400       0.002888868896021800
3.53500       0.003483782539936530
3.53600       0.003931219064059240
3.53700       0.004081689578932070
3.53800       0.003982041895440380
3.53900       0.003823452191760830
3.54000       0.003770197012167130
3.54100       0.003860752623807140
3.54200       0.004014408917544510
3.54300       0.004111765437187900
3.54400       0.004117204671529250
3.54500       0.004084580143282090
3.54600       0.004063218737314370
3.54700       0.004052141479498340
3.54800       0.004029676780405290
3.54900       0.004005326699699840
3.55000       0.004021683785857490
3.55100       0.004132751252724390
3.55200       0.004359460882175980
3.55300       0.004688080973221260
3.55400       0.005075602170099500
3.55500       0.005475753243895820
3.55600       0.005841568535949860
3.55700       0.006145907252584240
3.55800       0.006384252943483990
3.55900       0.006589855800708370
3.56000       0.006780244036923010
3.56100       0.006964371325877680
3.56200       0.007140736437133530
3.56300       0.007338891832072590
3.56400       0.007609212723350690
3.56500       0.007992066157599400
3.56600       0.008473340690932311
3.56700       0.008994645422685689
3.56800       0.009490000762184760
3.56900       0.009941981374150810
3.57000       0.010368461889454599
3.57100       0.010782019460767499
3.57200       0.011162130586133100
3.57300       0.011497664651920900
3.57400       0.011829834695518999
3.57500       0.012258225960560100
3.57600       0.012877930900202700
3.57700       0.013710001383789600
3.57800       0.014670990933810701
3.57900       0.015582482720537499
3.58000       0.016288657448390701
3.58100       0.016774847426073800
3.58200       0.017160172303765299
3.58300       0.017622447749883599
3.58400       0.018264806129936001
3.58500       0.019105930613562801
3.58600       0.020087898969129100
3.58700       0.021128640181947499
3.58800       0.022189841954856099
3.58900       0.023265468165750001
3.59000       0.024361867362745902
3.59100       0.025453382863445100
3.59200       0.026498897575697501
3.59300       0.027489771754820098
3.59400       0.028476580502750301
3.59500       0.029576322270942899
3.59600       0.030891831317090300
3.59700       0.032472362943600799
3.59800       0.034265672488980499
3.59900       0.036141280526669199
3.60000       0.037951870891395997
3.60100       0.039621892828761503
3.60200       0.041175416624676900
3.60300       0.042718645595658501
3.60400       0.044368526272977597
3.60500       0.046212226180026399
3.60600       0.048284115786611202
3.60700       0.050578505078567197
3.60800       0.053062680899731901
3.60900       0.055687668177569101
3.61000       0.058382454684789302
3.61100       0.061101323631302100
3.61200       0.063839478918225695
3.61300       0.066661336604377994
3.61400       0.069642188560129298
3.61500       0.072823256139134401
3.61600       0.076169367489010001
3.61700       0.079601455915344801
3.61800       0.083052244824965996
3.61900       0.086534723467531494
3.62000       0.090120798273785496
3.62100       0.093901540221164495
3.62200       0.097918026745334799
3.62300       0.102163795836966997
3.62400       0.106580804943596993
3.62500       0.111109287383929001
3.62600       0.115714475532268005
3.62700       0.120406240360584005
3.62800       0.125229142102191993
3.62900       0.130235157503961002
3.63000       0.135454247998864991
3.63100       0.140902867036651003
3.63200       0.146586462526717004
3.63300       0.152513045087214999
3.63400       0.158686320125444008
3.63500       0.165094405832225011
3.63600       0.171716498300102993
3.63700       0.178549075443036998
3.63800       0.185615320702623987
3.63900       0.192958887869749990
3.64000       0.200608610573696000
3.64100       0.208539164203582011
3.64200       0.216678471487391000
3.64300       0.224936165191653992
3.64400       0.233247870948982999
3.64500       0.241603854284961006
3.64600       0.250057114031616012
3.64700       0.258692014656787983
3.64800       0.267601451402050994
3.64900       0.276850265411177021
3.65000       0.286413050849504025
3.65100       0.296222482347132998
3.65200       0.306193437674898983
3.65300       0.316284185390748984
3.65400       0.326487335861572026
3.65500       0.336821340665367008
3.65600       0.347290207877464008
3.65700       0.357892236982956025
3.65800       0.368646206044680014
3.65900       0.379616405422197989
3.66000       0.390872745067546989
3.66100       0.402451114028104018
3.66200       0.414309232532283023
3.66300       0.426365197631084991
3.66400       0.438533252144743979
3.66500       0.450758548882632004
3.66600       0.463013938506158018
3.66700       0.475268587185410984
3.66800       0.487485233462187972
3.66900       0.499648112349873996
3.67000       0.511768933566984052
3.67100       0.523882700585659000
3.67200       0.536010308763004040
3.67300       0.548141973244164027
3.67400       0.560257855197476951
3.67500       0.572332006682018002
3.67600       0.584354857257423976
3.67700       0.596298492898270971
3.67800       0.608122956105937029
3.67900       0.619786988022631991
3.68000       0.631289843283874053
3.68100       0.642668018751905046
3.68200       0.653941956910657041
3.68300       0.665086764550836040
3.68400       0.676026063468640026
3.68500       0.686691894125174951
3.68600       0.697050275484158988
3.68700       0.707111273826498965
3.68800       0.716898968377413959
3.68900       0.726417215130134020
3.69000       0.735654395699690045
3.69100       0.744599591057124033
3.69200       0.753261014685428054
3.69300       0.761655169058105042
3.69400       0.769787663915228015
3.69500       0.777652867674866966
3.69600       0.785237596946788963
3.69700       0.792536432010142011
3.69800       0.799540951103157038
3.69900       0.806238136381682957
3.70000       0.812616848579828965
3.70100       0.818689059100314975
3.70200       0.824481514877441035
3.70300       0.830019033773992998
3.70400       0.835284884189227972
3.70500       0.840205048536379007
3.70600       0.844694292536422031
3.70700       0.848724190761330988
3.70800       0.852362249437568997
3.70900       0.855787240907834978
3.71000       0.859172856579895949
3.71100       0.862629274203237983
3.71200       0.866131088124699966
3.71300       0.869560514540365981
3.71400       0.872766275193414987
3.71500       0.875642797924326977
3.71600       0.878169908518680042
3.71700       0.880401470941905018
3.71800       0.882427111190004054
3.71900       0.884315530077144030
3.72000       0.886092023075766955
3.72100       0.887712601238721977
3.72200       0.889121346371784971
3.72300       0.890274282756281954
3.72400       0.891218124546095947
3.72500       0.892050686277362948
3.72600       0.892891188028820948
3.72700       0.893809273999709997
3.72800       0.894778264115050015
3.72900       0.895694139439354053
3.73000       0.896427150671571971
3.73100       0.896891236045847973
3.73200       0.897078114304568963
3.73300       0.897057302054045991
3.73400       0.896949594626605951
3.73500       0.896896021346016981
3.73600       0.897009816140298955
3.73700       0.897359834394932054
3.73800       0.897924949596787036
3.73900       0.898618484298607023
3.74000       0.899267176861498041
3.74100       0.899727751980860968
3.74200       0.899900543635272054
3.74300       0.899798561011014963
3.74400       0.899537428469883049
3.74500       0.899261774274614956
3.74600       0.899097134505193019
3.74700       0.899129190714712978
3.74800       0.899375213822334985
3.74900       0.899804839497224007
3.75000       0.900328568932905027
3.75100       0.900842930846322054
3.75200       0.901254118127756021
3.75300       0.901527243868128991
3.75400       0.901690155832833962
3.75500       0.901812352298067998
3.75600       0.901958668095070970
3.75700       0.902149303846961015
3.75800       0.902370280874814967
3.75900       0.902593240056176027
3.76000       0.902810366892557004
3.76100       0.903041732381109963
3.76200       0.903333672918232966
3.76300       0.903729572102391021
3.76400       0.904270344467428044
3.76500       0.904966342196003026
3.76600       0.905803015302123038
3.76700       0.906715251649173992
3.76800       0.907619164503944975
3.76900       0.908447786361912035
3.77000       0.909173019546388961
3.77100       0.909824538339196964
3.77200       0.910409859772933983
3.77300       0.910920788357960975
3.77400       0.911297198436975986
3.77500       0.911535253337298013
3.77600       0.911705047529623003
3.77700       0.911952032712394001
3.77800       0.912418949239072963
3.77900       0.913165203185703045
3.78000       0.914139062566652005
3.78100       0.915232725806631953
3.78200       0.916360633197088048
3.78300       0.917472760640948959
3.78400       0.918562078667187976
3.78500       0.919582986033354977
3.78600       0.920465338184333959
3.78700       0.921141058992356987
3.78800       0.921622143836488994
3.78900       0.922005021585672990
3.79000       0.922438606561600039
3.79100       0.923041103455098044
3.79200       0.923851266320585007
3.79300       0.924822967797297002
3.79400       0.925873176819896004
3.79500       0.926913071261067034
3.79600       0.927863641449365950
3.79700       0.928670143562308037
3.79800       0.929306587641311022
3.79900       0.929784205071033987
3.80000       0.930185794084490980
3.80100       0.930576487308722999
3.80200       0.931021906936183030
3.80300       0.931474725930832026
3.80400       0.931870544629773034
3.80500       0.932116944863748964
3.80600       0.932219848974429999
3.80700       0.932251437842890995
3.80800       0.932295263723758039
3.80900       0.932398819897794051
3.81000       0.932542334499654957
3.81100       0.932673316752163029
3.81200       0.932756395775174996
3.81300       0.932787281793682976
3.81400       0.932789855940869050
3.81500       0.932756445187452043
3.81600       0.932653339812206994
3.81700       0.932418751490508013
3.81800       0.932013389674235970
3.81900       0.931452750831564980
3.82000       0.930796974073035965
3.82100       0.930130942921020054
3.82200       0.929516505072874977
3.82300       0.928972585419925001
3.82400       0.928476855836099957
3.82500       0.927987919540885997
3.82600       0.927462289833803966
3.82700       0.926865551890784012
3.82800       0.926173251209979953
3.82900       0.925368876441483024
3.83000       0.924455509938032050
3.83100       0.923449433470580949
3.83200       0.922381769983782962
3.83300       0.921287823425987029
3.83400       0.920184179371948963
3.83500       0.919090821912569966
3.83600       0.918006808676959052
3.83700       0.916952260482183035
3.83800       0.915934493090700963
3.83900       0.914948604359407947
3.84000       0.913975051248953951
3.84100       0.912974210191013991
3.84200       0.911933220441878967
3.84300       0.910862361972940016
3.84400       0.909803367534415042
3.84500       0.908797878388193037
3.84600       0.907861564090663986
3.84700       0.906982513038635974
3.84800       0.906122775995123031
3.84900       0.905246952348468970
3.85000       0.904329170039272046
3.85100       0.903363701766211946
3.85200       0.902373233607870029
3.85300       0.901416060944494002
3.85400       0.900580886249786050
3.85500       0.899963916718045986
3.85600       0.899627315255056015
3.85700       0.899552873126403973
3.85800       0.899641053355109022
3.85900       0.899747423065476948
3.86000       0.899741746294657974
3.86100       0.899581476827606030
3.86200       0.899302035564753965
3.86300       0.898997268230233959
3.86400       0.898761120947153991
3.86500       0.898654493754020955
3.86600       0.898711410597537008
3.86700       0.898952652653267958
3.86800       0.899400718120626053
3.86900       0.900071478078633969
3.87000       0.900947826895708959
3.87100       0.901992413278066008
3.87200       0.903131519168527963
3.87300       0.904302920730996052
3.87400       0.905456416800727970
3.87500       0.906567006274400011
3.87600       0.907633283155988013
3.87700       0.908670483390769945
3.87800       0.909708043320652027
3.87900       0.910787340138242030
3.88000       0.911947643424345977
3.88100       0.913208447514897048
3.88200       0.914557914486836987
3.88300       0.915962972826749988
3.88400       0.917388744987003957
3.88500       0.918823122675870962
3.88600       0.920278223781484050
3.88700       0.921773264125347991
3.88800       0.923308688611823025
3.88900       0.924857899308864972
3.89000       0.926365622060177030
3.89100       0.927777242394686952
3.89200       0.929045192443266998
3.89300       0.930145679215083954
3.89400       0.931070728539267978
3.89500       0.931818838947785055
3.89600       0.932387492628442005
3.89700       0.932754683130717965
3.89800       0.932881815544176041
3.89900       0.932706094833470001
3.90000       0.932181162533882945
3.90100       0.931279127237301996
3.90200       0.929999505514530034
3.90300       0.928359150199081995
3.90400       0.926353630089644997
3.90500       0.923928809259827011
3.90600       0.921001659677113005
3.90700       0.917465596578914022
3.90800       0.913263692490737022
3.90900       0.908380833039789004
3.91000       0.902851045233639016
3.91100       0.896715001798842004
3.91200       0.889994222000339952
3.91300       0.882678868290585950
3.91400       0.874739833840549985
3.91500       0.866152591440602970
3.91600       0.856888851418531994
3.91700       0.846918758780269010
3.91800       0.836222583105267980
3.91900       0.824783671416390973
3.92000       0.812620521192223055
3.92100       0.799779566867102054
3.92200       0.786341082250509027
3.92300       0.772395912382635053
3.92400       0.758023804644367027
3.92500       0.743265672994696036
3.92600       0.728138748892070975
3.92700       0.712612622380000005
3.92800       0.696676107452645965
3.92900       0.680305458397654994
3.93000       0.663525312687938018
3.93100       0.646406793673393043
3.93200       0.629046251897009023
3.93300       0.611541546462148977
3.93400       0.593986446127586998
3.93500       0.576438757104497990
3.93600       0.558946560243910984
3.93700       0.541540073171119962
3.93800       0.524255818311516020
3.93900       0.507134227131530002
3.94000       0.490202266116497976
3.94100       0.473486734196413017
3.94200       0.456992355550098983
3.94300       0.440738553800840982
3.94400       0.424757707879187985
3.94500       0.409104310905476998
3.94600       0.393840297988362009
3.94700       0.379007513455527023
3.94800       0.364622570321194994
3.94900       0.350671842556060986
3.95000       0.337134167500722004
3.95100       0.323993841089425028
3.95200       0.311256910242633023
3.95300       0.298940618232486022
3.95400       0.287057163842667995
3.95500       0.275599064099601998
3.95600       0.264545254614680980
3.95700       0.253869612301003023
3.95800       0.243559016729677003
3.95900       0.233619191590143993
3.96000       0.224068432322298006
3.96100       0.214928965794861010
3.96200       0.206196208560591010
3.96300       0.197851063897171997
3.96400       0.189872800136419995
3.96500       0.182232003175773011
3.96600       0.174911767724455991
3.96700       0.167890113231052990
3.96800       0.161152170186084992
3.96900       0.154681207326624992
3.97000       0.148464374378474012
3.97100       0.142494880625076009
3.97200       0.136770188681442001
3.97300       0.131290975602918997
3.97400       0.126052577724899001
3.97500       0.121045443182844006
3.97600       0.116253748474353005
3.97700       0.111661625495354994
3.97800       0.107256942573535005
3.97900       0.103033932827805999
3.98000       0.098990021770074293
3.98100       0.095126400286094495
3.98200       0.091442316921877903
3.98300       0.087938262051057606
3.98400       0.084611474927239499
3.98500       0.081456978269347502
3.98600       0.078464119543456307
3.98700       0.075613302523421994
3.98800       0.072881635453681398
3.98900       0.070246709773853097
3.99000       0.067692047180447204
3.99100       0.065206498593385107
3.99200       0.062786094970823200
3.99300       0.060434223597196600
3.99400       0.058161335767881198
3.99500       0.055988344696956502
3.99600       0.053933260244095400
3.99700       0.052006968972092303
3.99800       0.050197365147312198
3.99900       0.048468924482548900
4.00000       0.046774041602831502
4.00100       0.045068323187553702
4.00200       0.043335727084958399
4.00300       0.041594941980998897
4.00400       0.039896317452051001
4.00500       0.038301218973669102
4.00600       0.036857071553077603
4.00700       0.035583437079517402
4.00800       0.034464637307155301
4.00900       0.033454662598662498
4.01000       0.032498187367143501
4.01100       0.031537377287757198
4.01200       0.030536794466871499
4.01300       0.029484363857037899
4.01400       0.028398694261183799
4.01500       0.027318119958519699
4.01600       0.026290341727908999
4.01700       0.025354553264767401
4.01800       0.024527451232313299
4.01900       0.023807591449341199
4.02000       0.023169067645814900
4.02100       0.022589668085757800
4.02200       0.022039565368508401
4.02300       0.021502794982441599
4.02400       0.020959623190025801
4.02500       0.020392883508672601
4.02600       0.019788608317313099
4.02700       0.019138270963236201
4.02800       0.018457939332389799
4.02900       0.017770040931935200
4.03000       0.017113761818722501
4.03100       0.016510374021696500
4.03200       0.015969507400534200
4.03300       0.015477742872261700
4.03400       0.015018516449976500
4.03500       0.014574627930491900
4.03600       0.014144883809896100
4.03700       0.013733470901836900
4.03800       0.013347944811105600
4.03900       0.012991489574950599
4.04000       0.012659440825016200
4.04100       0.012345341359434299
4.04200       0.012043420244133100
4.04300       0.011746270095228200
4.04400       0.011445692059511400
4.04500       0.011125957558334201
4.04600       0.010766087963081299
4.04700       0.010359872749690300
4.04800       0.009913124677945140
4.04900       0.009465446115085820
4.05000       0.009061704273262141
4.05100       0.008746693336798670
4.05200       0.008532583987949090
4.05300       0.008415968466036320
4.05400       0.008353406876092930
4.05500       0.008311361351796829
4.05600       0.008235897957337040
4.05700       0.008109849330096400
4.05800       0.007921334780793380
4.05900       0.007684055362619850
4.06000       0.007411266545290340
4.06100       0.007127778498798200
4.06200       0.006846990960071460
4.06300       0.006596343492111250
4.06400       0.006389382561574400
4.06500       0.006245542179889430
4.06600       0.006166219114437320
4.06700       0.006140679070585070
4.06800       0.006139801402199270
4.06900       0.006124427531467750
4.07000       0.006057693426698040
4.07100       0.005916395882398340
4.07200       0.005697587828401800
4.07300       0.005417081268237480
4.07400       0.005110616323299010
4.07500       0.004820432890941810
4.07600       0.004587348642940750
4.07700       0.004434305464980640
4.07800       0.004366501814846570
4.07900       0.004351528840743840
4.08000       0.004349943507870880
4.08100       0.004303252416136270
4.08200       0.004177687558751250
4.08300       0.003969324065874470
4.08400       0.003701884396168700
4.08500       0.003426454193937940
4.08600       0.003202581010310010
4.08700       0.003069488696595320
4.08800       0.003050628116463010
4.08900       0.003137946432676950
4.09000       0.003294137025389940
4.09100       0.003462864726985650
4.09200       0.003561657090173120
4.09300       0.003547134767345470
4.09400       0.003413201956542490
4.09500       0.003217580283526700
4.09600       0.003027634842762470
4.09700       0.002896711578109060
4.09800       0.002844220368264070
4.09900       0.002860959001882210
4.10000       0.002919727803715740
4.10100       0.002989185531542450
4.10200       0.003047042634605730
4.10300       0.003086855128705960
4.10400       0.003117045264960340
4.10500       0.003154062210717290
4.10600       0.003202530067517140
4.10700       0.003261059027448080
4.10800       0.003293745821927350
4.10900       0.003262764195348100
4.11000       0.003142241078354370
4.11100       0.002949842121920290
4.11200       0.002740289577259030
4.11300       0.002566355781664860
4.11400       0.002449923071525250
4.11500       0.002376225273515530
4.11600       0.002320983853725200
4.11700       0.002237942480045440
4.11800       0.002133010095446420
4.11900       0.002031658444769930
4.12000       0.001962967445240090
4.12100       0.001949923493811080
4.12200       0.001985335821474310
4.12300       0.002049832152047380
4.12400       0.002098378757608050
4.12500       0.002084609921864660
4.12600       0.001978651524224050
4.12700       0.001808071078359230
4.12800       0.001617910532379250
4.12900       0.001445105647102650
4.13000       0.001303243887514850
4.13100       0.001192829557777660
4.13200       0.001109611718938140
4.13300       0.001052697539158650
4.13400       0.001025739607149110
4.13500       0.001034271149912450
4.13600       0.001087114916138610
4.13700       0.001188274751941170
4.13800       0.001332863971085560
4.13900       0.001511475876130650
4.14000       0.001678356224497160
4.14100       0.001679282790441990
4.14200       0.001611480286327240
4.14300       0.001546561852107830
4.14400       0.001504945307877340
4.14500       0.001497069825969230
4.14600       0.001510688073310310
4.14700       0.001523688950248650
4.14800       0.001509944149672260
4.14900       0.001446059106479270
4.15000       0.001332587536818310
4.15100       0.001185008271359590
4.15200       0.001028621716333890
4.15300       0.000894714343918024
4.15400       0.000798177952448798
4.15500       0.000740764016802190
4.15600       0.000719345780959602
4.15700       0.000724598800198678
4.15800       0.000754525694407870
4.15900       0.000809725195183408
4.16000       0.000878018750871568
4.16100       0.000935745098093466
4.16200       0.000960820017591374
4.16300       0.000934468274778166
4.16400       0.000856207324774205
4.16500       0.000731400166198881
4.16600       0.000553610171618257
4.16700       0.000389600293811354
4.16800       0.000277616024168592
4.16900       0.000200599569198573
4.17000       0.000146024488982155
4.17100       0.000105293923111510
4.17200       0.000075938423362322
4.17300       0.000064303394896954
4.17400       0.000072846519752492
4.17500       0.000097055707525009
4.17600       0.000111695264566836
4.17700       0.000153262572216928
4.17800       0.000230527509203049
4.17900       0.000322747881121965
4.18000       0.000404886792600326
4.18100       0.000418259449671943
4.18200       0.000382158847773567
4.18300       0.000333447619430632
4.18400       0.000276578608870898
4.18500       0.000218480256819115
4.18600       0.000168008681242643
4.18700       0.000138860245842129
4.18800       0.000138491052289483
4.18900       0.000170481232916075
4.19000       0.000247155306621838
4.19100       0.000357780250670570
4.19200       0.000409345069183109
4.19300       0.000375919938422939
4.19400       0.000361031159717938
4.19500       0.000373686616110959
4.19600       0.000383591655611526
4.19700       0.000362784093591362
4.19800       0.000312451076034337
4.19900       0.000248093230866830
4.20000       0.000186532198198419
