# author : Oliver Czoske
# source : E-LIS-MPIA-MET-1208_1-0
# date_created : 2025-06-18
# date_modified : 2025-06-21
# status : Measurement
# type : filter:transmission
# wavelength_unit : um
# center : 11.5915
# comment : PAH_11.25_ref filter, built by Materion, procured by MPIA
# changes :
#    - 2025-06-21 (OC) cut to 10.8-12.0 um as for PAH_11.25
#
wavelength  transmission
10.80000       0.000189440105796661
10.80100       0.000189820092829867
10.80200       0.000191634509266705
10.80300       0.000194873353643141
10.80400       0.000199538928277621
10.80500       0.000205513617691611
10.80600       0.000212657799577992
10.80700       0.000220890010191918
10.80800       0.000230076450006250
10.80900       0.000240142077814573
10.81000       0.000250973387186909
10.81100       0.000262425955602844
10.81200       0.000274466410408625
10.81300       0.000287028340619028
10.81400       0.000300047628621236
10.81500       0.000313793577237292
10.81600       0.000328672457158313
10.81700       0.000344699967226914
10.81800       0.000361559048187965
10.81900       0.000379091348181426
10.82000       0.000397106663027225
10.82100       0.000415304535859667
10.82200       0.000433572041610431
10.82300       0.000451595419035500
10.82400       0.000469147463981134
10.82500       0.000486259769365893
10.82600       0.000502918270496977
10.82700       0.000519208523068720
10.82800       0.000535565382065117
10.82900       0.000552282008672161
10.83000       0.000569125108327018
10.83100       0.000585758438377826
10.83200       0.000601997040411917
10.83300       0.000617554215742611
10.83400       0.000632191121881759
10.83500       0.000645687296993880
10.83600       0.000657706804120514
10.83700       0.000668159786090763
10.83800       0.000677143455320856
10.83900       0.000684718844651266
10.84000       0.000691048592334251
10.84100       0.000696380761570990
10.84200       0.000700741849125733
10.84300       0.000703967307789526
10.84400       0.000705950902267355
10.84500       0.000706591417775456
10.84600       0.000705768176288583
10.84700       0.000703405848266624
10.84800       0.000699383207183969
10.84900       0.000693622752658080
10.85000       0.000685940042218502
10.85100       0.000676042801344076
10.85200       0.000663911310123499
10.85300       0.000649769540096656
10.85400       0.000633738663295275
10.85500       0.000616068758731020
10.85600       0.000597133720339010
10.85700       0.000577071193031242
10.85800       0.000556245866008220
10.85900       0.000534937406992259
10.86000       0.000513273074492698
10.86100       0.000491653595270841
10.86200       0.000470057562014764
10.86300       0.000447324498551505
10.86400       0.000422562599379228
10.86500       0.000396159433881216
10.86600       0.000368681766552026
10.86700       0.000340390749393349
10.86800       0.000312129518098891
10.86900       0.000284617759652273
10.87000       0.000258307469968910
10.87100       0.000234042740152568
10.87200       0.000212287657458538
10.87300       0.000193693243527221
10.87400       0.000178861834749217
10.87500       0.000167560556129584
10.87600       0.000159275061632311
10.87700       0.000153727178389178
10.87800       0.000150593736275975
10.87900       0.000149565724546855
10.88000       0.000150427240159866
10.88100       0.000152882012193767
10.88200       0.000156721679506935
10.88300       0.000161645538073220
10.88400       0.000167378506418542
10.88500       0.000173905420632753
10.88600       0.000181242990109812
10.88700       0.000189527655510113
10.88800       0.000199391307322633
10.88900       0.000211398737911206
10.89000       0.000225233607587028
10.89100       0.000240237739034005
10.89200       0.000256085709666454
10.89300       0.000272217594775914
10.89400       0.000288190651685921
10.89500       0.000303591178145018
10.89600       0.000317749020071978
10.89700       0.000330414822037939
10.89800       0.000341332321351820
10.89900       0.000350196464880589
10.90000       0.000357263961146381
10.90100       0.000363106240235056
10.90200       0.000367902850204764
10.90300       0.000371791755961907
10.90400       0.000374938400402567
10.90500       0.000377429013289431
10.90600       0.000379480098054392
10.90700       0.000381177102559336
10.90800       0.000382695316995287
10.90900       0.000384231199690121
10.91000       0.000385780666386976
10.91100       0.000387336022980935
10.91200       0.000388890546832037
10.91300       0.000390318012915877
10.91400       0.000391502006956482
10.91500       0.000392428241104936
10.91600       0.000393100897278919
10.91700       0.000393518141880235
10.91800       0.000393667421558203
10.91900       0.000393544084755182
10.92000       0.000393144396974642
10.92100       0.000392462093627385
10.92200       0.000391476526071369
10.92300       0.000390122454352434
10.92400       0.000388332438699377
10.92500       0.000386107690423205
10.92600       0.000383488474877486
10.92700       0.000380508576727355
10.92800       0.000377249229535873
10.92900       0.000373791719442830
10.93000       0.000370196172996808
10.93100       0.000366552982971897
10.93200       0.000362918929504262
10.93300       0.000359375796070767
10.93400       0.000356010254324399
10.93500       0.000352834018596621
10.93600       0.000349850165347297
10.93700       0.000347054965759035
10.93800       0.000344385678065138
10.93900       0.000341778423615952
10.94000       0.000339205015550733
10.94100       0.000336598706754065
10.94200       0.000333928807716155
10.94300       0.000331148803903916
10.94400       0.000328194416600744
10.94500       0.000325051541088514
10.94600       0.000321642875891585
10.94700       0.000317944212234765
10.94800       0.000314067039160267
10.94900       0.000310119625105264
10.95000       0.000306090620529276
10.95100       0.000301942985084909
10.95200       0.000297661628996609
10.95300       0.000293183864557220
10.95400       0.000288446389475942
10.95500       0.000283420824876680
10.95600       0.000278049419973191
10.95700       0.000272284019239816
10.95800       0.000266057592325300
10.95900       0.000259286601688433
10.96000       0.000251893972047695
10.96100       0.000243704938101330
10.96200       0.000234649056240183
10.96300       0.000224908598358442
10.96400       0.000214675093886577
10.96500       0.000204091397267653
10.96600       0.000193398584120347
10.96700       0.000182761744467727
10.96800       0.000172363256724969
10.96900       0.000162412393288444
10.97000       0.000153054527949406
10.97100       0.000144505898245412
10.97200       0.000136876035320407
10.97300       0.000130056624659203
10.97400       0.000123931577833747
10.97500       0.000118418601979711
10.97600       0.000113385327209989
10.97700       0.000108757770098222
10.97800       0.000104435739589785
10.97900       0.000100318953022344
10.98000       0.000096340095267391
10.98100       0.000092387987313217
10.98200       0.000088403513690598
10.98300       0.000084249024551425
10.98400       0.000079758865614371
10.98500       0.000074896014729133
10.98600       0.000069570051746494
10.98700       0.000063705732635311
10.98800       0.000057547233567101
10.98900       0.000051388283354672
10.99000       0.000045323423546045
10.99100       0.000039655356971036
10.99200       0.000034555941105609
10.99300       0.000030213359015895
10.99400       0.000026917630151346
10.99500       0.000024760456365507
10.99600       0.000023922730296033
10.99700       0.000024526668740889
10.99800       0.000026397180258004
10.99900       0.000029308756777514
11.00000       0.000033191613014814
11.00100       0.000037980486619710
11.00200       0.000043615000733563
11.00300       0.000050053932086305
11.00400       0.000057227618375386
11.00500       0.000065087630559263
11.00600       0.000073547990494402
11.00700       0.000082560231358095
11.00800       0.000092209112728600
11.00900       0.000102607409912567
11.01000       0.000113868427875780
11.01100       0.000126233530340636
11.01200       0.000139847733807763
11.01300       0.000154457706034838
11.01400       0.000169717888868132
11.01500       0.000185413425804970
11.01600       0.000201226558529971
11.01700       0.000216941375970225
11.01800       0.000232283578098597
11.01900       0.000246889015436014
11.02000       0.000260644066982563
11.02100       0.000273457846319908
11.02200       0.000285240321586083
11.02300       0.000296240383466873
11.02400       0.000306824176020681
11.02500       0.000317050734925953
11.02600       0.000326852029909508
11.02700       0.000336193111236047
11.02800       0.000345040771265570
11.02900       0.000353356159782783
11.03000       0.000361127547220494
11.03100       0.000368310086009349
11.03200       0.000374869482092866
11.03300       0.000380776047063811
11.03400       0.000385949343128612
11.03500       0.000390379189153620
11.03600       0.000394068532114600
11.03700       0.000397017365287921
11.03800       0.000399297401926117
11.03900       0.000401020629723628
11.04000       0.000402229380911404
11.04100       0.000403014271905813
11.04200       0.000403457906595155
11.04300       0.000403622868081652
11.04400       0.000403629328388667
11.04500       0.000403496795055373
11.04600       0.000403127418421628
11.04700       0.000402446350205936
11.04800       0.000401372585670023
11.04900       0.000399757745132321
11.05000       0.000397598514899764
11.05100       0.000395095838325723
11.05200       0.000392405550332570
11.05300       0.000389653091457748
11.05400       0.000387007068271439
11.05500       0.000384583854918436
11.05600       0.000382565630172020
11.05700       0.000381104770623560
11.05800       0.000380194472720901
11.05900       0.000379800028442066
11.06000       0.000379872548360972
11.06100       0.000380227605966556
11.06200       0.000380715917466053
11.06300       0.000381402117173966
11.06400       0.000382422770554031
11.06500       0.000383836954888878
11.06600       0.000385748111719396
11.06700       0.000388230341162109
11.06800       0.000391356594216463
11.06900       0.000395243641144398
11.07000       0.000399928530310990
11.07100       0.000405512842407627
11.07200       0.000412090032878412
11.07300       0.000419611378697976
11.07400       0.000428008474200700
11.07500       0.000437273209148950
11.07600       0.000447248958705210
11.07700       0.000457830638409762
11.07800       0.000468965717974279
11.07900       0.000480519068966623
11.08000       0.000492429058844779
11.08100       0.000504564834911680
11.08200       0.000516800200574569
11.08300       0.000529222524125877
11.08400       0.000542016510992976
11.08500       0.000555279295668593
11.08600       0.000569182702035209
11.08700       0.000583891914264001
11.08800       0.000599248171535560
11.08900       0.000614893516155957
11.09000       0.000630617309587495
11.09100       0.000646164562003060
11.09200       0.000661282019769671
11.09300       0.000675769287680233
11.09400       0.000689284961820608
11.09500       0.000701675668807467
11.09600       0.000712968612723908
11.09700       0.000723155162147091
11.09800       0.000732407517675476
11.09900       0.000741087286558223
11.10000       0.000749311642301992
11.10100       0.000756916625488963
11.10200       0.000763772682777636
11.10300       0.000769778320473355
11.10400       0.000774796576487297
11.10500       0.000778745943896902
11.10600       0.000781503570260481
11.10700       0.000782963186576764
11.10800       0.000783020914912541
11.10900       0.000781492478253407
11.11000       0.000778309838233369
11.11100       0.000773526025190908
11.11200       0.000767163839300380
11.11300       0.000759336173743713
11.11400       0.000750308717327869
11.11500       0.000740180651390379
11.11600       0.000729166008574422
11.11700       0.000717461995697416
11.11800       0.000705163042415746
11.11900       0.000692578408146238
11.12000       0.000679822411178366
11.12100       0.000666813111699083
11.12200       0.000653505018401473
11.12300       0.000639763235889851
11.12400       0.000625153210439905
11.12500       0.000609506253810593
11.12600       0.000593144833389653
11.12700       0.000576374191711221
11.12800       0.000559344277676371
11.12900       0.000542355745857592
11.13000       0.000525616144488900
11.13100       0.000509360347048071
11.13200       0.000493887995679232
11.13300       0.000479252430640315
11.13400       0.000465450808191686
11.13500       0.000452429798171616
11.13600       0.000439775439759954
11.13700       0.000427006902153332
11.13800       0.000414191930783986
11.13900       0.000401727969855270
11.14000       0.000389860642866502
11.14100       0.000378865135540682
11.14200       0.000369027547987399
11.14300       0.000360585220114742
11.14400       0.000353897944848719
11.14500       0.000349167078147999
11.14600       0.000346523566480971
11.14700       0.000346150564615746
11.14800       0.000347866046039143
11.14900       0.000351138716948946
11.15000       0.000355726516780321
11.15100       0.000361772004820474
11.15200       0.000369425436854642
11.15300       0.000378786906762615
11.15400       0.000390037947065519
11.15500       0.000403262929723591
11.15600       0.000418611651953171
11.15700       0.000436235184708034
11.15800       0.000456225774727675
11.15900       0.000478858529008419
11.16000       0.000504287120647873
11.16100       0.000532676921670194
11.16200       0.000564226723472394
11.16300       0.000598815220587245
11.16400       0.000635923091056145
11.16500       0.000675284274290922
11.16600       0.000716581512299863
11.16700       0.000759372158226357
11.16800       0.000803456979054207
11.16900       0.000848380908126556
11.17000       0.000893820390216016
11.17100       0.000939556852426859
11.17200       0.000985229211636796
11.17300       0.001030932235807080
11.17400       0.001077283533464700
11.17500       0.001124641189514720
11.17600       0.001172926295103460
11.17700       0.001222066663560510
11.17800       0.001271995085790010
11.17900       0.001322551853127570
11.18000       0.001373618054796080
11.18100       0.001425086007028510
11.18200       0.001476824140227100
11.18300       0.001528730337225110
11.18400       0.001580656145966470
11.18500       0.001632512752469890
11.18600       0.001684339531643150
11.18700       0.001736192808052930
11.18800       0.001788120048485160
11.18900       0.001840210049392940
11.19000       0.001892521019693620
11.19100       0.001945105880439390
11.19200       0.001998027461115440
11.19300       0.002051323088924860
11.19400       0.002105065619178560
11.19500       0.002159296957339630
11.19600       0.002214068430841600
11.19700       0.002269468845828900
11.19800       0.002325461714344450
11.19900       0.002381818459892160
11.20000       0.002438406681825930
11.20100       0.002495274145544960
11.20200       0.002552481655301860
11.20300       0.002610074616915870
11.20400       0.002668224785182140
11.20500       0.002727029802187310
11.20600       0.002786584858127770
11.20700       0.002847042900132710
11.20800       0.002908459192217830
11.20900       0.002971007435112140
11.21000       0.003034816595080540
11.21100       0.003099729510090520
11.21200       0.003165518090129550
11.21300       0.003232127248596450
11.21400       0.003299537322333350
11.21500       0.003367733486822180
11.21600       0.003436812600529970
11.21700       0.003506927130148330
11.21800       0.003578160390074640
11.21900       0.003650636841279420
11.22000       0.003724467930107940
11.22100       0.003799757940668110
11.22200       0.003876674139382970
11.22300       0.003955222543094660
11.22400       0.004035205649599470
11.22500       0.004116483628752280
11.22600       0.004198987322111990
11.22700       0.004282609250100820
11.22800       0.004367376979462320
11.22900       0.004453510698422920
11.23000       0.004541163290373460
11.23100       0.004630482325708170
11.23200       0.004721656937401560
11.23300       0.004814806907842200
11.23400       0.004910145723751700
11.23500       0.005007841751009770
11.23600       0.005107819286487740
11.23700       0.005191827290592200
11.23800       0.005237569203041690
11.23900       0.005328732377336330
11.24000       0.008306330685570630
11.24100       0.008894949741463209
11.24200       0.009068034888252360
11.24300       0.009243737736184480
11.24400       0.009422340514380510
11.24500       0.009604171555129600
11.24600       0.009789809490023499
11.24700       0.009979680497014700
11.24800       0.010174086607551900
11.24900       0.010373777481420999
11.25000       0.010579235056592300
11.25100       0.010791025897101601
11.25200       0.011010168493693000
11.25300       0.011236136750150600
11.25400       0.011466448271067801
11.25500       0.011699838332324099
11.25600       0.011936467690850900
11.25700       0.012176595142034501
11.25800       0.012420501098248800
11.25900       0.012669026009895799
11.26000       0.012923161973520199
11.26100       0.013183668253851999
11.26200       0.013451545827014600
11.26300       0.013727836349890899
11.26400       0.014013272545947000
11.26500       0.014308749793536401
11.26600       0.014614489259292100
11.26700       0.014928616073584000
11.26800       0.015248636719370301
11.26900       0.015573513528497300
11.27000       0.015903002868400400
11.27100       0.016237103167193300
11.27200       0.016577106151216100
11.27300       0.016924989736372801
11.27400       0.017281891248806899
11.27500       0.017648911116644701
11.27600       0.018027192278069901
11.27700       0.018417517607833400
11.27800       0.018820936874194900
11.27900       0.019238228672541002
11.28000       0.019668165339622200
11.28100       0.020107904217139701
11.28200       0.020555842521264200
11.28300       0.021011882093493001
11.28400       0.021474925439477498
11.28500       0.021945791387093301
11.28600       0.022427756302597902
11.28700       0.022922175450719201
11.28800       0.023428679518621799
11.28900       0.023950367513962501
11.29000       0.024487811804133001
11.29100       0.025041742601942502
11.29200       0.025612981821211599
11.29300       0.026200599722391998
11.29400       0.026803499599241200
11.29500       0.027422368612900701
11.29600       0.028057617676140002
11.29700       0.028706705909054400
11.29800       0.029366903188995201
11.29900       0.030039360558671301
11.30000       0.030727168721942800
11.30100       0.031431201422735797
11.30200       0.032154065889194797
11.30300       0.032898191359095101
11.30400       0.033662415798607598
11.30500       0.034448635695314402
11.30600       0.035258587966826099
11.30700       0.036093505718573803
11.30800       0.036957068781065402
11.30900       0.037851348734035298
11.31000       0.038771115940347697
11.31100       0.039709107782583103
11.31200       0.040663921875538002
11.31300       0.041638129736231398
11.31400       0.042632606695242700
11.31500       0.043648885357534098
11.31600       0.044691361934177103
11.31700       0.045762603248496299
11.31800       0.046867289818916198
11.31900       0.048008992327344999
11.32000       0.049189326595852699
11.32100       0.050411605198773302
11.32200       0.051680193695121397
11.32300       0.052992386122736997
11.32400       0.054339789368786001
11.32500       0.055717568392664098
11.32600       0.057124157592308898
11.32700       0.058556515776430701
11.32800       0.060015225673282699
11.32900       0.061510034426003599
11.33000       0.063065975184596099
11.33100       0.064754181351318593
11.33200       0.066620441477827100
11.33300       0.068546960031277096
11.33400       0.070535842416177302
11.33500       0.072595583626117802
11.33600       0.074731573883934005
11.33700       0.076939991980506106
11.33800       0.079213717959142102
11.33900       0.081543322901549004
11.34000       0.083924219700484998
11.34100       0.086359222198566996
11.34200       0.088858692564595998
11.34300       0.091431266784024204
11.34400       0.094077789837594905
11.34500       0.096796557187673202
11.34600       0.099588389799251303
11.34700       0.102457378159407003
11.34800       0.105412875885149998
11.34900       0.108463788419407001
11.35000       0.111609725560554998
11.35100       0.114848496610421000
11.35200       0.118178749920566997
11.35300       0.121594972181646999
11.35400       0.125095504969486987
11.35500       0.128683830263994992
11.35600       0.132361324811071990
11.35700       0.136127210356875000
11.35800       0.139983389483525011
11.35900       0.143933870052315005
11.36000       0.147982771782381006
11.36100       0.152133760038900001
11.36200       0.156388402974862006
11.36300       0.160747115820527003
11.36400       0.165213202921087987
11.36500       0.169791778107516000
11.36600       0.174491596786097991
11.36700       0.179310439358232987
11.36800       0.184241660537936003
11.36900       0.189283281927693003
11.37000       0.194435185478071010
11.37100       0.199698441387873987
11.37200       0.205073160656212006
11.37300       0.210559195183670000
11.37400       0.216153801289849012
11.37500       0.221855233121659001
11.37600       0.227661551773082005
11.37700       0.233571356414159992
11.37800       0.239583041022073007
11.37900       0.245699839162825007
11.38000       0.251934239573714025
11.38100       0.258290810445671981
11.38200       0.264766320342730010
11.38300       0.271361256932721007
11.38400       0.278073126448830976
11.38500       0.284903209109629019
11.38600       0.291845645954638022
11.38700       0.298885337120054995
11.38800       0.306006477083996975
11.38900       0.313197880940435991
11.39000       0.320457240295851986
11.39100       0.327786124086273001
11.39200       0.335184106623700018
11.39300       0.342647541095316976
11.39400       0.350168336941180991
11.39500       0.357740497623623976
11.39600       0.365376322764547012
11.39700       0.373109317047393974
11.39800       0.380954576542634982
11.39900       0.388890390895170024
11.40000       0.396879412498321982
11.40100       0.404892290866200988
11.40200       0.412918664482148978
11.40300       0.420969068402271995
11.40400       0.429041558295566006
11.40500       0.437120832530637993
11.40600       0.445183564720665004
11.40700       0.453198982881091006
11.40800       0.461155530810088976
11.40900       0.469082303039214998
11.41000       0.477028023244045973
11.41100       0.485016883859429981
11.41200       0.493030021791823980
11.41300       0.501028490741476040
11.41400       0.509002374849643946
11.41500       0.516948103835773054
11.41600       0.524853832219093985
11.41700       0.532723207426500034
11.41800       0.540525070121319007
11.41900       0.548245689798377955
11.42000       0.555865608776343945
11.42100       0.563363143867690042
11.42200       0.570738083395695983
11.42300       0.578014052249728016
11.42400       0.585213636471479948
11.42500       0.592342986145567019
11.42600       0.599402447573410990
11.42700       0.606394685968367986
11.42800       0.613311159749400980
11.42900       0.620131664446930020
11.43000       0.626849740643436015
11.43100       0.633459999620981984
11.43200       0.639951755650229992
11.43300       0.646324491403262980
11.43400       0.652556219164481033
11.43500       0.658632428086918020
11.43600       0.664554403939859983
11.43700       0.670321218962370957
11.43800       0.675938982684463952
11.43900       0.681425610061275000
11.44000       0.686790919219802953
11.44100       0.692030056971632002
11.44200       0.697135421356123053
11.44300       0.702105026590650994
11.44400       0.706941218060314958
11.44500       0.711645318130556981
11.44600       0.716216627409515971
11.44700       0.720648750252955050
11.44800       0.724930644344027986
11.44900       0.729064639833496009
11.45000       0.733048465843317953
11.45100       0.736878476957613993
11.45200       0.740553002726854981
11.45300       0.744074971110393002
11.45400       0.747446823466959009
11.45500       0.750670776421806019
11.45600       0.753746974733232045
11.45700       0.756677041532221040
11.45800       0.759470109532682014
11.45900       0.762138160456629965
11.46000       0.764690524109852054
11.46100       0.767132144404968019
11.46200       0.769456886208174984
11.46300       0.771661388900558021
11.46400       0.773750281143118945
11.46500       0.775728066708119002
11.46600       0.777589608128736010
11.46700       0.779329069134160002
11.46800       0.780936684875480958
11.46900       0.782412088617301049
11.47000       0.783758362608266035
11.47100       0.784988244256914047
11.47200       0.786120320081015955
11.47300       0.787167473238841953
11.47400       0.788133373591787034
11.47500       0.789017768698994981
11.47600       0.789822578936054009
11.47700       0.790554954415373046
11.47800       0.791223043825999950
11.47900       0.791827127526029018
11.48000       0.792364961386728961
11.48100       0.792836235820237989
11.48200       0.793230289271256050
11.48300       0.793534087256945964
11.48400       0.793750158429979980
11.48500       0.793888260737052986
11.48600       0.793958640116478986
11.48700       0.793971583373960010
11.48800       0.793932398646355009
11.48900       0.793842797725680005
11.49000       0.793704000547499011
11.49100       0.793515651417554979
11.49200       0.793279520940843974
11.49300       0.793013535345175047
11.49400       0.792735180488887026
11.49500       0.792441224460546989
11.49600       0.792112305382268955
11.49700       0.791727675301178047
11.49800       0.791284344961317054
11.49900       0.790790589813057054
11.50000       0.790255502380904029
11.50100       0.789687107532744959
11.50200       0.789086252465160953
11.50300       0.788447304442347008
11.50400       0.787767689902963975
11.50500       0.787052357229901967
11.50600       0.786317452825563978
11.50700       0.785583904210164996
11.50800       0.784859134718991047
11.50900       0.784135755158031023
11.51000       0.783401151919647987
11.51100       0.782649531715057023
11.51200       0.781874736977835050
11.51300       0.781077406852241030
11.51400       0.780261721740507008
11.51500       0.779429883709189975
11.51600       0.778577914992010012
11.51700       0.777707463038892044
11.51800       0.776825221902025964
11.51900       0.775941121410237966
11.52000       0.775066741175785001
11.52100       0.774206444747231992
11.52200       0.773359159353438019
11.52300       0.772526519181142013
11.52400       0.771710789499483019
11.52500       0.770908219340109002
11.52600       0.770112720559195996
11.52700       0.769321338342187966
11.52800       0.768533628581430039
11.52900       0.767750444975496049
11.53000       0.766974945859738022
11.53100       0.766212512935342982
11.53200       0.765466906463626029
11.53300       0.764740900883281949
11.53400       0.764036290980180999
11.53500       0.763354108263261999
11.53600       0.762697759135667952
11.53700       0.762071246671688018
11.53800       0.761475142387591952
11.53900       0.760906992504125967
11.54000       0.760364859383402036
11.54100       0.759848368235921945
11.54200       0.759356616806929008
11.54300       0.758890187586478970
11.54400       0.758451138020066029
11.54500       0.758039667660487027
11.54600       0.757655950311893034
11.54700       0.757300317462421990
11.54800       0.756973125565523985
11.54900       0.756675381871635966
11.55000       0.756408318059861973
11.55100       0.756171716651353965
11.55200       0.755966341106293016
11.55300       0.755793338234345025
11.55400       0.755653481077816047
11.55500       0.755548280431191044
11.55600       0.755479528581145976
11.55700       0.755446890797470960
11.55800       0.755448115414917964
11.55900       0.755481812567817990
11.56000       0.755546682664111957
11.56100       0.755641197765719030
11.56200       0.755767036773650980
11.56300       0.755923555199631947
11.56400       0.756109595779314025
11.56500       0.756325052675988041
11.56600       0.756566811296682018
11.56700       0.756833463459331002
11.56800       0.757129209836346018
11.56900       0.757459639936314044
11.57000       0.757827392826027957
11.57100       0.758233305470588981
11.57200       0.758677053548545977
11.57300       0.759155167272521969
11.57400       0.759662533031135956
11.57500       0.760199087943563945
11.57600       0.760765656693438985
11.57700       0.761361001839136020
11.57800       0.761985690170601027
11.57900       0.762635122540581967
11.58000       0.763301056667808009
11.58100       0.763984623348171965
11.58200       0.764689219453206004
11.58300       0.765415820104730971
11.58400       0.766169106118675947
11.58500       0.766955077818159969
11.58600       0.767772364727270951
11.58700       0.768615507179132962
11.58800       0.769483468745856047
11.58900       0.770376977443469002
11.59000       0.771292891305708994
11.59100       0.772227999804182996
11.59200       0.773179990378967008
11.59300       0.774144457487726978
11.59400       0.775120013077696957
11.59500       0.776105947627524051
11.59600       0.777096422986442992
11.59700       0.778091877275587041
11.59800       0.779097721455986991
11.59900       0.780117885065921945
11.60000       0.781152755546533961
11.60100       0.782202230972128043
11.60200       0.783264526261234995
11.60300       0.784336052015036977
11.60400       0.785413786756719023
11.60500       0.786496492423736981
11.60600       0.787583594862643954
11.60700       0.788673504115975033
11.60800       0.789763011312514029
11.60900       0.790848246989446002
11.61000       0.791926587146080996
11.61100       0.792997568672503039
11.61200       0.794062844570875948
11.61300       0.795124512506200976
11.61400       0.796184781432292987
11.61500       0.797244633869600983
11.61600       0.798302068622930960
11.61700       0.799355003652134966
11.61800       0.800402796238072978
11.61900       0.801444564649831048
11.62000       0.802478687651352995
11.62100       0.803503682279914977
11.62200       0.804518096889619949
11.62300       0.805520912378106968
11.62400       0.806512310322823001
11.62500       0.807491834892176019
11.62600       0.808458423695527006
11.62700       0.809411921968858028
11.62800       0.810352257686127952
11.62900       0.811278329057135039
11.63000       0.812189995570365975
11.63100       0.813087357925558973
11.63200       0.813968997548298989
11.63300       0.814833254218892966
11.63400       0.815679768647520009
11.63500       0.816508902596171038
11.63600       0.817322459691906977
11.63700       0.818121853019338041
11.63800       0.818906439409082032
11.63900       0.819674816332112033
11.64000       0.820426002016041989
11.64100       0.821158948849806003
11.64200       0.821872931077609947
11.64300       0.822566890011163010
11.64400       0.823237830729451003
11.64500       0.823884307759858991
11.64600       0.824505254407877031
11.64700       0.825100456856858955
11.64800       0.825671407132712032
11.64900       0.826220420696130997
11.65000       0.826748296267868055
11.65100       0.827254539161102032
11.65200       0.827738196574725027
11.65300       0.828198047878492050
11.65400       0.828634279988089029
11.65500       0.829048519733275979
11.65600       0.829441620201988972
11.65700       0.829814262574368966
11.65800       0.830167349296456969
11.65900       0.830500380505786007
11.66000       0.830811237834659044
11.66100       0.831098389947294014
11.66200       0.831360433794039011
11.66300       0.831596352992556964
11.66400       0.831806287886033946
11.66500       0.831989634475114981
11.66600       0.832146049704856949
11.66700       0.832275371909077966
11.66800       0.832376422564287011
11.66900       0.832449266744164973
11.67000       0.832497414714599038
11.67100       0.832525102144077045
11.67200       0.832535778481860000
11.67300       0.832537433573976027
11.67400       0.832539253595849016
11.67500       0.832532168094526015
11.67600       0.832501261525323000
11.67700       0.832444781878670992
11.67800       0.832365714743357965
11.67900       0.832260193613350019
11.68000       0.832136154246189030
11.68100       0.831989989508296945
11.68200       0.831809825163850047
11.68300       0.831592047956412950
11.68400       0.831333719017310013
11.68500       0.831034958799252044
11.68600       0.830709035954745989
11.68700       0.830373369628732982
11.68800       0.830026963783865979
11.68900       0.829655442551258004
11.69000       0.829258621298119003
11.69100       0.828841954180164042
11.69200       0.828403646010163031
11.69300       0.827946406817277047
11.69400       0.827472335548498972
11.69500       0.826962406190217991
11.69600       0.826399040875124946
11.69700       0.825773150894052010
11.69800       0.825086798533434029
11.69900       0.824343983748079046
11.70000       0.823536654181995953
11.70100       0.822651838596617946
11.70200       0.821687430293611021
11.70300       0.820658225200971980
11.70400       0.819581078488139991
11.70500       0.818462034877481037
11.70600       0.817299209192861031
11.70700       0.816092571864149963
11.70800       0.814828162707182946
11.70900       0.813491530606609947
11.71000       0.812073439050476020
11.71100       0.810567869077222003
11.71200       0.808970892795712992
11.71300       0.807267608293247951
11.71400       0.805440310352629973
11.71500       0.803482297689875002
11.71600       0.801395873990891960
11.71700       0.799182675546286969
11.71800       0.796845319890923998
11.71900       0.794392905696906015
11.72000       0.791832713684886946
11.72100       0.789158355988661020
11.72200       0.786366792289825978
11.72300       0.783467266835800036
11.72400       0.780451153255008023
11.72500       0.777297332008239028
11.72600       0.773999841025819979
11.72700       0.770552045278968034
11.72800       0.766948910536867978
11.72900       0.763192211360660955
11.73000       0.759283799528389980
11.73100       0.755221261567022961
11.73200       0.750993751797083053
11.73300       0.746587875426108050
11.73400       0.741997304010154957
11.73500       0.737223427932469977
11.73600       0.732270613264824011
11.73700       0.727150678028109954
11.73800       0.721876292890470950
11.73900       0.716444531604025991
11.74000       0.710853738934873025
11.74100       0.705098033839362981
11.74200       0.699169776060330039
11.74300       0.693085615848999970
11.74400       0.686870655393449048
11.74500       0.680535404090563012
11.74600       0.674075686224043014
11.74700       0.667473205291571947
11.74800       0.660692668557615992
11.74900       0.653699963965323039
11.75000       0.646498656090003010
11.75100       0.639127795258033982
11.75200       0.631617402507175019
11.75300       0.623969808588028974
11.75400       0.616174330493833966
11.75500       0.608232934985280971
11.75600       0.600154991756440048
11.75700       0.591972225191142010
11.75800       0.583723394323626965
11.75900       0.575446112905779961
11.76000       0.567136775771061030
11.76100       0.558769956148311042
11.76200       0.550311377533447055
11.76300       0.541748981777473992
11.76400       0.533097144576842985
11.76500       0.524361071452461025
11.76600       0.515533617614408968
11.76700       0.506614764467031020
11.76800       0.497618519420158001
11.76900       0.488564692426464997
11.77000       0.479476660278450983
11.77100       0.470382822386212984
11.77200       0.461300701167744021
11.77300       0.452247799406564011
11.77400       0.443229196019302996
11.77500       0.434260378918522982
11.77600       0.425370709297140992
11.77700       0.416560106007054010
11.77800       0.407789928816840008
11.77900       0.399032171727555007
11.78000       0.390289893620291983
11.78100       0.381574625445950000
11.78200       0.372898886084769010
11.78300       0.364277710795676002
11.78400       0.355720371689158987
11.78500       0.347226100431782980
11.78600       0.338804458341528003
11.78700       0.330475698425103992
11.78800       0.322253438744013021
11.78900       0.314156986456907983
11.79000       0.306201839170085977
11.79100       0.298380136206816027
11.79200       0.290686382164481005
11.79300       0.283125973659849983
11.79400       0.275689640029171013
11.79500       0.268368408078615006
11.79600       0.261168957618195974
11.79700       0.254095135308957998
11.79800       0.247141300940868003
11.79900       0.240305908548891001
11.80000       0.233594603395544997
11.80100       0.227012271833870988
11.80200       0.220563601911508006
11.80300       0.214253985600805996
11.80400       0.208085310527692996
11.80500       0.202060097042775000
11.80600       0.196178168829505006
11.80700       0.190442981951520013
11.80800       0.184849239240093999
11.80900       0.179399804305766991
11.81000       0.174096805458631987
11.81100       0.168944369040283010
11.81200       0.163938512654325991
11.81300       0.159069582417600996
11.81400       0.154329967036048010
11.81500       0.149715390731778003
11.81600       0.145225284055136988
11.81700       0.140862863796690996
11.81800       0.136628636512383994
11.81900       0.132517755613178995
11.82000       0.128524591967909996
11.82100       0.124639667813660995
11.82200       0.120858116944809996
11.82300       0.117192417800147997
11.82400       0.113657137463391997
11.82500       0.110253964537242996
11.82600       0.106975720975370003
11.82700       0.103813188543320001
11.82800       0.100758869030492998
11.82900       0.097808050573732402
11.83000       0.094960859469175304
11.83100       0.092215542916008503
11.83200       0.089566839734427403
11.83300       0.087010029687849794
11.83400       0.084539068477880605
11.83500       0.082147749445503807
11.83600       0.079835190954174406
11.83700       0.077601723625015495
11.83800       0.075443065452141397
11.83900       0.073362199250915694
11.84000       0.071366947221545005
11.84100       0.069459163145552297
11.84200       0.067632150339981906
11.84300       0.065881813375131798
11.84400       0.064205513362445302
11.84500       0.062597568293977404
11.84600       0.061054225099308503
11.84700       0.059575008407616502
11.84800       0.058158900690486300
11.84900       0.056802635973843600
11.85000       0.055499884894272697
11.85100       0.054242206987799697
11.85200       0.053023926148790999
11.85300       0.051845377369103197
11.85400       0.050711095352705002
11.85500       0.049625120179401398
11.85600       0.048591996763464700
11.85700       0.047609719345102199
11.85800       0.046674500884973803
11.85900       0.045782497527435198
11.86000       0.044933916914381200
11.86100       0.044129656794258003
11.86200       0.043368156280019200
11.86300       0.042644626978773900
11.86400       0.041952435627413499
11.86500       0.041285579894358500
11.86600       0.040639653410452503
11.86700       0.040012104253040803
11.86800       0.039403643659497299
11.86900       0.038817467781268697
11.87000       0.038256489501818300
11.87100       0.037721862965562500
11.87200       0.037214747177766398
11.87300       0.036737131520228103
11.87400       0.036289781682007097
11.87500       0.036042662919480301
11.87600       0.036044529908754300
11.87700       0.036154174896172897
11.87800       0.036275924805000602
11.87900       0.036389899301409602
11.88000       0.036493540582075400
11.88100       0.036584959029974301
11.88200       0.036662398059878101
11.88300       0.036723796967122899
11.88400       0.036767969876991803
11.88500       0.036798128124161403
11.88600       0.036819662741476203
11.88700       0.036835124006489799
11.88800       0.036841786882507298
11.88900       0.036837554317951098
11.89000       0.036820807736897797
11.89100       0.036789670758710001
11.89200       0.036744422466575603
11.89300       0.036684410083090098
11.89400       0.036608459300449397
11.89500       0.036515575249110602
11.89600       0.036404522067044101
11.89700       0.036274294363109402
11.89800       0.036125166443408997
11.89900       0.035958235563946103
11.90000       0.035773960194473500
11.90100       0.035572293045437901
11.90200       0.035353703484778197
11.90300       0.035118277496368797
11.90400       0.034865244386193400
11.90500       0.034594866134394699
11.90600       0.034309193595203798
11.90700       0.034008963080457602
11.90800       0.033694578837586898
11.90900       0.033366350893082597
11.91000       0.033024671965046402
11.91100       0.032669854027440201
11.91200       0.032302170048986903
11.91300       0.031922051717359998
11.91400       0.031529787006261897
11.91500       0.031125224402709199
11.91600       0.030708197149081701
11.91700       0.030279038258486300
11.91800       0.029838286490745599
11.91900       0.029386547080765300
11.92000       0.028924905600765900
11.92100       0.028454550068578201
11.92200       0.027976427053856098
11.92300       0.027491878594021898
11.92400       0.027001932620006400
11.92500       0.026507209756380799
11.92600       0.026008362375478100
11.92700       0.025505510011838001
11.92800       0.024999228050567101
11.92900       0.024490957148146600
11.93000       0.023981734288676101
11.93100       0.023471387465376900
11.93200       0.022959611329075501
11.93300       0.022447073482582298
11.93400       0.021934115783945898
11.93500       0.021420402218798699
11.93600       0.020906586034688399
11.93700       0.020394243018604801
11.93800       0.019883916925492101
11.93900       0.019376214982357500
11.94000       0.018871932021417199
11.94100       0.018370966220485001
11.94200       0.017873863209345600
11.94300       0.017381460513420599
11.94400       0.016894646930566599
11.94500       0.016414623508240699
11.94600       0.015942244654908701
11.94700       0.015477429853821599
11.94800       0.015019639586580700
11.94900       0.014568646738546000
11.95000       0.014124536683344700
11.95100       0.013687416730953699
11.95200       0.013257518300997100
11.95300       0.012835287450425200
11.95400       0.012420986349512801
11.95500       0.012014370045524600
11.95600       0.011615345177608200
11.95700       0.011224113664744600
11.95800       0.010840989769444099
11.95900       0.010466267922639700
11.96000       0.010100315456451601
11.96100       0.005474088650871070
11.96200       0.003152512591583890
11.96300       0.003017506016014690
11.96400       0.002886176768273070
11.96500       0.002758494353657160
11.96600       0.002635024517603000
11.96700       0.002516054747227600
11.96800       0.002402269280759040
11.96900       0.002294694039800320
11.97000       0.002193346246769590
11.97100       0.002097436809829880
11.97200       0.002006559746900780
11.97300       0.001920289383750440
11.97400       0.001838001071686860
11.97500       0.001759490826033220
11.97600       0.001684189240944380
11.97700       0.001611635164826100
11.97800       0.001541427372770080
11.97900       0.001472783292850060
11.98000       0.001405643760107210
11.98100       0.001340708653424950
11.98200       0.001278425249838680
11.98300       0.001219001473791730
11.98400       0.001162868512627810
11.98500       0.001110088794813780
11.98600       0.001060281862572340
11.98700       0.001013172906675350
11.98800       0.000968595847117060
11.98900       0.000926266260513675
11.99000       0.000886014635425092
11.99100       0.000847582110254486
11.99200       0.000810739878470634
11.99300       0.000775296814729765
11.99400       0.000740931207102891
11.99500       0.000707595548621320
11.99600       0.000675568238499458
11.99700       0.000645052643907851
11.99800       0.000616150274127147
11.99900       0.000588990041225590
12.00000       0.000563604708666454
