# author : Oliver Czoske
# source : E-LIS-MPIA-MET-1208_1-0
# date_created : 2025-02-12
# date_modified : 2025-02-12
# status : Measurement
# type : filter:transmission
# wavelength_unit : um
# center : 3.600
# comment : HCI_L_short filter, built by Materion, procured by MPIA
# changes :
#
wavelength  transmission
2.000       0.000442419024361984
2.001       0.000485020826875585
2.002       0.000467835190986088
2.003       0.000279835876643514
2.004       0.000216354047816031
2.005       0.000338021577613201
2.006       0.000428690896391026
2.007       0.000317926779046351
2.008       0.000147906169825407
2.009       0.000080338929283844
2.010       0.000145711894773526
2.011       0.000293245292203176
2.012       0.000373190316572319
2.013       0.000462614231921016
2.014       0.000436608065580407
2.015       0.000393686223589040
2.016       0.000518513234711096
2.017       0.000427349702821211
2.018       0.000226722137953855
2.019       0.000131961964756806
2.020       0.000126509706262670
2.021       0.000135284027501958
2.022       0.000111853514252261
2.023       0.000104754700177401
2.024       0.000212085761096659
2.025       0.000325102923634191
2.026       0.000228091031939937
2.027       0.000118911332929697
2.028       0.000084905045908273
2.029       0.000123666732718519
2.030       0.000201141290066098
2.031       0.000284443894740583
2.032       0.000519212883581088
2.033       0.000343619001979489
2.034       0.000253264129532360
2.035       0.000105209158575120
2.036       0.000312730923325066
2.037       0.000731082533969418
2.038       0.000750284783438970
2.039       0.000445089136266175
2.040       0.000219904267760918
2.041       0.000285487445193688
2.042       0.000297671203082189
2.043       0.000216609515964392
2.044       0.000249303056615469
2.045       0.000323832514944278
2.046       0.000289143211953072
2.047       0.000241679153457214
2.048       0.000161189316669030
2.049       0.000096650151431652
2.050       0.000122867654725967
2.051       0.000311122781201933
2.052       0.000647341434434789
2.053       0.000826629264991163
2.054       0.000648917439863284
2.055       0.000412764088393025
2.056       0.000345799727908019
2.057       0.000302441969780257
2.058       0.000342799121263143
2.059       0.000445481321404484
2.060       0.000497004225215342
2.061       0.000406389262095797
2.062       0.000328334581553319
2.063       0.000368521622153450
2.064       0.000289685730979788
2.065       0.000238600031155722
2.066       0.000274369426972572
2.067       0.000275198027759840
2.068       0.000356358527992595
2.069       0.000459558601134558
2.070       0.000346909437256071
2.071       0.000255743425717166
2.072       0.000275205501113786
2.073       0.000294799492340736
2.074       0.000395007871768438
2.075       0.000498584287804318
2.076       0.000440798069718987
2.077       0.000420959767668982
2.078       0.000486019068768856
2.079       0.000418196374038893
2.080       0.000432340353918592
2.081       0.000617251144899231
2.082       0.000587167401848387
2.083       0.000334495174103500
2.084       0.000217884981516328
2.085       0.000254144770149567
2.086       0.000408559869847669
2.087       0.000696823380997635
2.088       0.000525068744315349
2.089       0.000289045151299017
2.090       0.000159511804009110
2.091       0.000112635602115024
2.092       0.000202371172559113
2.093       0.000277004940505671
2.094       0.000204273538380748
2.095       0.000243350577904922
2.096       0.000517190580600901
2.097       0.000718367025194011
2.098       0.000713960209476450
2.099       0.000402258394341271
2.100       0.000171130693516486
2.101       0.000105966990094422
2.102       0.000184097172164110
2.103       0.000336534903305763
2.104       0.000513764971358632
2.105       0.000648138090552253
2.106       0.000532852457429678
2.107       0.000314083543256516
2.108       0.000166179516045604
2.109       0.000171270403001550
2.110       0.000265684358066731
2.111       0.000275390384404828
2.112       0.000190841807206812
2.113       0.000190454746989838
2.114       0.000297023798708468
2.115       0.000354980927881346
2.116       0.000374999952250481
2.117       0.000376320853674450
2.118       0.000291208775144491
2.119       0.000190736041219956
2.120       0.000194720730233730
2.121       0.000216229299592086
2.122       0.000254637314827506
2.123       0.000257050535459241
2.124       0.000172493511748389
2.125       0.000088227250930835
2.126       0.000069931556002462
2.127       0.000089373133508278
2.128       0.000119262400009385
2.129       0.000129490414378578
2.130       0.000153574067221912
2.131       0.000268067684370432
2.132       0.000407616728511057
2.133       0.000424882842794405
2.134       0.000319417057284888
2.135       0.000198306989606073
2.136       0.000147475651136722
2.137       0.000253622750397864
2.138       0.000567077397810478
2.139       0.000891468277251332
2.140       0.000783313332578972
2.141       0.000412201011286473
2.142       0.000336138578145684
2.143       0.000387099004922176
2.144       0.000191741681314389
2.145       0.000140045446696435
2.146       0.000264130933222487
2.147       0.000285281960226799
2.148       0.000286809193466839
2.149       0.000295614477445749
2.150       0.000421343001078114
2.151       0.000369845078894260
2.152       0.000335972048290500
2.153       0.000428387162317832
2.154       0.000439272016608138
2.155       0.000410432320781362
2.156       0.000320579328383488
2.157       0.000385251435086303
2.158       0.000436877369077743
2.159       0.000357632921383258
2.160       0.000322953284986605
2.161       0.000255859464973307
2.162       0.000187275428915432
2.163       0.000149321959442762
2.164       0.000131881346043052
2.165       0.000150391290890756
2.166       0.000195346744643325
2.167       0.000222251033231806
2.168       0.000249942435980074
2.169       0.000250585441419676
2.170       0.000157807246373598
2.171       0.000061436656512884
2.172       0.000031539553740771
2.173       0.000040800891510852
2.174       0.000064604831538723
2.175       0.000134119986634151
2.176       0.000304035985937090
2.177       0.000484869025159509
2.178       0.000427555177353545
2.179       0.000255712149737380
2.180       0.000176610648246173
2.181       0.000100090382245538
2.182       0.000071216810611008
2.183       0.000138623204320371
2.184       0.000201324285795564
2.185       0.000176649708833895
2.186       0.000145057746241413
2.187       0.000115765368577644
2.188       0.000093362370437083
2.189       0.000141391330932383
2.190       0.000240677572776793
2.191       0.000271635516053637
2.192       0.000208663713705037
2.193       0.000140174487726186
2.194       0.000102466178852442
2.195       0.000096091442618684
2.196       0.000123396907522097
2.197       0.000202552341698414
2.198       0.000387946945119011
2.199       0.000554157601307781
2.200       0.000350026206368370
2.201       0.000109733306688453
2.202       0.000067578452932510
2.203       0.000106063039468460
2.204       0.000151633788760250
2.205       0.000142680300751513
2.206       0.000075866155041016
2.207       0.000062441349923101
2.208       0.000074582889991093
2.209       0.000087112474586509
2.210       0.000156133643091361
2.211       0.000271407019892672
2.212       0.000294282223076092
2.213       0.000101895218001802
2.214       0.000037961964022358
2.215       0.000099549322343018
2.216       0.000281825003893066
2.217       0.000401509121122912
2.218       0.000266051526003064
2.219       0.000129239461806895
2.220       0.000134974109887998
2.221       0.000200398821684350
2.222       0.000298651569368438
2.223       0.000336564232742861
2.224       0.000345887035318987
2.225       0.000377488208087334
2.226       0.000297950001140218
2.227       0.000216946024534814
2.228       0.000140267902901337
2.229       0.000062475828528211
2.230       0.000048528555905286
2.231       0.000078766831717120
2.232       0.000099756073172971
2.233       0.000101928863572257
2.234       0.000144982275332106
2.235       0.000245646381331871
2.236       0.000303173291096047
2.237       0.000325359009682020
2.238       0.000340127578329241
2.239       0.000371683621980614
2.240       0.000409836895919558
2.241       0.000555535910923055
2.242       0.000718997128864224
2.243       0.000640920667204281
2.244       0.000522089582242317
2.245       0.000492869325400269
2.246       0.000381800111167452
2.247       0.000211253351082019
2.248       0.000086732991388824
2.249       0.000050192246625398
2.250       0.000089100202480596
2.251       0.000198330781717937
2.252       0.000303996106160380
2.253       0.000276561690428417
2.254       0.000176736084267132
2.255       0.000117668787628993
2.256       0.000178065579850339
2.257       0.000404179080352396
2.258       0.000530350090930193
2.259       0.000415607036235111
2.260       0.000180449563555729
2.261       0.000153255894537019
2.262       0.000286907853852145
2.263       0.000331671169331638
2.264       0.000387152602340417
2.265       0.000361046650109220
2.266       0.000239881084033056
2.267       0.000144425601240200
2.268       0.000116147800710016
2.269       0.000092801301796203
2.270       0.000074351244833355
2.271       0.000121448620779729
2.272       0.000223553193288956
2.273       0.000160764444003925
2.274       0.000071619442777809
2.275       0.000114355602441329
2.276       0.000262974290051732
2.277       0.000406096118509766
2.278       0.000406846737670663
2.279       0.000308584126982342
2.280       0.000253289437576659
2.281       0.000226693521614835
2.282       0.000173606971859600
2.283       0.000160866068284041
2.284       0.000224148205492575
2.285       0.000306545381444402
2.286       0.000312768333047136
2.287       0.000258891628039493
2.288       0.000268468127866628
2.289       0.000459669783490713
2.290       0.000511675941744061
2.291       0.000311020909963756
2.292       0.000346446413307666
2.293       0.000433352917381442
2.294       0.000418427673950228
2.295       0.000323587746664078
2.296       0.000182488967836125
2.297       0.000125317885430173
2.298       0.000125501614283825
2.299       0.000104627786946171
2.300       0.000073210841197845
2.301       0.000055438850194156
2.302       0.000042948166179793
2.303       0.000082290538802265
2.304       0.000171736222389751
2.305       0.000230601099759427
2.306       0.000271558146752310
2.307       0.000350124252064668
2.308       0.000352178262584102
2.309       0.000227556676328788
2.310       0.000103682505587704
2.311       0.000072457120166708
2.312       0.000129977584566232
2.313       0.000214395403600048
2.314       0.000226017611304405
2.315       0.000180696444078365
2.316       0.000150256155340645
2.317       0.000203945799014782
2.318       0.000294738066324740
2.319       0.000278602087001478
2.320       0.000157238375907864
2.321       0.000072719853281656
2.322       0.000096083902339367
2.323       0.000145151673373537
2.324       0.000150420442935506
2.325       0.000196612724371180
2.326       0.000236071743061200
2.327       0.000320362141316893
2.328       0.000339216126590824
2.329       0.000211906914602988
2.330       0.000128564167514816
2.331       0.000142589481041705
2.332       0.000185588023656806
2.333       0.000192634531504532
2.334       0.000190757482487314
2.335       0.000290834667175277
2.336       0.000482134902901527
2.337       0.000536967457418970
2.338       0.000509584550265063
2.339       0.000417217387485846
2.340       0.000312831249915213
2.341       0.000195795262027287
2.342       0.000131483515670106
2.343       0.000072501206821007
2.344       0.000030739833432238
2.345       0.000051475819219576
2.346       0.000117210634359988
2.347       0.000177642048699543
2.348       0.000189256144702755
2.349       0.000175011293978931
2.350       0.000177045588488883
2.351       0.000213043004616539
2.352       0.000257540960056965
2.353       0.000267063111290919
2.354       0.000224654420978465
2.355       0.000177341268786713
2.356       0.000145976885405200
2.357       0.000114569497291377
2.358       0.000112394597583942
2.359       0.000200901312693513
2.360       0.000327935287025563
2.361       0.000293018257278177
2.362       0.000144245883298838
2.363       0.000071880225290685
2.364       0.000049340115127219
2.365       0.000056076965566920
2.366       0.000104755669614903
2.367       0.000179089224887755
2.368       0.000197058730010191
2.369       0.000169839855475667
2.370       0.000203164725333160
2.371       0.000347106183499701
2.372       0.000507042237559027
2.373       0.000506816396360465
2.374       0.000363975942396899
2.375       0.000223063255847075
2.376       0.000219055656295458
2.377       0.000143585690352471
2.378       0.000075738917887473
2.379       0.000076978834664204
2.380       0.000150022586249132
2.381       0.000299636303187856
2.382       0.000522089256435987
2.383       0.000594252454447192
2.384       0.000504875380624714
2.385       0.000406713645541790
2.386       0.000342615911886418
2.387       0.000247970041000301
2.388       0.000113549536949559
2.389       0.000100121130091835
2.390       0.000296630338520565
2.391       0.000492641063915583
2.392       0.000435826309893306
2.393       0.000278462188970457
2.394       0.000281911610821847
2.395       0.000302292839011370
2.396       0.000233637730154890
2.397       0.000163180774949978
2.398       0.000117965332095876
2.399       0.000116702525500972
2.400       0.000196495566542665
2.401       0.000359044071211845
2.402       0.000489668530415668
2.403       0.000393279823515780
2.404       0.000166301648945377
2.405       0.000104197175687271
2.406       0.000208002833855359
2.407       0.000397337133251741
2.408       0.000537747068260042
2.409       0.000419436405487167
2.410       0.000347422283338297
2.411       0.000303689091196102
2.412       0.000209668845238431
2.413       0.000147771648957878
2.414       0.000114625201282172
2.415       0.000150274532483730
2.416       0.000217601751998628
2.417       0.000262019357829171
2.418       0.000318781962963005
2.419       0.000402151720911764
2.420       0.000439010514468791
2.421       0.000351421542680808
2.422       0.000222301357471949
2.423       0.000148117424577598
2.424       0.000098548434548193
2.425       0.000065800528643432
2.426       0.000076399145356343
2.427       0.000152629636166940
2.428       0.000215707680991051
2.429       0.000157178587965684
2.430       0.000097104868283432
2.431       0.000151019876250158
2.432       0.000310841023046238
2.433       0.000386457194445744
2.434       0.000354947491221780
2.435       0.000294535165459409
2.436       0.000235596595631354
2.437       0.000170458621123581
2.438       0.000109473379531239
2.439       0.000113293397823427
2.440       0.000215771084889238
2.441       0.000330829192230042
2.442       0.000361913375035716
2.443       0.000233273992547522
2.444       0.000074870303799129
2.445       0.000025587969718886
2.446       0.000037666365000480
2.447       0.000075164574002084
2.448       0.000198932273182351
2.449       0.000398102955813107
2.450       0.000419985234722808
2.451       0.000387626626447646
2.452       0.000584908583771027
2.453       0.000913249139694594
2.454       0.000935092465636334
2.455       0.000817424888192059
2.456       0.000761086696635049
2.457       0.000673477210673262
2.458       0.000577667015639854
2.459       0.000495718339006038
2.460       0.000452612731762919
2.461       0.000381469007380564
2.462       0.000248119007747405
2.463       0.000161022197052017
2.464       0.000192580831458983
2.465       0.000235406909794261
2.466       0.000197124340018368
2.467       0.000145578258383898
2.468       0.000175248177019000
2.469       0.000233604949022678
2.470       0.000262268237912072
2.471       0.000259265287377308
2.472       0.000280623998644564
2.473       0.000334582648027340
2.474       0.000358791051111931
2.475       0.000307895674145353
2.476       0.000209179768322520
2.477       0.000105994339997112
2.478       0.000047135899000811
2.479       0.000088402992321490
2.480       0.000254467852590978
2.481       0.000407337753409495
2.482       0.000357264771501886
2.483       0.000206714358083282
2.484       0.000107795959616075
2.485       0.000066500124052854
2.486       0.000094328776548136
2.487       0.000231468085493014
2.488       0.000400712385457996
2.489       0.000447173293946300
2.490       0.000436435877458237
2.491       0.000442157230476151
2.492       0.000429092304477005
2.493       0.000390692850045365
2.494       0.000340588126340691
2.495       0.000243351353177990
2.496       0.000130975183544269
2.497       0.000064886046381919
2.498       0.000053468885400525
2.499       0.000080061460809008
2.500       0.000116324793524761
2.501       0.000135306540962069
2.502       0.000158448734937309
2.503       0.000165850151904109
2.504       0.000221438523805961
2.505       0.000359209846774317
2.506       0.000343330265007102
2.507       0.000120388877068445
2.508       0.000039008303928813
2.509       0.000034383452602982
2.510       0.000079384962344414
2.511       0.000134415328839191
2.512       0.000155484252007440
2.513       0.000112235691845486
2.514       0.000062885131501170
2.515       0.000121251684284840
2.516       0.000180520495662917
2.517       0.000123423689657870
2.518       0.000086334253790524
2.519       0.000122134845768535
2.520       0.000175350316694793
2.521       0.000193047032931201
2.522       0.000224980329514152
2.523       0.000238244833855872
2.524       0.000155187390903977
2.525       0.000060772256386538
2.526       0.000038314198959381
2.527       0.000068219153011584
2.528       0.000137436774906408
2.529       0.000218603925282300
2.530       0.000218676942079665
2.531       0.000156688931391397
2.532       0.000116044081011882
2.533       0.000140105760630976
2.534       0.000240587038300821
2.535       0.000339916551990269
2.536       0.000354944248561792
2.537       0.000323779629495952
2.538       0.000304434537677908
2.539       0.000359616748267649
2.540       0.000422671672607677
2.541       0.000353035910005850
2.542       0.000231940044987458
2.543       0.000192534462293607
2.544       0.000173613466685540
2.545       0.000144965267472270
2.546       0.000124925981819748
2.547       0.000115065278383057
2.548       0.000129629141402021
2.549       0.000184848959619205
2.550       0.000275889832586002
2.551       0.000354724257392053
2.552       0.000436277422926012
2.553       0.000497494085584499
2.554       0.000399032004223532
2.555       0.000202831684302740
2.556       0.000093729480011882
2.557       0.000122547330307088
2.558       0.000271808080765601
2.559       0.000383264963711383
2.560       0.000424203857293011
2.561       0.000393811332840721
2.562       0.000263912595169391
2.563       0.000101527487037623
2.564       0.000037345749860730
2.565       0.000053797508395029
2.566       0.000088925822429154
2.567       0.000087790647458272
2.568       0.000087310391655514
2.569       0.000106508576469849
2.570       0.000118443977930344
2.571       0.000123356932367230
2.572       0.000067333088794322
2.573       0.000058410248080620
2.574       0.000072020443532189
2.575       0.000052844702037981
2.576       0.000084106306100118
2.577       0.000209793400906932
2.578       0.000330682177188762
2.579       0.000386058076696019
2.580       0.000397573914483959
2.581       0.000370720736587948
2.582       0.000311196909028422
2.583       0.000231834818403970
2.584       0.000259822104487009
2.585       0.000242645349547627
2.586       0.000164002588585413
2.587       0.000146627394935848
2.588       0.000147249165730827
2.589       0.000139544402409129
2.590       0.000172226680225596
2.591       0.000265054480602822
2.592       0.000308178362993419
2.593       0.000284280511868795
2.594       0.000301578906392264
2.595       0.000249759047088571
2.596       0.000154027660831984
2.597       0.000160244018622524
2.598       0.000190607033832169
2.599       0.000146575693051765
2.600       0.000067032521977262
2.601       0.000039580564937006
2.602       0.000049181525428835
2.603       0.000100576720031942
2.604       0.000150922272457873
2.605       0.000121166727656302
2.606       0.000056441804545018
2.607       0.000030770088146940
2.608       0.000048238878322934
2.609       0.000075187465311058
2.610       0.000091919353695145
2.611       0.000092815044080770
2.612       0.000074901110754484
2.613       0.000054838468295737
2.614       0.000040296700793134
2.615       0.000028682446398108
2.616       0.000028105367800596
2.617       0.000035884892719380
2.618       0.000033419177791833
2.619       0.000027930255414022
2.620       0.000051697606038431
2.621       0.000144634077592742
2.622       0.000276642803652000
2.623       0.000300368131447237
2.624       0.000230183049370725
2.625       0.000202539894995274
2.626       0.000267632331296119
2.627       0.000315744296992160
2.628       0.000203769740621751
2.629       0.000083109409162119
2.630       0.000077559869421706
2.631       0.000161303886273778
2.632       0.000230709832942516
2.633       0.000188118993715347
2.634       0.000170958801065518
2.635       0.000190651589170740
2.636       0.000173454907120008
2.637       0.000126673282216785
2.638       0.000095025141171642
2.639       0.000076679310084760
2.640       0.000051225975984032
2.641       0.000053190700244510
2.642       0.000121436650282025
2.643       0.000214556263726101
2.644       0.000225345295367635
2.645       0.000153506956391769
2.646       0.000128016816776960
2.647       0.000135075560102907
2.648       0.000099081211847721
2.649       0.000092666263230290
2.650       0.000144277949999660
2.651       0.000161641440573346
2.652       0.000126128362821158
2.653       0.000139909895890578
2.654       0.000278379091086245
2.655       0.000376892503962278
2.656       0.000269295438736328
2.657       0.000169215126477273
2.658       0.000117608268610805
2.659       0.000088175698614711
2.660       0.000087614099380851
2.661       0.000109293013003725
2.662       0.000095327082463265
2.663       0.000055761429675540
2.664       0.000046879185481050
2.665       0.000055865959564562
2.666       0.000065593389871652
2.667       0.000100404254277098
2.668       0.000174488227692920
2.669       0.000249218143099667
2.670       0.000271310309741132
2.671       0.000229878060949928
2.672       0.000163095128525373
2.673       0.000152994911219007
2.674       0.000297658617306240
2.675       0.000548027772945714
2.676       0.000592144031836606
2.677       0.000414177461826704
2.678       0.000209308256705287
2.679       0.000137096175164858
2.680       0.000242773454428025
2.681       0.000418257166183683
2.682       0.000422726065331502
2.683       0.000258308953193787
2.684       0.000146164982769842
2.685       0.000147631957613081
2.686       0.000207315686245629
2.687       0.000117756678327197
2.688       0.000035473138036153
2.689       0.000025206299275576
2.690       0.000050443282433345
2.691       0.000070297286034873
2.692       0.000084363272315251
2.693       0.000097475757627887
2.694       0.000097953303377099
2.695       0.000085849312965750
2.696       0.000057969976014635
2.697       0.000028900227751399
2.698       0.000038537569452102
2.699       0.000097134412013616
2.700       0.000160775603620669
2.701       0.000171484723545973
2.702       0.000134834045652885
2.703       0.000106812880405850
2.704       0.000161973922480074
2.705       0.000304987960673297
2.706       0.000358835754715209
2.707       0.000285950667048673
2.708       0.000204225485986732
2.709       0.000210195858642181
2.710       0.000248898916434488
2.711       0.000268953655736426
2.712       0.000357301904084228
2.713       0.000421521137802347
2.714       0.000357775245466763
2.715       0.000204199225862012
2.716       0.000087788843961781
2.717       0.000071380555744557
2.718       0.000103320453387130
2.719       0.000109220640602606
2.720       0.000087042840610979
2.721       0.000070264514981148
2.722       0.000055835612362311
2.723       0.000043153619443018
2.724       0.000039104139724723
2.725       0.000040470189194158
2.726       0.000058996382490822
2.727       0.000136085126835328
2.728       0.000254701813060754
2.729       0.000368173573668473
2.730       0.000439902810276532
2.731       0.000344853776776233
2.732       0.000200592611771716
2.733       0.000173999566211169
2.734       0.000198593903559641
2.735       0.000168921026452468
2.736       0.000085518104338877
2.737       0.000024213506294363
2.738       0.000005253500833409
2.739       0.000009052873150159
2.740       0.000044824573580599
2.741       0.000148456514659445
2.742       0.000275847855353201
2.743       0.000267262367875998
2.744       0.000144428203026931
2.745       0.000138066479246191
2.746       0.000259286440578960
2.747       0.000321084287507413
2.748       0.000292386457622307
2.749       0.000207025000563354
2.750       0.000185264505433158
2.751       0.000268014345248258
2.752       0.000375992806771332
2.753       0.000338679937841702
2.754       0.000180874982419921
2.755       0.000078903343510669
2.756       0.000046529865659045
2.757       0.000039341148422173
2.758       0.000038298087441697
2.759       0.000039588517104765
2.760       0.000049297235106924
2.761       0.000067487945833507
2.762       0.000093591273571572
2.763       0.000143294000590849
2.764       0.000208231779308982
2.765       0.000234830723605473
2.766       0.000192830761833018
2.767       0.000152453719501677
2.768       0.000198260931777883
2.769       0.000285374846225844
2.770       0.000326582830838064
2.771       0.000318410003489991
2.772       0.000283277643892771
2.773       0.000255000025695298
2.774       0.000236307135445847
2.775       0.000221527353198478
2.776       0.000221911316139627
2.777       0.000200759769995756
2.778       0.000140982002711315
2.779       0.000108633649059900
2.780       0.000113380675741320
2.781       0.000087853327395152
2.782       0.000063520429494614
2.783       0.000081572756850418
2.784       0.000128021340261464
2.785       0.000185256905337633
2.786       0.000225926735202109
2.787       0.000228954650679652
2.788       0.000215585488059219
2.789       0.000205662346709171
2.790       0.000169837173766230
2.791       0.000105465825196938
2.792       0.000087733983480193
2.793       0.000148500417488984
2.794       0.000243210779639624
2.795       0.000335057507915515
2.796       0.000443467409980802
2.797       0.000507953267918792
2.798       0.000494205688928634
2.799       0.000413188297679945
2.800       0.000254952534817887
2.801       0.000098038528818567
2.802       0.000075097748252775
2.803       0.000107468961616668
2.804       0.000157210448791745
2.805       0.000318407383181063
2.806       0.000475519818800091
2.807       0.000554450416658969
2.808       0.000589049893016117
2.809       0.000556368351698477
2.810       0.000436515900649914
2.811       0.000312793229609920
2.812       0.000259199967708221
2.813       0.000242839759580449
2.814       0.000206385850193530
2.815       0.000150548976190865
2.816       0.000178940759688634
2.817       0.000225744400279615
2.818       0.000204552552233624
2.819       0.000245536207950314
2.820       0.000308843167637685
2.821       0.000197566151723061
2.822       0.000072071038024507
2.823       0.000018614336523615
2.824       0.000010405087606326
2.825       0.000024561791107061
2.826       0.000054688138814873
2.827       0.000091301669760444
2.828       0.000135582542817397
2.829       0.000196196061941906
2.830       0.000249795474658990
2.831       0.000299196235494625
2.832       0.000370762938401853
2.833       0.000379034307655124
2.834       0.000297331591852412
2.835       0.000235547996150845
2.836       0.000254696918320252
2.837       0.000383669821752586
2.838       0.000441690711971754
2.839       0.000287427943673424
2.840       0.000114746377529673
2.841       0.000062867919002257
2.842       0.000119627729422533
2.843       0.000262203080434620
2.844       0.000344366170870802
2.845       0.000307932741201139
2.846       0.000261360712076941
2.847       0.000252850890668621
2.848       0.000300221382805638
2.849       0.000352208147941048
2.850       0.000328250801401975
2.851       0.000236832106952412
2.852       0.000138287312928559
2.853       0.000066892499695354
2.854       0.000035079335635825
2.855       0.000058472204514187
2.856       0.000091318346722874
2.857       0.000081172002836041
2.858       0.000058006492386031
2.859       0.000053418488245405
2.860       0.000060829219858312
2.861       0.000059150748423602
2.862       0.000040753522056187
2.863       0.000028984103636186
2.864       0.000040734805736811
2.865       0.000061257157479247
2.866       0.000084328782221803
2.867       0.000094063080248959
2.868       0.000080188265164073
2.869       0.000059545056750446
2.870       0.000045902065965378
2.871       0.000045122626302291
2.872       0.000049036083920758
2.873       0.000052249322947943
2.874       0.000070015744369864
2.875       0.000108514830752471
2.876       0.000148548761733105
2.877       0.000171198221758567
2.878       0.000186428243159065
2.879       0.000239315070396429
2.880       0.000345262301180094
2.881       0.000423850278169671
2.882       0.000428562159905221
2.883       0.000313249085381551
2.884       0.000139676991256998
2.885       0.000062150002345725
2.886       0.000072342646596224
2.887       0.000126383765938015
2.888       0.000174914423779746
2.889       0.000205322779396430
2.890       0.000209392692353969
2.891       0.000171527200866745
2.892       0.000130386851768111
2.893       0.000114327933718843
2.894       0.000117004285618824
2.895       0.000113085109794922
2.896       0.000098152045327624
2.897       0.000086137705322710
2.898       0.000065219207584441
2.899       0.000048187426902359
2.900       0.000077135446378274
2.901       0.000177915024231978
2.902       0.000294084862273780
2.903       0.000329599599951227
2.904       0.000295597987578500
2.905       0.000231136778276075
2.906       0.000135193292810865
2.907       0.000057165743455573
2.908       0.000051796215718880
2.909       0.000121062058473009
2.910       0.000205397188958775
2.911       0.000229285971654648
2.912       0.000223984922430753
2.913       0.000276960731807385
2.914       0.000335177965496154
2.915       0.000291030014025695
2.916       0.000160287304099560
2.917       0.000075027075249992
2.918       0.000065999232194525
2.919       0.000145940679851964
2.920       0.000284215823319001
2.921       0.000276820449533366
2.922       0.000136043107208605
2.923       0.000061425302576371
2.924       0.000072106635976368
2.925       0.000083799724482747
2.926       0.000102582776732987
2.927       0.000138201507319080
2.928       0.000191522569333025
2.929       0.000244632136499334
2.930       0.000275550406538108
2.931       0.000316171695773082
2.932       0.000403045514745570
2.933       0.000470403679794673
2.934       0.000390524713458240
2.935       0.000200488989976100
2.936       0.000086674369612683
2.937       0.000042316735615527
2.938       0.000034083305428867
2.939       0.000057053381149780
2.940       0.000120744772082348
2.941       0.000192864231513275
2.942       0.000182419311937854
2.943       0.000090267743563965
2.944       0.000040984735436789
2.945       0.000069087723294225
2.946       0.000138583392216146
2.947       0.000207768825525229
2.948       0.000271444430922974
2.949       0.000365125508649811
2.950       0.000468585546755301
2.951       0.000493916072534073
2.952       0.000431770137993392
2.953       0.000292018549815753
2.954       0.000130246985327626
2.955       0.000070381759051292
2.956       0.000059986819972158
2.957       0.000048214657103911
2.958       0.000036478173062755
2.959       0.000039530461678872
2.960       0.000068584679066286
2.961       0.000121523554139524
2.962       0.000165879782198768
2.963       0.000171113363919461
2.964       0.000183408035587002
2.965       0.000280989876092097
2.966       0.000401250632178538
2.967       0.000386270121278398
2.968       0.000235716439091094
2.969       0.000146825621867019
2.970       0.000218839978670338
2.971       0.000345182640068553
2.972       0.000394231729336822
2.973       0.000340073792195028
2.974       0.000237490307305466
2.975       0.000149671584644961
2.976       0.000113465138949886
2.977       0.000115536143888286
2.978       0.000119833751032864
2.979       0.000114648570044333
2.980       0.000110790004239299
2.981       0.000119460101691109
2.982       0.000133916957721317
2.983       0.000148994520913270
2.984       0.000179951324395050
2.985       0.000216008821607473
2.986       0.000196102046581909
2.987       0.000165622333427859
2.988       0.000211377159981985
2.989       0.000345915936713626
2.990       0.000448352939911190
2.991       0.000359816301339411
2.992       0.000165487564485811
2.993       0.000064241618413230
2.994       0.000083315205954532
2.995       0.000128050303677338
2.996       0.000139132198606201
2.997       0.000111106962376456
2.998       0.000064574771301368
2.999       0.000027556658593414
3.000       0.000010288621885245
3.001       0.000007832864014096
3.002       0.000018499415507051
3.003       0.000038007691773818
3.004       0.000047472826316560
3.005       0.000042254801618239
3.006       0.000043951255281227
3.007       0.000072910215299024
3.008       0.000088694939556572
3.009       0.000063527353636423
3.010       0.000055637457238345
3.011       0.000056966031675959
3.012       0.000069349887809628
3.013       0.000091943161014890
3.014       0.000083186248194186
3.015       0.000067090207243690
3.016       0.000058219886464882
3.017       0.000050038403015609
3.018       0.000057475333830423
3.019       0.000102409039874685
3.020       0.000186515234516738
3.021       0.000293343445501693
3.022       0.000380048133347272
3.023       0.000414988145157655
3.024       0.000377497044022457
3.025       0.000257693656608660
3.026       0.000156653471730175
3.027       0.000137507677250924
3.028       0.000152780076765432
3.029       0.000159907223814114
3.030       0.000139676824070234
3.031       0.000093772267874409
3.032       0.000055468136932101
3.033       0.000051333649988800
3.034       0.000084378976624139
3.035       0.000159999216558793
3.036       0.000277342148534587
3.037       0.000365559516703237
3.038       0.000314890389696287
3.039       0.000236313803374077
3.040       0.000223179069770263
3.041       0.000273370298972508
3.042       0.000349452972766423
3.043       0.000426884462313620
3.044       0.000499597442703226
3.045       0.000581097171953981
3.046       0.000667556965963878
3.047       0.000697382524010692
3.048       0.000595101343155657
3.049       0.000466842638062459
3.050       0.000390833114651670
3.051       0.000351867172942305
3.052       0.000304376333268574
3.053       0.000258842748101257
3.054       0.000208084946502984
3.055       0.000144837967314543
3.056       0.000085079685644182
3.057       0.000061445380681218
3.058       0.000068288111192138
3.059       0.000092000312334514
3.060       0.000132008650152587
3.061       0.000169803256896264
3.062       0.000167553381455146
3.063       0.000122409882059527
3.064       0.000061213462617088
3.065       0.000023118553485149
3.066       0.000019016602447130
3.067       0.000017200929291757
3.068       0.000013566958858654
3.069       0.000017563380831247
3.070       0.000037656031317862
3.071       0.000070549645708490
3.072       0.000101968532822551
3.073       0.000115826623249292
3.074       0.000113295322581190
3.075       0.000108269805347156
3.076       0.000101562611355070
3.077       0.000088893183053759
3.078       0.000082310469550668
3.079       0.000093484203080772
3.080       0.000101000262291442
3.081       0.000071304059831995
3.082       0.000033322060533719
3.083       0.000030254114807469
3.084       0.000046193781059502
3.085       0.000059055827618053
3.086       0.000067965415001633
3.087       0.000081733541840837
3.088       0.000099035534610226
3.089       0.000092031456166583
3.090       0.000064320949548911
3.091       0.000057683991256524
3.092       0.000083854931916177
3.093       0.000133661878230606
3.094       0.000195458800270443
3.095       0.000281393419659659
3.096       0.000351121155798662
3.097       0.000258276249788081
3.098       0.000150938506137357
3.099       0.000136356585073549
3.100       0.000156265658788953
3.101       0.000153507844905476
3.102       0.000126390516780900
3.103       0.000103021145833392
3.104       0.000097308231308650
3.105       0.000101760409900020
3.106       0.000105314334305822
3.107       0.000100646010662030
3.108       0.000088395670403356
3.109       0.000079149902031788
3.110       0.000087916821268269
3.111       0.000109137225190660
3.112       0.000112523868035869
3.113       0.000086333584717518
3.114       0.000048887808746206
3.115       0.000042255134812971
3.116       0.000080097526078432
3.117       0.000154652379491915
3.118       0.000258816271706930
3.119       0.000334934860246758
3.120       0.000300994786984088
3.121       0.000236851866642906
3.122       0.000220822700136750
3.123       0.000252025440318743
3.124       0.000316977569009530
3.125       0.000326949903985796
3.126       0.000223305577586569
3.127       0.000157506537908039
3.128       0.000133412376314063
3.129       0.000107742119496115
3.130       0.000075880427907182
3.131       0.000052222762849073
3.132       0.000051542676555299
3.133       0.000088584331154801
3.134       0.000184380999784572
3.135       0.000339588880783115
3.136       0.000440340415627863
3.137       0.000402671496903234
3.138       0.000312968936803104
3.139       0.000185244975510757
3.140       0.000081554090152092
3.141       0.000049270485097850
3.142       0.000050602018121598
3.143       0.000076818425258973
3.144       0.000118143564519932
3.145       0.000137517832770669
3.146       0.000111197695172510
3.147       0.000067572458079340
3.148       0.000042049855418273
3.149       0.000038684782515664
3.150       0.000053714780683278
3.151       0.000098495155923029
3.152       0.000184092750513176
3.153       0.000275667008288488
3.154       0.000330168759393415
3.155       0.000375694119399805
3.156       0.000452169257804114
3.157       0.000540455002264489
3.158       0.000585328440429359
3.159       0.000586324334511612
3.160       0.000590233231940740
3.161       0.000496701392928567
3.162       0.000329150306289716
3.163       0.000213910945913054
3.164       0.000154542324135226
3.165       0.000120155492444693
3.166       0.000105611014726521
3.167       0.000118286856583424
3.168       0.000154688749090720
3.169       0.000203449464918543
3.170       0.000255666353628892
3.171       0.000301430439713854
3.172       0.000318117762650741
3.173       0.000285671739290116
3.174       0.000269589493082506
3.175       0.000304747910934808
3.176       0.000306055172245689
3.177       0.000244640689720022
3.178       0.000183396570101885
3.179       0.000141771633790228
3.180       0.000117775364240159
3.181       0.000108049425010533
3.182       0.000126039087176233
3.183       0.000164826267534113
3.184       0.000196339209186845
3.185       0.000213661902063067
3.186       0.000221442645244395
3.187       0.000200920552180989
3.188       0.000140524322063629
3.189       0.000070745561604274
3.190       0.000035679450140037
3.191       0.000044786168159561
3.192       0.000079798011807047
3.193       0.000132779598341848
3.194       0.000216536406311030
3.195       0.000367260717876738
3.196       0.000625606994340222
3.197       0.000868128596140411
3.198       0.000898704707089804
3.199       0.000804358158178198
3.200       0.000690348757390380
3.201       0.000490185110064711
3.202       0.000288398673811141
3.203       0.000219347781034468
3.204       0.000238238733353519
3.205       0.000288197303648624
3.206       0.000329956872061540
3.207       0.000361295335636933
3.208       0.000386460649879249
3.209       0.000380421645209322
3.210       0.000331529545231052
3.211       0.000262517837113729
3.212       0.000198916017043749
3.213       0.000157458573727481
3.214       0.000140646024835754
3.215       0.000138745978348344
3.216       0.000146151243027852
3.217       0.000163426172327757
3.218       0.000183333120792266
3.219       0.000194309550169610
3.220       0.000204959441039404
3.221       0.000254663784582554
3.222       0.000369723217270357
3.223       0.000516175659630524
3.224       0.000638255362080398
3.225       0.000711847029196078
3.226       0.000720713463024811
3.227       0.000670141292988591
3.228       0.000570854397150822
3.229       0.000457390085677467
3.230       0.000361056416463529
3.231       0.000293337871117266
3.232       0.000257146595731256
3.233       0.000241399176327210
3.234       0.000232130126411670
3.235       0.000206369700492537
3.236       0.000176467198755815
3.237       0.000192978862477156
3.238       0.000258983434681503
3.239       0.000337270919441940
3.240       0.000394752532668144
3.241       0.000427803480758139
3.242       0.000440129401833356
3.243       0.000429571635350956
3.244       0.000412905466949451
3.245       0.000416101357301385
3.246       0.000439915933445931
3.247       0.000476574947709529
3.248       0.000539077152902745
3.249       0.000652779323989772
3.250       0.000812295020453713
3.251       0.000929387217909545
3.252       0.000907192827475090
3.253       0.000789144891716331
3.254       0.000678123724489388
3.255       0.000605275871882693
3.256       0.000566965682498609
3.257       0.000554033940603361
3.258       0.000545385926358950
3.259       0.000534318573272345
3.260       0.000551464349199393
3.261       0.000610779193501526
3.262       0.000657721068165137
3.263       0.000639276903308866
3.264       0.000580300094764952
3.265       0.000529733297972762
3.266       0.000509610906338619
3.267       0.000517255698387703
3.268       0.000532190252165016
3.269       0.000531157603926267
3.270       0.000513091068883177
3.271       0.000498127070739643
3.272       0.000498533637991454
3.273       0.000518315296537730
3.274       0.000557263492056120
3.275       0.000601272629164901
3.276       0.000632633284725445
3.277       0.000668393457802341
3.278       0.000751275295308385
3.279       0.000896992599190183
3.280       0.001039315153178120
3.281       0.001071501300626800
3.282       0.000993093856643423
3.283       0.000884401322537642
3.284       0.000793697278391237
3.285       0.000731462626939225
3.286       0.000703628282048748
3.287       0.000713386727881099
3.288       0.000766272891924658
3.289       0.000869464501772166
3.290       0.001013114442714010
3.291       0.001135044058237810
3.292       0.001178023371182520
3.293       0.001179323029835560
3.294       0.001174812078239730
3.295       0.001150072394765560
3.296       0.001095277379051100
3.297       0.001025053406792930
3.298       0.000960159069148092
3.299       0.000916877672664199
3.300       0.000902567291381159
3.301       0.000916403526270690
3.302       0.000952833547455151
3.303       0.000992945832869241
3.304       0.001003631720248960
3.305       0.000968054483867081
3.306       0.000911241090531506
3.307       0.000876438790100847
3.308       0.000887660744260249
3.309       0.000943986476649117
3.310       0.001038239884169680
3.311       0.001155800213182570
3.312       0.001269564385051100
3.313       0.001356607377527130
3.314       0.001420878101009220
3.315       0.001481485871451420
3.316       0.001543236507995120
3.317       0.001596542566579070
3.318       0.001634368590040190
3.319       0.001658911147940410
3.320       0.001683584101196710
3.321       0.001719491112013250
3.322       0.001751552846223710
3.323       0.001754775756611810
3.324       0.001741413549355960
3.325       0.001755501218114440
3.326       0.001824428003410040
3.327       0.001916236680358480
3.328       0.001950079152004740
3.329       0.001877721317659230
3.330       0.001736648872440680
3.331       0.001591757685199540
3.332       0.001474102096326040
3.333       0.001419287551793230
3.334       0.001463303580106210
3.335       0.001589036207739260
3.336       0.001728928323442070
3.337       0.001834497936016140
3.338       0.001902649731489900
3.339       0.001935405984092060
3.340       0.001944893817329880
3.341       0.001957381000999930
3.342       0.001988510909236990
3.343       0.002041521653425300
3.344       0.002132841587591310
3.345       0.002273368075733420
3.346       0.002441042648169470
3.347       0.002608408935893420
3.348       0.002772709970910060
3.349       0.002927437286151080
3.350       0.003060963007091970
3.351       0.003168610382293070
3.352       0.003213786859292260
3.353       0.003174541745547150
3.354       0.003102043199198600
3.355       0.003063277332165750
3.356       0.003067596043136100
3.357       0.003106319107930440
3.358       0.003179042202206720
3.359       0.003287154547111150
3.360       0.003435137431916810
3.361       0.003621284662895240
3.362       0.003825768370225750
3.363       0.004032625463274540
3.364       0.004223696623105570
3.365       0.004325801266360190
3.366       0.004280745679342720
3.367       0.004166578937866480
3.368       0.004134502739231770
3.369       0.004231235384599240
3.370       0.004397659218109860
3.371       0.004568224627397590
3.372       0.004719903679923090
3.373       0.004852587216793160
3.374       0.004971328500072870
3.375       0.005088530795872180
3.376       0.005199010254102580
3.377       0.005274962826527350
3.378       0.005290835466754530
3.379       0.005262022752281340
3.380       0.005254287230218170
3.381       0.005344376075201000
3.382       0.005551804182064140
3.383       0.005845901600407770
3.384       0.006202247614929930
3.385       0.006601536691691610
3.386       0.007000383321059010
3.387       0.007348846364343520
3.388       0.007607002155471720
3.389       0.007755250706544590
3.390       0.007832735574953450
3.391       0.007931790247200921
3.392       0.008104013717627260
3.393       0.008320823716886690
3.394       0.008539981579277820
3.395       0.008748843245220069
3.396       0.008953350593839390
3.397       0.009172764767237159
3.398       0.009425511620967719
3.399       0.009713434221595870
3.400       0.010023229968826500
3.401       0.010336630418428000
3.402       0.010641436150981501
3.403       0.010937040944860300
3.404       0.011235458461795300
3.405       0.011544461026197000
3.406       0.011887776302229799
3.407       0.012305628504237800
3.408       0.012805686431005100
3.409       0.013354870571802700
3.410       0.013918391021448699
3.411       0.014459550553474599
3.412       0.014936983484904499
3.413       0.015374619823056400
3.414       0.015846104591682200
3.415       0.016382695781958400
3.416       0.016966755314673999
3.417       0.017607371582854199
3.418       0.018304376331533600
3.419       0.018988390790452701
3.420       0.019616866198539199
3.421       0.020234978743826300
3.422       0.020902013871905802
3.423       0.021627229721276699
3.424       0.022394972556447599
3.425       0.023197641884430600
3.426       0.024034160676633699
3.427       0.024918131661445301
3.428       0.025884295488264999
3.429       0.026910265312791299
3.430       0.027907289746545300
3.431       0.028840049368565400
3.432       0.029773062899358702
3.433       0.030771354367826301
3.434       0.031849964118972500
3.435       0.033012483311320097
3.436       0.034263914550743700
3.437       0.035591824759678502
3.438       0.036985402819403199
3.439       0.038441430702683903
3.440       0.039953680500723898
3.441       0.041533462519583800
3.442       0.043194329335208601
3.443       0.044917391161475501
3.444       0.046678281689702700
3.445       0.048483850527810901
3.446       0.050346392255114801
3.447       0.052271818973297399
3.448       0.054304274126048199
3.449       0.056509365201966602
3.450       0.058869043126353701
3.451       0.061300558141693898
3.452       0.063774527181600094
3.453       0.066337282432783695
3.454       0.069036207484755294
3.455       0.071874606715516307
3.456       0.074849518773552504
3.457       0.077965571171480605
3.458       0.081237831193607904
3.459       0.084705901843729905
3.460       0.088400644849924603
3.461       0.092277546365629307
3.462       0.096257603335670794
3.463       0.100338198112771004
3.464       0.104577629844196995
3.465       0.109016902037665994
3.466       0.113674954233900005
3.467       0.118578671943083996
3.468       0.123745731951164006
3.469       0.129197684711030991
3.470       0.134965089542799010
3.471       0.141039209199523008
3.472       0.147315072799501012
3.473       0.153707093873653000
3.474       0.160281269391465003
3.475       0.167150418924798011
3.476       0.174349135983313003
3.477       0.181895702322502989
3.478       0.189820540250732001
3.479       0.198119249514651014
3.480       0.206739868242224012
3.481       0.215648097026669011
3.482       0.224855391747653011
3.483       0.234372009465814990
3.484       0.244211268397563991
3.485       0.254416891051533978
3.486       0.265029133650700022
3.487       0.276048937033394004
3.488       0.287448982069157977
3.489       0.299186531403435985
3.490       0.311223846037264995
3.491       0.323542825006505996
3.492       0.336156555819969005
3.493       0.349098404705677989
3.494       0.362394705054938981
3.495       0.376020139199254977
3.496       0.389934390475310977
3.497       0.404113186588367979
3.498       0.418512609109874978
3.499       0.433066859484576017
3.500       0.447746961039634017
3.501       0.462607073672196001
3.502       0.477702169877716021
3.503       0.492974602519914984
3.504       0.508340153667183992
3.505       0.523741753854913950
3.506       0.539114320397950042
3.507       0.554420674141426040
3.508       0.569624580819066972
3.509       0.584664903751943021
3.510       0.599481939054221979
3.511       0.614052994709517019
3.512       0.628411425875021967
3.513       0.642532499441117011
3.514       0.656353483746130006
3.515       0.669872279616285038
3.516       0.683070735189446054
3.517       0.695939310371705977
3.518       0.708482535014575032
3.519       0.720661576416965044
3.520       0.732438047749865984
3.521       0.743762960639542947
3.522       0.754595928603542965
3.523       0.764933765890368988
3.524       0.774773244081381041
3.525       0.784099787210933985
3.526       0.792900245635600021
3.527       0.801175248937934015
3.528       0.808970085081786028
3.529       0.816319937669923945
3.530       0.823202383650049052
3.531       0.829597226889233985
3.532       0.835589620353346052
3.533       0.841244696266670977
3.534       0.846522504591589953
3.535       0.851373572298151027
3.536       0.855760406898568027
3.537       0.859712150047312051
3.538       0.863272592368666047
3.539       0.866473002045938023
3.540       0.869414677641731970
3.541       0.872136202782787029
3.542       0.874614135222620992
3.543       0.876865071927295014
3.544       0.878890877564576956
3.545       0.880677956650655958
3.546       0.882226184851462980
3.547       0.883536608890695963
3.548       0.884629074080500954
3.549       0.885531127370217996
3.550       0.886291880004924981
3.551       0.886966367696513047
3.552       0.887535022120726991
3.553       0.887962017625726019
3.554       0.888246147917010953
3.555       0.888409955554663955
3.556       0.888487664932102961
3.557       0.888493274176791026
3.558       0.888432067779075019
3.559       0.888310403147896999
3.560       0.888127297538270022
3.561       0.887904969579510039
3.562       0.887666585035699951
3.563       0.887402662640388029
3.564       0.887098756504009045
3.565       0.886759415376022986
3.566       0.886398389399347009
3.567       0.886020218031731033
3.568       0.885627677972925964
3.569       0.885232339438192017
3.570       0.884820989813156045
3.571       0.884351161635454019
3.572       0.883803196547606973
3.573       0.883188518855902993
3.574       0.882520796777220951
3.575       0.881810025373555018
3.576       0.881098274056280051
3.577       0.880439837074569964
3.578       0.879832676520097001
3.579       0.879232231889255034
3.580       0.878594042299122968
3.581       0.877930628522860967
3.582       0.877294709190028055
3.583       0.876728558420935000
3.584       0.876262626051151017
3.585       0.875912397266102039
3.586       0.875666469622108035
3.587       0.875481814704306971
3.588       0.875333869312573953
3.589       0.875193801702060958
3.590       0.875011603045969033
3.591       0.874752655404327006
3.592       0.874392522827918017
3.593       0.873947281931050979
3.594       0.873507014229217948
3.595       0.873200942177246975
3.596       0.873064221766505000
3.597       0.873014211489475001
3.598       0.872975645051047966
3.599       0.872939772274865966
3.600       0.872899362681833990
3.601       0.872834507548064020
3.602       0.872747504310195987
3.603       0.872657570870688959
3.604       0.872581591063642970
3.605       0.872545556760179974
3.606       0.872568487110680024
3.607       0.872650606093152037
3.608       0.872806970307347996
3.609       0.873073708481833966
3.610       0.873462721610108961
3.611       0.873953543559224055
3.612       0.874504294879807964
3.613       0.875047593249334010
3.614       0.875532358152508960
3.615       0.875981191683142035
3.616       0.876460711173821960
3.617       0.877009813280257955
3.618       0.877644870552484968
3.619       0.878383669341881945
3.620       0.879225017293183031
3.621       0.880144046520148993
3.622       0.881119250604033954
3.623       0.882131919819184040
3.624       0.883150036223288026
3.625       0.884156349822327048
3.626       0.885170626981599984
3.627       0.886234619829358028
3.628       0.887389244697299961
3.629       0.888666655070049050
3.630       0.890056592528271961
3.631       0.891491598333058022
3.632       0.892914147315756024
3.633       0.894330792408806974
3.634       0.895772979834062011
3.635       0.897242246314130965
3.636       0.898739641575810988
3.637       0.900297598555009015
3.638       0.901947601085821948
3.639       0.903709737769227028
3.640       0.905603792586781031
3.641       0.907628269527107956
3.642       0.909740223184018038
3.643       0.911905910422775023
3.644       0.914107461185999948
3.645       0.916311045263331958
3.646       0.918489160195921972
3.647       0.920607723321986038
3.648       0.922646402139107980
3.649       0.924618204250637010
3.650       0.926561514903437966
3.651       0.928509495446810051
3.652       0.930465838897852948
3.653       0.932437853283867968
3.654       0.934423548195097986
3.655       0.936378593109851054
3.656       0.938278386300164025
3.657       0.940127402896269948
3.658       0.941929688638634022
3.659       0.943674289076449013
3.660       0.945358208282272017
3.661       0.947010786067755017
3.662       0.948622006175343979
3.663       0.950115129597550956
3.664       0.951455534344448961
3.665       0.952665273040566030
3.666       0.953722360123832047
3.667       0.954576354559618978
3.668       0.955208055985941051
3.669       0.955633712539982971
3.670       0.955836459238757041
3.671       0.955792593936692025
3.672       0.955555558012956996
3.673       0.955156044996020026
3.674       0.954558191858945970
3.675       0.953729359344591021
3.676       0.952642073543114032
3.677       0.951286234630952965
3.678       0.949654434871490039
3.679       0.947709220209298042
3.680       0.945390177626971973
3.681       0.942638399234352997
3.682       0.939447317843623009
3.683       0.935852946528592966
3.684       0.931885955102688013
3.685       0.927572795519924997
3.686       0.922907973934965042
3.687       0.917848486852719025
3.688       0.912357104942649988
3.689       0.906412238577931961
3.690       0.900019550572739968
3.691       0.893201806526147002
3.692       0.885968500576318041
3.693       0.878335005976193961
3.694       0.870332632184283028
3.695       0.861975299614325952
3.696       0.853245518209547971
3.697       0.844125289618304020
3.698       0.834601348174046964
3.699       0.824678906620072039
3.700       0.814379251707854968
3.701       0.803731207662572000
3.702       0.792782429236644992
3.703       0.781544072923118005
3.704       0.769987316610660000
3.705       0.758137841986482042
3.706       0.746028420806801984
3.707       0.733697589167462971
3.708       0.721204176224241045
3.709       0.708580690981471029
3.710       0.695884316511061973
3.711       0.683132241097482051
3.712       0.670259029240369952
3.713       0.657264646182526002
3.714       0.644167740715851034
3.715       0.630954794231357030
3.716       0.617634261755697023
3.717       0.604241831343820035
3.718       0.590852160084516020
3.719       0.577520626792357050
3.720       0.564244587644616047
3.721       0.551045864324053003
3.722       0.537923101948720950
3.723       0.524883219137961987
3.724       0.511968237465609044
3.725       0.499205861528778994
3.726       0.486622515185913984
3.727       0.474236244261093010
3.728       0.462047930919744998
3.729       0.450061486102135977
3.730       0.438272430696074022
3.731       0.426670671409147995
3.732       0.415261915333808018
3.733       0.404068507495623008
3.734       0.393116390389721015
3.735       0.382406727640982991
3.736       0.371925500958340982
3.737       0.361671878113774992
3.738       0.351639226163449004
3.739       0.341800291617233021
3.740       0.332149033828784024
3.741       0.322719082795792978
3.742       0.313546163751346973
3.743       0.304634535071392987
3.744       0.295974406378651023
3.745       0.287554956122058003
3.746       0.279348072816012982
3.747       0.271317973041188987
3.748       0.263458149823645016
3.749       0.255781357147967014
3.750       0.248298418126272014
3.751       0.241025313679561010
3.752       0.233985524735584011
3.753       0.227188960654959998
3.754       0.220627054305100989
3.755       0.214285613915632001
3.756       0.208153940963850009
3.757       0.202217223534023993
3.758       0.196460690592391990
3.759       0.190862334362253999
3.760       0.185393377876217014
3.761       0.180038605782034011
3.762       0.174795240180539990
3.763       0.169665514117984001
3.764       0.164661291651644004
3.765       0.159810197561310013
3.766       0.155129883667737001
3.767       0.150624696782167000
3.768       0.146302160862593011
3.769       0.142151743346184994
3.770       0.138138189329291006
3.771       0.134239476977952993
3.772       0.130446766005524989
3.773       0.126755082290971988
3.774       0.123156755422555997
3.775       0.119653875421014994
3.776       0.116257091398835999
3.777       0.112959734676425005
3.778       0.109751797341739996
3.779       0.106639751422875004
3.780       0.103625990329713993
3.781       0.100696514444894997
3.782       0.097848438999564594
3.783       0.095103735436826001
3.784       0.092479385599716593
3.785       0.089966358570949395
3.786       0.087542387053403600
3.787       0.085192086703189701
3.788       0.082900741684797594
3.789       0.080661463711578604
3.790       0.078474230781211005
3.791       0.076331922743698905
3.792       0.074237250308771999
3.793       0.072203357355825795
3.794       0.070252054996904803
3.795       0.068409236751742597
3.796       0.066677474849683394
3.797       0.065037642929823405
3.798       0.063473304542061904
3.799       0.061953114504839299
3.800       0.060415407177521800
3.801       0.058830026695878800
3.802       0.057234618175326303
3.803       0.055672273871264701
3.804       0.054136998502376500
3.805       0.052624094540818497
3.806       0.051164190887729603
3.807       0.049780959021004101
3.808       0.048476590060957399
3.809       0.047253943463519299
3.810       0.046115544398375598
3.811       0.045042332645082603
3.812       0.043988102510369699
3.813       0.042908228855874399
3.814       0.041790425172057298
3.815       0.040652375537502103
3.816       0.039524148997267097
3.817       0.038433711147475097
3.818       0.037405861943544200
3.819       0.036448398738227798
3.820       0.035549522607751301
3.821       0.034693155138435301
3.822       0.033867624620248699
3.823       0.033067573236174500
3.824       0.032288018696509498
3.825       0.031517096560602198
3.826       0.030758068370181999
3.827       0.030023719813557101
3.828       0.029315649145162000
3.829       0.028626401698000702
3.830       0.027951284264633901
3.831       0.027291952052084199
3.832       0.026649715266968198
3.833       0.026023987485792599
3.834       0.025432902256492501
3.835       0.024893296280540399
3.836       0.024398191871858800
3.837       0.023933716036631102
3.838       0.023512061970935302
3.839       0.023135557817174600
3.840       0.022755827190682001
3.841       0.022329494509981000
3.842       0.021861506428715101
3.843       0.021349524238268199
3.844       0.020767213337611799
3.845       0.020130777705129201
3.846       0.019510952019834400
3.847       0.018950498112477700
3.848       0.018445327371820801
3.849       0.017988843074590501
3.850       0.017567342585493199
3.851       0.017148171336849299
3.852       0.016703816964590799
3.853       0.016247626622440298
3.854       0.015810150434301999
3.855       0.015409628637833401
3.856       0.015051219475645399
3.857       0.014734640921495500
3.858       0.014446628755950600
3.859       0.014172736255888300
3.860       0.013903685949086600
3.861       0.013634311706984399
3.862       0.013364000323780000
3.863       0.013097346178294601
3.864       0.012833500763310499
3.865       0.012569294541244599
3.866       0.012312132514594299
3.867       0.012072628006430299
3.868       0.011854289618046099
3.869       0.011651984455231501
3.870       0.011458966639403500
3.871       0.011263424215394500
3.872       0.011048192784647999
3.873       0.010803765261223600
3.874       0.010536446904789500
3.875       0.010261099332102201
3.876       0.009993800480975200
3.877       0.009745429054042850
3.878       0.009518367297294940
3.879       0.009315622215696600
3.880       0.009142379677412160
3.881       0.008993470483805390
3.882       0.008861033476861790
3.883       0.008744922308721091
3.884       0.008642203510660250
3.885       0.008531417851345370
3.886       0.008399932376902510
3.887       0.008258378129348150
3.888       0.008116334489905010
3.889       0.007968540102756719
3.890       0.007820746699241271
3.891       0.007681635853852730
3.892       0.007546689769413310
3.893       0.007388260307751750
3.894       0.007199452438210520
3.895       0.006985967769033490
3.896       0.006733756268530790
3.897       0.006442796131036490
3.898       0.006172840197344760
3.899       0.005978878846575110
3.900       0.005856318136937160
3.901       0.005794455745041480
3.902       0.005788850970815290
3.903       0.005809372839441330
3.904       0.005794519123943740
3.905       0.005720236933664580
3.906       0.005607679025772420
3.907       0.005476529045393200
3.908       0.005342956068738970
3.909       0.005236686637912270
3.910       0.005177746803033320
3.911       0.005160199320585130
3.912       0.005165795594584490
3.913       0.005183169102956010
3.914       0.005205076563459370
3.915       0.005224870468635040
3.916       0.005225747311456000
3.917       0.005175535279202840
3.918       0.005059396293892290
3.919       0.004892018755266680
3.920       0.004691504644389170
3.921       0.004483115638237110
3.922       0.004318342099899730
3.923       0.004236886657771850
3.924       0.004225420047805340
3.925       0.004247235799286040
3.926       0.004277706779962360
3.927       0.004285370844825750
3.928       0.004232214942253900
3.929       0.004112981567258030
3.930       0.003957870434258550
3.931       0.003798889953292690
3.932       0.003656245400587120
3.933       0.003547972648670910
3.934       0.003484278710562870
3.935       0.003454572705779440
3.936       0.003435759309363030
3.937       0.003411975488708030
3.938       0.003374225740824300
3.939       0.003323443150974880
3.940       0.003264437918559130
3.941       0.003198737333519720
3.942       0.003130185538442850
3.943       0.003067942058313790
3.944       0.003015698333544620
3.945       0.002971105328686570
3.946       0.002949516920839330
3.947       0.002965040717954050
3.948       0.002994114663638040
3.949       0.003008595259593420
3.950       0.003005456099811790
3.951       0.002984206286182820
3.952       0.002934097219627510
3.953       0.002864227614866770
3.954       0.002791205350276720
3.955       0.002717161885602170
3.956       0.002639159902948720
3.957       0.002550838190674530
3.958       0.002448713288433270
3.959       0.002342895966869820
3.960       0.002253251907978870
3.961       0.002185091586288350
3.962       0.002134155423259370
3.963       0.002097589508939540
3.964       0.002070501827107090
3.965       0.002043567396740480
3.966       0.002016985658929340
3.967       0.002000452946958970
3.968       0.001995639465760740
3.969       0.001996201944525510
3.970       0.001993856079281780
3.971       0.001975580951095260
3.972       0.001931197548993820
3.973       0.001870785974092350
3.974       0.001815686938347740
3.975       0.001782453011752630
3.976       0.001782773185724450
3.977       0.001817222901925180
3.978       0.001862546341205860
3.979       0.001891341727809050
3.980       0.001887423960374720
3.981       0.001835105611060370
3.982       0.001731339734232340
3.983       0.001609672092357070
3.984       0.001506854895075790
3.985       0.001425128141672670
3.986       0.001357835984463070
3.987       0.001306198126509870
3.988       0.001269131759192980
3.989       0.001243303889327430
3.990       0.001228186556748980
3.991       0.001226273171072000
3.992       0.001245134258526680
3.993       0.001289910507386720
3.994       0.001349355691121660
3.995       0.001412521715720930
3.996       0.001480200272283240
3.997       0.001536810306478130
3.998       0.001548905791998280
3.999       0.001516475657297730
4.000       0.001457107272534620
4.001       0.001380229085112980
4.002       0.001295416607700380
4.003       0.001222318840948390
4.004       0.001172982043328760
4.005       0.001154214403685230
4.006       0.001160149904983660
4.007       0.001172608416157880
4.008       0.001180680293740070
4.009       0.001191759759086770
4.010       0.001185373427354220
4.011       0.001141181382569080
4.012       0.001075853995785530
4.013       0.001031735338199610
4.014       0.001020666878834340
4.015       0.001037867352974840
4.016       0.001076111095452140
4.017       0.001124065790603590
4.018       0.001164410184793990
4.019       0.001180121606838820
4.020       0.001171031342858980
4.021       0.001151965061963520
4.022       0.001140549378142630
4.023       0.001138010991878790
4.024       0.001131940917977050
4.025       0.001114929370553710
4.026       0.001087285170095070
4.027       0.001043326430484190
4.028       0.000985851188370579
4.029       0.000932380445301223
4.030       0.000890099938476080
4.031       0.000859876881530490
4.032       0.000851335740394407
4.033       0.000871579726388710
4.034       0.000922240795313778
4.035       0.001010436664104330
4.036       0.001144249265689120
4.037       0.001320769403740820
4.038       0.001522974996645330
4.039       0.001685762909329480
4.040       0.001755399790076970
4.041       0.001760601295129410
4.042       0.001726791611805220
4.043       0.001659556451870440
4.044       0.001561437767405140
4.045       0.001410591149134890
4.046       0.001230749531985540
4.047       0.001075947398907430
4.048       0.000965364395219881
4.049       0.000892020184054348
4.050       0.000853905329180175
4.051       0.000855982851676179
4.052       0.000892826693428495
4.053       0.000946016596492544
4.054       0.001002661010506670
4.055       0.001050201493305810
4.056       0.001067603622936310
4.057       0.001046771193542910
4.058       0.001006821721771270
4.059       0.000964615372213540
4.060       0.000914647313840333
4.061       0.000855062275285867
4.062       0.000792147831614159
4.063       0.000729581939776736
4.064       0.000660696846383979
4.065       0.000599111364668115
4.066       0.000570199108728079
4.067       0.000584003907052516
4.068       0.000627017962543025
4.069       0.000686515414125288
4.070       0.000752097702617804
4.071       0.000781089697936027
4.072       0.000737398227489527
4.073       0.000640058773494434
4.074       0.000545868421492679
4.075       0.000478787748756287
4.076       0.000442810148924524
4.077       0.000447786802592415
4.078       0.000487361170702666
4.079       0.000538728179142134
4.080       0.000585046438651843
4.081       0.000629671619660321
4.082       0.000686660957746443
4.083       0.000761541432014790
4.084       0.000841532486539065
4.085       0.000921089738405600
4.086       0.000985643876353914
4.087       0.001008447115623790
4.088       0.000995598809729270
4.089       0.000948918237412499
4.090       0.000877217167498057
4.091       0.000798131905206001
4.092       0.000727699244208097
4.093       0.000680317061659552
4.094       0.000662078760845026
4.095       0.000670841032171715
4.096       0.000697718084641641
4.097       0.000730470570474234
4.098       0.000756671513472362
4.099       0.000767157524339382
4.100       0.000755900578664190
4.101       0.000721006154817405
4.102       0.000663506430941097
4.103       0.000587373619634346
4.104       0.000501167488751342
4.105       0.000418423385760647
4.106       0.000357745052169012
4.107       0.000336689230328022
4.108       0.000358066204551200
4.109       0.000412260104986906
4.110       0.000483306609623813
4.111       0.000554372171391093
4.112       0.000617229430910915
4.113       0.000664923987609867
4.114       0.000691019647947648
4.115       0.000693279082447734
4.116       0.000672907417145652
4.117       0.000634115327342255
4.118       0.000564739906129819
4.119       0.000430873308512547
4.120       0.000298497864826053
4.121       0.000191009275252896
4.122       0.000104989222607321
4.123       0.000052678113511881
4.124       0.000034370682348221
4.125       0.000039080395888805
4.126       0.000068813090569941
4.127       0.000138704840830728
4.128       0.000244122446984907
4.129       0.000343394641641404
4.130       0.000422668456587172
4.131       0.000501284197999885
4.132       0.000579580008220337
4.133       0.000658920576551647
4.134       0.000720277925929602
4.135       0.000676660854422251
4.136       0.000580734864560617
4.137       0.000476515878404749
4.138       0.000386797529115801
4.139       0.000319163332197475
4.140       0.000275436060738515
4.141       0.000243302736099987
4.142       0.000223189478333044
4.143       0.000227463394536540
4.144       0.000246512690833228
4.145       0.000248044204093495
4.146       0.000203011437613809
4.147       0.000130722500150171
4.148       0.000081725591979803
4.149       0.000053423097192001
4.150       0.000040501742951494
4.151       0.000038853736150559
4.152       0.000049767708979201
4.153       0.000082233231687517
4.154       0.000151802246812660
4.155       0.000263760560533399
4.156       0.000366824055411247
4.157       0.000411151972529944
4.158       0.000412346626895405
4.159       0.000382552662615498
4.160       0.000342493997177784
4.161       0.000302462534668146
4.162       0.000256208950406317
4.163       0.000217018802349200
4.164       0.000182800428160629
4.165       0.000137571749006332
4.166       0.000090913662699588
4.167       0.000058858977979040
4.168       0.000051663010370857
4.169       0.000065242713915809
4.170       0.000085814439875473
4.171       0.000115209448767223
4.172       0.000162799590246177
4.173       0.000219735174137925
4.174       0.000235602612222385
4.175       0.000195637377081115
4.176       0.000178163729699921
4.177       0.000197387172128166
4.178       0.000241778098575701
4.179       0.000302108619583352
4.180       0.000376162072826591
4.181       0.000459753216878633
4.182       0.000503769791617800
4.183       0.000481065889490831
4.184       0.000467958067450076
4.185       0.000469999077342888
4.186       0.000483646843440044
4.187       0.000535184172906988
4.188       0.000648462962384577
4.189       0.000722673072269461
4.190       0.000701514556264937
4.191       0.000650732873882176
4.192       0.000496390449880479
4.193       0.000262384017578055
4.194       0.000175372844024399
4.195       0.000162479119661649
4.196       0.000182555914830324
4.197       0.000220704356886481
4.198       0.000254985247503017
4.199       0.000253714877092526
4.200       0.000203552067135404
4.201       0.000130334930558085
4.202       0.000068414583769133
4.203       0.000040240922213573
4.204       0.000051477840515679
4.205       0.000075206567023090
4.206       0.000100858990809416
4.207       0.000131119994548540
4.208       0.000171111699786064
4.209       0.000228101362000577
4.210       0.000294810539233747
4.211       0.000351154615137267
4.212       0.000381400276331451
4.213       0.000375126196434705
4.214       0.000335423073471980
4.215       0.000284902756140654
4.216       0.000240663636537020
4.217       0.000204635293488103
4.218       0.000182472892414211
4.219       0.000182366405126144
4.220       0.000202292778407484
4.221       0.000229189832320412
4.222       0.000248460973293459
4.223       0.000249901963962379
4.224       0.000229376880553106
4.225       0.000191958766274342
4.226       0.000146755819383643
4.227       0.000102503237835394
4.228       0.000066185927923304
4.229       0.000041851943181750
4.230       0.000029148112998437
4.231       0.000021379645523990
4.232       0.000014809927777068
4.233       0.000010829748635887
4.234       0.000010835970691476
4.235       0.000017588599714034
4.236       0.000032938485987247
4.237       0.000055658436169448
4.238       0.000085269238671221
4.239       0.000120228447704901
4.240       0.000150373284316954
4.241       0.000163937251277732
4.242       0.000165324186689684
4.243       0.000161407711892742
4.244       0.000152833261555477
4.245       0.000143530816104557
4.246       0.000145701599222892
4.247       0.000171833449306713
4.248       0.000231356571618213
4.249       0.000343604329272051
4.250       0.000453214075284231
4.251       0.000410290462238394
4.252       0.000350098015302558
4.253       0.000277821830340863
4.254       0.000199042217045531
4.255       0.000148852914337361
4.256       0.000134770579449675
4.257       0.000143196664929700
4.258       0.000154100015654145
4.259       0.000156602933670140
4.260       0.000145362771746829
4.261       0.000121149117666586
4.262       0.000099401867569716
4.263       0.000089455332612334
4.264       0.000086927212298985
4.265       0.000087588383738722
4.266       0.000086033428216316
4.267       0.000070015490747283
4.268       0.000041422385421958
4.269       0.000022341216273224
4.270       0.000019636539691666
4.271       0.000019526782081936
4.272       0.000014625926092193
4.273       0.000009381545580320
4.274       0.000007828292202200
4.275       0.000010205457459053
4.276       0.000019033297043475
4.277       0.000042161158105819
4.278       0.000081743328768758
4.279       0.000122114719518507
4.280       0.000145431893668106
4.281       0.000143889286493323
4.282       0.000119454202389513
4.283       0.000083580368843206
4.284       0.000051037424769612
4.285       0.000032419774212658
4.286       0.000025596876131776
4.287       0.000023861870255736
4.288       0.000022257632566487
4.289       0.000019238289759469
4.290       0.000016413156110156
4.291       0.000015427996331170
4.292       0.000017445134826672
4.293       0.000023543891680494
4.294       0.000036044577094205
4.295       0.000060330888302151
4.296       0.000099061960689872
4.297       0.000132466163802195
4.298       0.000137217621040285
4.299       0.000139240560483443
4.300       0.000147927074573583
4.301       0.000159994838130503
4.302       0.000163029563217919
4.303       0.000151318128660788
4.304       0.000129277534813954
4.305       0.000097332269652306
4.306       0.000067977920301335
4.307       0.000078794234667445
4.308       0.000121542315236728
4.309       0.000177112691283288
4.310       0.000227195611922193
4.311       0.000256798493577626
4.312       0.000258664512930884
4.313       0.000242505763575832
4.314       0.000225075913241085
4.315       0.000212588916849860
4.316       0.000199353952634235
4.317       0.000179593596651720
4.318       0.000150068322458757
4.319       0.000119416040999062
4.320       0.000094790022580574
4.321       0.000076372123632033
4.322       0.000072945843042640
4.323       0.000088053619300810
4.324       0.000109822172008542
4.325       0.000122495160107904
4.326       0.000118363028198044
4.327       0.000108104730318396
4.328       0.000116118782751445
4.329       0.000151925805858405
4.330       0.000206297402435079
4.331       0.000257825671403839
4.332       0.000288843700466536
4.333       0.000294860079059114
4.334       0.000281928233389642
4.335       0.000260258722891565
4.336       0.000240341046936099
4.337       0.000227181505230375
4.338       0.000218369264724391
4.339       0.000198479303811394
4.340       0.000169050783424440
4.341       0.000155701267979935
4.342       0.000163519112613503
4.343       0.000174784106386612
4.344       0.000178335066233425
4.345       0.000173025026268189
4.346       0.000161212679819334
4.347       0.000144877971518090
4.348       0.000122089823598251
4.349       0.000095095781263085
4.350       0.000069454855375711
4.351       0.000049331260499871
4.352       0.000035614188968698
4.353       0.000026737582065079
4.354       0.000021982716178211
4.355       0.000020672110770116
4.356       0.000023712407356519
4.357       0.000034906898185139
4.358       0.000056889353841183
4.359       0.000086890419130653
4.360       0.000120498121408852
4.361       0.000152073369707503
4.362       0.000168944886521211
4.363       0.000156519124269977
4.364       0.000115607754997055
4.365       0.000073211580387117
4.366       0.000056480726713312
4.367       0.000065896678812988
4.368       0.000089991462246426
4.369       0.000095248362028108
4.370       0.000068699934648753
4.371       0.000037317984719107
4.372       0.000020122655153196
4.373       0.000014338307688728
4.374       0.000011898460585988
4.375       0.000012498334565802
4.376       0.000020981032661877
4.377       0.000037363009070951
4.378       0.000058548456888130
4.379       0.000081571315307116
4.380       0.000100785843679549
4.381       0.000104220623283684
4.382       0.000092654005017866
4.383       0.000087184172956205
4.384       0.000092863968466340
4.385       0.000096102414234175
4.386       0.000081554194537120
4.387       0.000054012246326035
4.388       0.000037306666527284
4.389       0.000039458782923725
4.390       0.000052442787666696
4.391       0.000071101673507976
4.392       0.000093607721172131
4.393       0.000119116299444499
4.394       0.000147825211361780
4.395       0.000179762649569676
4.396       0.000208730703230423
4.397       0.000223386445520231
4.398       0.000220318517342194
4.399       0.000202008367899020
4.400       0.000171957109589643
4.401       0.000141686464601692
4.402       0.000120503124752397
4.403       0.000105945792091278
4.404       0.000093355269209998
4.405       0.000079557993476961
4.406       0.000062009458416779
4.407       0.000043258824279233
4.408       0.000027952457899695
4.409       0.000017427194068612
4.410       0.000012381851932946
4.411       0.000014449181826942
4.412       0.000023222360798138
4.413       0.000038437800515587
4.414       0.000065810272715988
4.415       0.000111181580752684
4.416       0.000164626830558817
4.417       0.000204585721989989
4.418       0.000214602803076031
4.419       0.000190466495906816
4.420       0.000139917797343514
4.421       0.000086705184881491
4.422       0.000050377801824250
4.423       0.000029182721135550
4.424       0.000020949158248650
4.425       0.000024442712592512
4.426       0.000028653414745623
4.427       0.000021422343655035
4.428       0.000015618860673777
4.429       0.000027876308445862
4.430       0.000056825745579803
4.431       0.000097843962752198
4.432       0.000135593358065206
4.433       0.000158285164566112
4.434       0.000168921930631160
4.435       0.000168078843444962
4.436       0.000156833974756757
4.437       0.000138389044826881
4.438       0.000120241219272912
4.439       0.000105606741563929
4.440       0.000096761907413482
4.441       0.000096014526307558
4.442       0.000100878672499229
4.443       0.000108327844935058
4.444       0.000114758402693959
4.445       0.000113278184383718
4.446       0.000098907989223088
4.447       0.000073869016781192
4.448       0.000045828120802990
4.449       0.000024207880768241
4.450       0.000012436845195064
4.451       0.000008227161805715
4.452       0.000009200649897973
4.453       0.000013641914142194
4.454       0.000021802595726560
4.455       0.000035928578509287
4.456       0.000060232499117935
4.457       0.000100377419943648
4.458       0.000152652658583913
4.459       0.000196334694706563
4.460       0.000226486558170702
4.461       0.000251773092884808
4.462       0.000261967517218232
4.463       0.000251889999781540
4.464       0.000228527285075220
4.465       0.000196486886531705
4.466       0.000159493588381576
4.467       0.000122157291667480
4.468       0.000090960434800835
4.469       0.000070109467209325
4.470       0.000057760597889131
4.471       0.000050834900136909
4.472       0.000048088377545414
4.473       0.000048682706841510
4.474       0.000050771469288875
4.475       0.000053321577646490
4.476       0.000054846007818575
4.477       0.000053984210151188
4.478       0.000057616497733517
4.479       0.000072395531071981
4.480       0.000091213514620575
4.481       0.000108199482398430
4.482       0.000127826355040980
4.483       0.000150202769992780
4.484       0.000173891778615459
4.485       0.000204095059147508
4.486       0.000239851013217759
4.487       0.000248082856830171
4.488       0.000249657572727720
4.489       0.000258191409200567
4.490       0.000271101849094187
4.491       0.000281090365212677
4.492       0.000286334854776598
4.493       0.000285252982682314
4.494       0.000277396361583457
4.495       0.000262661454847823
4.496       0.000237140583899009
4.497       0.000194887682887834
4.498       0.000149223515381769
4.499       0.000118905915304335
4.500       0.000102745662751869
4.501       0.000097038341203192
4.502       0.000096851953498037
4.503       0.000096977989250152
4.504       0.000094306771795172
4.505       0.000087126800322253
4.506       0.000075052095841341
4.507       0.000061076521300031
4.508       0.000049235690961547
4.509       0.000041608206362084
4.510       0.000040170180921562
4.511       0.000046648412732872
4.512       0.000060708886891234
4.513       0.000080687916251029
4.514       0.000103357621219741
4.515       0.000124852970965844
4.516       0.000143752301693986
4.517       0.000161535509054733
4.518       0.000180017722436740
4.519       0.000202232154327256
4.520       0.000227909111755589
4.521       0.000248868670531630
4.522       0.000251985469665802
4.523       0.000225710022399794
4.524       0.000174938993042439
4.525       0.000117718506244896
4.526       0.000074973620690200
4.527       0.000061892423209170
4.528       0.000071351757105688
4.529       0.000081385135030516
4.530       0.000080797130504753
4.531       0.000071799731014246
4.532       0.000056225513961047
4.533       0.000036433159332716
4.534       0.000020858275963639
4.535       0.000014665795278618
4.536       0.000015936301225192
4.537       0.000021402741746584
4.538       0.000027451625765965
4.539       0.000028100638184605
4.540       0.000022910106375430
4.541       0.000016789756690902
4.542       0.000018528484655361
4.543       0.000035565403631740
4.544       0.000062560904159542
4.545       0.000092481206195136
4.546       0.000112747309603414
4.547       0.000109511351109204
4.548       0.000092544035355663
4.549       0.000074211783599495
4.550       0.000059726051575539
4.551       0.000053164574303655
4.552       0.000052054114310750
4.553       0.000052614027733463
4.554       0.000053582813790352
4.555       0.000053739996049036
4.556       0.000053039302362151
4.557       0.000052314721945649
4.558       0.000051364373294366
4.559       0.000049165466185358
4.560       0.000044575081118718
4.561       0.000037843784933905
4.562       0.000031289682995084
4.563       0.000028812737588457
4.564       0.000034537019747039
4.565       0.000051980105738092
4.566       0.000082243027316992
4.567       0.000118268018179712
4.568       0.000137835769686845
4.569       0.000122701979076129
4.570       0.000104313122438845
4.571       0.000128173453871561
4.572       0.000187014997082069
4.573       0.000267005713136204
4.574       0.000348574257183043
4.575       0.000395566423312790
4.576       0.000382262600754912
4.577       0.000317508640219510
4.578       0.000242535610858075
4.579       0.000183916479809032
4.580       0.000144711499031808
4.581       0.000118263665707108
4.582       0.000099859834814572
4.583       0.000086362240817234
4.584       0.000074424899206116
4.585       0.000062499523943396
4.586       0.000050816259013292
4.587       0.000040876587434548
4.588       0.000034581026629085
4.589       0.000033253060315513
4.590       0.000037466372572008
4.591       0.000046370406190752
4.592       0.000056272728083347
4.593       0.000063984087815518
4.594       0.000068390117396204
4.595       0.000068237811951491
4.596       0.000063112238340164
4.597       0.000051845153711580
4.598       0.000038909147614556
4.599       0.000037568018177281
4.600       0.000053891375165371
4.601       0.000086545164665247
4.602       0.000130004981969245
4.603       0.000168464294439924
4.604       0.000195989303349006
4.605       0.000216854360063440
4.606       0.000234224708773198
4.607       0.000247835317797179
4.608       0.000256533644254018
4.609       0.000261236526349049
4.610       0.000264943926395374
4.611       0.000268298316161762
4.612       0.000269586566927510
4.613       0.000267269449832179
4.614       0.000258078809590861
4.615       0.000238414195876252
4.616       0.000205069775593730
4.617       0.000152632635471106
4.618       0.000089084644967236
4.619       0.000048188006391961
4.620       0.000041310395068279
4.621       0.000048345436160280
4.622       0.000065106194596667
4.623       0.000093980165834645
4.624       0.000137897256552999
4.625       0.000192346535489107
4.626       0.000227536655523507
4.627       0.000220099962253598
4.628       0.000201904732597735
4.629       0.000187614300859930
4.630       0.000175538907991116
4.631       0.000160438507536220
4.632       0.000128047707248974
4.633       0.000083666519168052
4.634       0.000052413937113888
4.635       0.000032821100135874
4.636       0.000022882379129958
4.637       0.000021563498393353
4.638       0.000025337839915793
4.639       0.000033513860030199
4.640       0.000051999191951618
4.641       0.000093091183507976
4.642       0.000170574171211357
4.643       0.000261113404263019
4.644       0.000296362999618379
4.645       0.000289420757540862
4.646       0.000272851826257900
4.647       0.000249001824635595
4.648       0.000223268504985066
4.649       0.000197785147854984
4.650       0.000166975253184570
4.651       0.000126366929489613
4.652       0.000083578621827507
4.653       0.000052582378635480
4.654       0.000041319210717504
4.655       0.000050659074599058
4.656       0.000061011413101988
4.657       0.000061937709744529
4.658       0.000057593128127240
4.659       0.000054161405821207
4.660       0.000055468294481879
4.661       0.000062350450572117
4.662       0.000072870024786328
4.663       0.000086490522501329
4.664       0.000103744790289587
4.665       0.000122310391226441
4.666       0.000138705882739509
4.667       0.000152756815065540
4.668       0.000163976111524036
4.669       0.000171287236861904
4.670       0.000178408672114772
4.671       0.000189672246901765
4.672       0.000209914894444302
4.673       0.000225917708525675
4.674       0.000191777038927698
4.675       0.000140742937521365
4.676       0.000105008030489184
4.677       0.000088250322627224
4.678       0.000092940619200455
4.679       0.000115619512178144
4.680       0.000143861329113343
4.681       0.000166329379686948
4.682       0.000166417667492674
4.683       0.000134953700145976
4.684       0.000112003768932847
4.685       0.000096354952623196
4.686       0.000085221494913586
4.687       0.000078246112158533
4.688       0.000072419035668042
4.689       0.000065389462791936
4.690       0.000056979484311541
4.691       0.000046448164931864
4.692       0.000033693496207160
4.693       0.000021734766425641
4.694       0.000016119367173971
4.695       0.000018091063729481
4.696       0.000024160369820711
4.697       0.000030700238196183
4.698       0.000033516097192592
4.699       0.000029472173868374
4.700       0.000020793187102360
4.701       0.000012472203760532
4.702       0.000007856084385117
4.703       0.000007852694384370
4.704       0.000011120284470530
4.705       0.000015907273208975
4.706       0.000021610018026263
4.707       0.000027766609393951
4.708       0.000033517121674782
4.709       0.000037542984305245
4.710       0.000037908883982944
4.711       0.000035083815544037
4.712       0.000034681149711970
4.713       0.000041730951621723
4.714       0.000056976748263007
4.715       0.000080805912358650
4.716       0.000109697006122761
4.717       0.000132777330120445
4.718       0.000144559696205668
4.719       0.000145175907089790
4.720       0.000135947500968708
4.721       0.000118474783775663
4.722       0.000098856802357175
4.723       0.000083975009070557
4.724       0.000075319695795988
4.725       0.000072998462718060
4.726       0.000077874657665497
4.727       0.000086682654344805
4.728       0.000095752142200346
4.729       0.000105748167297276
4.730       0.000115659874389495
4.731       0.000122996894972686
4.732       0.000127643220677060
4.733       0.000131207098048251
4.734       0.000134907787939679
4.735       0.000139497890441667
4.736       0.000147116878302087
4.737       0.000156841693272833
4.738       0.000161880886967548
4.739       0.000155062374960532
4.740       0.000134987240530293
4.741       0.000106874931748435
4.742       0.000074785360577256
4.743       0.000046228546962915
4.744       0.000029821543359385
4.745       0.000023971803898045
4.746       0.000023377929077185
4.747       0.000025960280481432
4.748       0.000029737903415905
4.749       0.000031618501760378
4.750       0.000032982241254753
4.751       0.000035178632404792
4.752       0.000037409409213511
4.753       0.000039645353458804
4.754       0.000041877015013261
4.755       0.000043448682739330
4.756       0.000044424735982707
4.757       0.000045268101312920
4.758       0.000046220695087170
4.759       0.000047618783083568
4.760       0.000050043469884090
4.761       0.000053159288244023
4.762       0.000055167208714339
4.763       0.000054058129275596
4.764       0.000047573446925894
4.765       0.000035668064568201
4.766       0.000022821758658545
4.767       0.000013163149477552
4.768       0.000007349099934684
4.769       0.000004960973432158
4.770       0.000005477932131032
4.771       0.000009084365645763
4.772       0.000017613133427186
4.773       0.000033341888382610
4.774       0.000057187951396309
4.775       0.000086908431407490
4.776       0.000117421825547970
4.777       0.000145185703541689
4.778       0.000168213094074263
4.779       0.000187497299862227
4.780       0.000209464628794370
4.781       0.000244475358470220
4.782       0.000303594068519208
4.783       0.000361076511895451
4.784       0.000367507493998241
4.785       0.000376720120869353
4.786       0.000391528094164401
4.787       0.000398884181703876
4.788       0.000332379004202354
4.789       0.000158678356721620
4.790       0.000075455700627114
4.791       0.000050049791718361
4.792       0.000051340397665946
4.793       0.000059101003536489
4.794       0.000067440623401652
4.795       0.000072212086685787
4.796       0.000069378580233641
4.797       0.000062271050624681
4.798       0.000053393145292895
4.799       0.000043584479157116
4.800       0.000033963269460341
4.801       0.000026099410395046
4.802       0.000020856097881798
4.803       0.000018193738380190
4.804       0.000017599266837693
4.805       0.000018299190202449
4.806       0.000019444259346631
4.807       0.000020129090690984
4.808       0.000020108915115545
4.809       0.000019534213149541
4.810       0.000018391851900427
4.811       0.000016965780014558
4.812       0.000016145459849869
4.813       0.000016971945862716
4.814       0.000020831192735250
4.815       0.000029082844092782
4.816       0.000042551552191627
4.817       0.000062006283126387
4.818       0.000088110734521862
4.819       0.000121130714445056
4.820       0.000160102945469337
4.821       0.000199096565119822
4.822       0.000229085186526284
4.823       0.000243619841156880
4.824       0.000236664528580288
4.825       0.000207134045220159
4.826       0.000164840088230644
4.827       0.000120494582097563
4.828       0.000082553141071029
4.829       0.000058520185037485
4.830       0.000047537375069375
4.831       0.000044198601032648
4.832       0.000046474603152324
4.833       0.000052479549664162
4.834       0.000056949534940996
4.835       0.000056618264349795
4.836       0.000053281983017118
4.837       0.000047641447842417
4.838       0.000040775968679237
4.839       0.000034542447270091
4.840       0.000029257969923976
4.841       0.000028868678558783
4.842       0.000037228489745828
4.843       0.000061336565501641
4.844       0.000105570167706903
4.845       0.000155560163707852
4.846       0.000187174495703248
4.847       0.000193228940917431
4.848       0.000180163177544768
4.849       0.000141655789839712
4.850       0.000072452072024914
4.851       0.000032918124244077
4.852       0.000034659530843362
4.853       0.000058815380756000
4.854       0.000110668405562064
4.855       0.000190567235426764
4.856       0.000284514366555522
4.857       0.000387301702593268
4.858       0.000488755156108356
4.859       0.000537927392178894
4.860       0.000499138640000729
4.861       0.000447629198481958
4.862       0.000386498828992221
4.863       0.000321739114531372
4.864       0.000258084609271680
4.865       0.000203402853742762
4.866       0.000165086347511070
4.867       0.000141416599378552
4.868       0.000124391348667152
4.869       0.000111304819565450
4.870       0.000105902385718924
4.871       0.000099314462248388
4.872       0.000091302844124091
4.873       0.000082347053165142
4.874       0.000072823640787055
4.875       0.000063601290809540
4.876       0.000055196567547981
4.877       0.000047874066554710
4.878       0.000041875738581870
4.879       0.000037011586016933
4.880       0.000032947196687956
4.881       0.000029468566917237
4.882       0.000025603779330436
4.883       0.000019682708045463
4.884       0.000012250434526056
4.885       0.000008399306502973
4.886       0.000013751324808547
4.887       0.000029313542173240
4.888       0.000055087154249428
4.889       0.000093892278549806
4.890       0.000145380709552001
4.891       0.000204558326201643
4.892       0.000256322289103023
4.893       0.000280979769266731
4.894       0.000281007410519743
4.895       0.000260662240756937
4.896       0.000222693153695025
4.897       0.000181641083708967
4.898       0.000147872115571490
4.899       0.000120760753681212
4.900       0.000099809626824141
4.901       0.000084754400536111
4.902       0.000072256129281606
4.903       0.000057800920065756
4.904       0.000041214335031403
4.905       0.000028170138043602
4.906       0.000024335508151036
4.907       0.000028970527747987
4.908       0.000037985208071085
4.909       0.000047510128906875
4.910       0.000051478276834001
4.911       0.000046443635282813
4.912       0.000037956384875481
4.913       0.000033106816270880
4.914       0.000033533685240065
4.915       0.000039182538189034
4.916       0.000053062569290704
4.917       0.000080595269240924
4.918       0.000126061078025375
4.919       0.000176026575430005
4.920       0.000203085615361726
4.921       0.000226223626989236
4.922       0.000249480880582076
4.923       0.000272742273120005
4.924       0.000295065550246276
4.925       0.000311620953715279
4.926       0.000317839184599943
4.927       0.000312055256276603
4.928       0.000292467873762192
4.929       0.000258449770825481
4.930       0.000211614128019288
4.931       0.000153253995888891
4.932       0.000087889027612698
4.933       0.000034383557259848
4.934       0.000009524399717749
4.935       0.000002883659265394
4.936       0.000001533355354485
4.937       0.000002739062731755
4.938       0.000009134567416982
4.939       0.000027314423206526
4.940       0.000065729308957485
4.941       0.000130316229139837
4.942       0.000218922044514014
4.943       0.000313787351341022
4.944       0.000382549687190314
4.945       0.000424455298108639
4.946       0.000453053131235379
4.947       0.000470202524678637
4.948       0.000473102940948184
4.949       0.000459790446730363
4.950       0.000430278206937473
4.951       0.000384150349463930
4.952       0.000323052174807159
4.953       0.000253693725734583
4.954       0.000181329097408645
4.955       0.000113091621419092
4.956       0.000060633299207635
4.957       0.000029234752072560
4.958       0.000015293052678937
4.959       0.000015015973752829
4.960       0.000029006275165833
4.961       0.000060626749012832
4.962       0.000105774456657437
4.963       0.000144720401935444
4.964       0.000172492593507698
4.965       0.000193789103453981
4.966       0.000212214318387971
4.967       0.000230434309320252
4.968       0.000254778009158935
4.969       0.000290174967765622
4.970       0.000332426732216923
4.971       0.000367970912254809
4.972       0.000390673752826809
4.973       0.000417985814791022
4.974       0.000445050639569039
4.975       0.000470253338636387
4.976       0.000488630053394707
4.977       0.000466803229521306
4.978       0.000359713576090437
4.979       0.000228588956115772
4.980       0.000115496813083371
4.981       0.000033805791951613
4.982       -0.000006995404005797
4.983       -0.000014161750493000
4.984       -0.000005942633148445
4.985       0.000005121033131890
4.986       0.000013891757806753
4.987       0.000019925605431084
4.988       0.000027212399156297
4.989       0.000042645742829722
4.990       0.000075153515631365
4.991       0.000130204097373965
4.992       0.000204823583105918
4.993       0.000290456002958461
4.994       0.000371518045358343
4.995       0.000426928986641095
4.996       0.000443415140835651
4.997       0.000418910914480097
4.998       0.000360225849102946
4.999       0.000286058789531529
5.000       0.000214496551158072
