# author : Oliver Czoske
# source : E-LIS-MPIA-MET-1208_1-0
# date_created : 2025-06-18
# date_modified : 2025-06-21
# status : Measurement
# type : filter:transmission
# wavelength_unit : um
# center : 12.7391
# comment : Ne_II filter, built by Materion, procured by MPIA
# changes :
#    - 2025-06-21 (OC) cut to 12.4-13.4 um as for Ne_II_ref
#
wavelength  transmission
12.40000       0.000760577405262322
12.40100       0.000768372789146043
12.40200       0.000776958300537658
12.40300       0.000786262281130629
12.40400       0.000796158948345296
12.40500       0.000806664928522799
12.40600       0.000817718699629516
12.40700       0.000829179303668326
12.40800       0.000841042987010987
12.40900       0.000853292630475677
12.41000       0.000865877176665447
12.41100       0.000878731576643033
12.41200       0.000892006342276930
12.41300       0.000905884908703691
12.41400       0.000920377360224545
12.41500       0.000935410734129255
12.41600       0.000950946508214229
12.41700       0.000966999405488944
12.41800       0.000983512785619034
12.41900       0.001000440331686500
12.42000       0.001017781431747910
12.42100       0.001035505203739930
12.42200       0.001053559560132950
12.42300       0.001071948832897130
12.42400       0.001090616956762910
12.42500       0.001109526111730210
12.42600       0.001128677797351930
12.42700       0.001147990467886630
12.42800       0.001167374155913530
12.42900       0.001186844926639870
12.43000       0.001206507358292310
12.43100       0.001226400136672380
12.43200       0.001246541468949090
12.43300       0.001267051002007250
12.43400       0.001287994716881740
12.43500       0.001309394575412180
12.43600       0.001331367580264420
12.43700       0.001353965902571140
12.43800       0.001377213091143140
12.43900       0.001401246740767910
12.44000       0.001426198075454690
12.44100       0.001451989438965070
12.44200       0.001478407294096210
12.44300       0.001505417619199370
12.44400       0.001532971114551810
12.44500       0.001560881428549770
12.44600       0.001588987738722680
12.44700       0.001617449079778010
12.44800       0.001646595832017980
12.44900       0.001676466139257700
12.45000       0.001707127000996730
12.45100       0.001738900602295980
12.45200       0.001771787680965700
12.45300       0.001805874641898520
12.45400       0.001841517390847650
12.45500       0.001878765248205900
12.45600       0.001917585920617970
12.45700       0.001958143763860720
12.45800       0.002000635408379470
12.45900       0.002044671573723680
12.46000       0.002089636044863230
12.46100       0.002135358363842930
12.46200       0.002182118329766110
12.46300       0.002230139775318610
12.46400       0.002279417308376550
12.46500       0.002330118934464220
12.46600       0.002382534733522900
12.46700       0.002436691021938780
12.46800       0.002492749282335340
12.46900       0.002550973978620920
12.47000       0.002611403925651620
12.47100       0.002674193237811710
12.47200       0.002739731992821180
12.47300       0.002808074942954210
12.47400       0.002878660017827880
12.47500       0.002950935540070640
12.47600       0.003024852347143340
12.47700       0.003100501297602980
12.47800       0.003177757321895510
12.47900       0.003256654228302120
12.48000       0.003337660379070460
12.48100       0.003421107304073080
12.48200       0.003507023198173750
12.48300       0.003595808644448970
12.48400       0.003687764165294590
12.48500       0.003782913525844260
12.48600       0.003881698100283600
12.48700       0.003984609969059030
12.48800       0.004091529382986630
12.48900       0.004202056186922930
12.49000       0.004316228232325470
12.49100       0.004433905528842710
12.49200       0.004553818447262440
12.49300       0.004674799266952250
12.49400       0.004797375710055010
12.49500       0.004922938832061740
12.49600       0.005051963040876070
12.49700       0.005184336952741120
12.49800       0.005321560851801800
12.49900       0.005464022274495270
12.50000       0.005611604402214980
12.50100       0.005765703717766300
12.50200       0.005926847136987320
12.50300       0.006094888482764290
12.50400       0.006270980908411160
12.50500       0.006456260546350730
12.50600       0.006649165281616300
12.50700       0.006845818478082410
12.50800       0.007044457487060290
12.50900       0.007245658187951860
12.51000       0.007439247048270930
12.51100       0.007624576800564500
12.51200       0.007838224692968691
12.51300       0.008059483257809591
12.51400       0.008288654498260771
12.51500       0.008526198349044110
12.51600       0.008774383162546860
12.51700       0.009033623030526350
12.51800       0.011836992213773099
12.51900       0.014893701046101000
12.52000       0.015360777674991300
12.52100       0.015852005044224300
12.52200       0.016368234987442800
12.52300       0.016911584423397099
12.52400       0.017481118572413301
12.52500       0.018068944173574401
12.52600       0.018665051544036099
12.52700       0.019266311493167300
12.52800       0.019876896507527799
12.52900       0.020501673033974700
12.53000       0.021142571583277800
12.53100       0.021801926535465199
12.53200       0.022485847591733301
12.53300       0.023197592404724101
12.53400       0.023938259041095498
12.53500       0.024715282120970600
12.53600       0.025533510609069100
12.53700       0.026391145892871400
12.53800       0.027294407007726600
12.53900       0.028248609286146500
12.54000       0.029251605538908300
12.54100       0.030295919314363901
12.54200       0.031375786741772799
12.54300       0.032496123520530801
12.54400       0.033651701904162203
12.54500       0.034831668238128402
12.54600       0.036027141770780702
12.54700       0.037245812476756499
12.54800       0.038502288258253997
12.54900       0.039803405324043702
12.55000       0.041156329438031498
12.55100       0.042570224463169402
12.55200       0.044043766855466501
12.55300       0.045572409773722497
12.55400       0.047163510999030898
12.55500       0.048826653659112700
12.55600       0.050571791351945498
12.55700       0.052414481089094501
12.55800       0.054364783023423499
12.55900       0.056411526601341001
12.56000       0.058523447085452297
12.56100       0.060678617371881002
12.56200       0.062878967160070701
12.56300       0.065140866895696106
12.56400       0.067480417204364998
12.56500       0.069903298280326695
12.56600       0.072454506409165703
12.56700       0.075185325381880802
12.56800       0.078048761066511901
12.56900       0.081012910436783200
12.57000       0.084092508654286705
12.57100       0.087304829201578102
12.57200       0.090665323599978406
12.57300       0.094174018962490905
12.57400       0.097825502012661006
12.57500       0.101616751721956000
12.57600       0.105546911228203005
12.57700       0.109619320481393001
12.57800       0.113839431110584005
12.57900       0.118204494925911993
12.58000       0.122703126639102003
12.58100       0.127330411391384013
12.58200       0.132090972069001000
12.58300       0.136989928806293987
12.58400       0.142032592850896006
12.58500       0.147225422403649997
12.58600       0.152568320352130998
12.58700       0.158066006115688995
12.58800       0.163710396889526988
12.58900       0.169503841166260993
12.59000       0.175447496115126000
12.59100       0.181547680603927009
12.59200       0.187810822262064997
12.59300       0.194235612428884014
12.59400       0.200826440649678001
12.59500       0.207595415960512009
12.59600       0.214550677278011998
12.59700       0.221686812810389988
12.59800       0.228992555936529008
12.59900       0.236466252957754003
12.60000       0.244111016041572010
12.60100       0.251916104037718025
12.60200       0.259862658477728992
12.60300       0.267934128700674012
12.60400       0.276115405252240986
12.60500       0.284397164931348978
12.60600       0.292783825941426989
12.60700       0.301281751131299014
12.60800       0.309880038668168989
12.60900       0.318556563715575003
12.61000       0.327306491000768973
12.61100       0.336143951242235006
12.61200       0.345075254167028000
12.61300       0.354117889918199980
12.61400       0.363320538470049026
12.61500       0.372720291353558997
12.61600       0.382284094861276014
12.61700       0.391935351234636020
12.61800       0.401634847553126006
12.61900       0.411364741579688997
12.62000       0.421106830178545000
12.62100       0.430893148013211991
12.62200       0.440747073315520987
12.62300       0.450632790336853994
12.62400       0.460494023179706002
12.62500       0.470279277288682018
12.62600       0.479945274071341021
12.62700       0.489481682749242974
12.62800       0.498931860390599002
12.62900       0.508381468309764051
12.63000       0.517893023460316959
12.63100       0.527456288474950963
12.63200       0.537002518608104995
12.63300       0.546478450848681963
12.63400       0.555900797902510013
12.63500       0.565292938661301037
12.63600       0.574645625634830015
12.63700       0.583951787103629050
12.63800       0.593191798656490965
12.63900       0.602314856174103963
12.64000       0.611280820130957969
12.64100       0.620073926692697008
12.64200       0.628690596161604054
12.64300       0.637128370342239014
12.64400       0.645388947158679005
12.64500       0.653473822297272022
12.64600       0.661373586766686006
12.64700       0.669081641780393976
12.64800       0.676614646357804994
12.64900       0.684007299255597001
12.65000       0.691275546671860974
12.65100       0.698408681536762055
12.65200       0.705396706267506945
12.65300       0.712236601368615996
12.65400       0.718921290168324956
12.65500       0.725438459809736980
12.65600       0.731783199268037032
12.65700       0.737952902587167947
12.65800       0.743939210861028988
12.65900       0.749739923458192958
12.66000       0.755351879595452025
12.66100       0.760762782684765049
12.66200       0.765960725891603023
12.66300       0.770949280622872046
12.66400       0.775734430043975021
12.66500       0.780317362822828042
12.66600       0.784705202134304947
12.66700       0.788914220400265043
12.66800       0.792949480356163972
12.66900       0.796801168832530049
12.67000       0.800476202254557956
12.67100       0.803994747972659018
12.67200       0.807362958076623949
12.67300       0.810594268740671975
12.67400       0.813699289969094020
12.67500       0.816673561965224004
12.67600       0.819501725671394010
12.67700       0.822186834106037989
12.67800       0.824750137829258989
12.67900       0.827207733006882995
12.68000       0.829567544134490964
12.68100       0.831834408857730967
12.68200       0.833996686338543958
12.68300       0.836017341698415017
12.68400       0.837865055664050007
12.68500       0.839548537454624988
12.68600       0.841104785436098012
12.68700       0.842562369498388031
12.68800       0.843931269500412973
12.68900       0.845216033334328043
12.69000       0.846409548819256008
12.69100       0.847497824315663006
12.69200       0.848491031514902017
12.69300       0.849417647527443975
12.69400       0.850304729975148055
12.69500       0.851177185990833030
12.69600       0.852053068800785018
12.69700       0.852925498534134019
12.69800       0.853763904018487008
12.69900       0.854540065037060037
12.70000       0.855245732102243972
12.70100       0.855891664119759032
12.70200       0.856485825130163025
12.70300       0.857025748891856010
12.70400       0.857497829130964950
12.70500       0.857906880230184021
12.70600       0.858261197630933004
12.70700       0.858562669619264973
12.70800       0.858828643416231996
12.70900       0.859082008093447036
12.71000       0.859331730985784970
12.71100       0.859583588242618046
12.71200       0.859840378489112989
12.71300       0.860093972916000982
12.71400       0.860344289484162972
12.71500       0.860597720307856973
12.71600       0.860855140094304971
12.71700       0.861103009644048956
12.71800       0.861323284199222994
12.71900       0.861510938661244952
12.72000       0.861672421031575042
12.72100       0.861814432915904982
12.72200       0.861940978408430980
12.72300       0.862057463585423012
12.72400       0.862171677787821999
12.72500       0.862288413276201982
12.72600       0.862406764584020991
12.72700       0.862524229173263990
12.72800       0.862637824861960945
12.72900       0.862742814592244001
12.73000       0.862836206139623973
12.73100       0.862916701062240055
12.73200       0.862983051980111049
12.73300       0.863037935861207028
12.73400       0.863087898843707957
12.73500       0.863138663146926000
12.73600       0.863192682597458960
12.73700       0.863250838090439010
12.73800       0.863316856002639965
12.73900       0.863392387645987025
12.74000       0.863474246119310007
12.74100       0.863558666677829989
12.74200       0.863640121011866047
12.74300       0.863711760028717968
12.74400       0.863768245037786042
12.74500       0.863805760013711010
12.74600       0.863822203143340017
12.74700       0.863816468742115040
12.74800       0.863787081926240985
12.74900       0.863734558229180993
12.75000       0.863661275474743029
12.75100       0.863575016743951984
12.75200       0.863492435321185026
12.75300       0.863429728430055055
12.75400       0.863390098144467988
12.75500       0.863365759666473997
12.75600       0.863346483287665944
12.75700       0.863325524275607048
12.75800       0.863293086800887011
12.75900       0.863240303978191958
12.76000       0.863172650656192975
12.76100       0.863090541473508055
12.76200       0.862982069317689948
12.76300       0.862838293258306965
12.76400       0.862647939608601977
12.76500       0.862398579007528032
12.76600       0.862093683574781999
12.76700       0.861748597052554022
12.76800       0.861375358045310957
12.76900       0.860976079509965020
12.77000       0.860554623137647967
12.77100       0.860123203610664966
12.77200       0.859686029344933988
12.77300       0.859237460462341951
12.77400       0.858773845210085041
12.77500       0.858296273476280014
12.77600       0.857803224002477993
12.77700       0.857281549153207978
12.77800       0.856708660279541956
12.77900       0.856064461812093946
12.78000       0.855330330387738980
12.78100       0.854502345218430048
12.78200       0.853596177130292011
12.78300       0.852611349155738996
12.78400       0.851528836768884023
12.78500       0.850338058425305965
12.78600       0.849042322689796958
12.78700       0.847648083719878986
12.78800       0.846157878285569987
12.78900       0.844586636663386958
12.79000       0.842954689214259978
12.79100       0.841270914731275021
12.79200       0.839522308187156008
12.79300       0.837682216825961001
12.79400       0.835739651562989017
12.79500       0.833691098935215980
12.79600       0.831529629668314008
12.79700       0.829248577820240973
12.79800       0.826842158511603031
12.79900       0.824297203182133953
12.80000       0.821601290241495974
12.80100       0.818752735419302047
12.80200       0.815750346713045027
12.80300       0.812581749423096023
12.80400       0.809235452608710992
12.80500       0.805711048786790007
12.80600       0.802015620361515968
12.80700       0.798145591954095956
12.80800       0.794095389321888945
12.80900       0.789878869528642946
12.81000       0.785512405778498013
12.81100       0.780993350981639023
12.81200       0.776313908690766996
12.81300       0.771469803879163973
12.81400       0.766460727440672951
12.81500       0.761284623001301952
12.81600       0.755941199482605963
12.81700       0.750432959944134947
12.81800       0.744766524822552012
12.81900       0.738949483593302037
12.82000       0.732982792022256024
12.82100       0.726855640715967977
12.82200       0.720554472795796985
12.82300       0.714069853262429999
12.82400       0.707380633598972963
12.82500       0.700464045752881015
12.82600       0.693328171691448003
12.82700       0.686006097753591004
12.82800       0.678525769384137001
12.82900       0.670891392170432033
12.83000       0.663095435779680997
12.83100       0.655134553846978052
12.83200       0.647006793517605039
12.83300       0.638726813329398957
12.83400       0.630340058783545043
12.83500       0.621885729273089050
12.83600       0.613381559199908000
12.83700       0.604829478047619995
12.83800       0.596220603651630987
12.83900       0.587534976986745949
12.84000       0.578746826263085046
12.84100       0.569857761325692991
12.84200       0.560901866789591974
12.84300       0.551892455680800031
12.84400       0.542793850254823962
12.84500       0.533560757721033951
12.84600       0.524186425546076973
12.84700       0.514699344562941974
12.84800       0.505115638302783054
12.84900       0.495465621372674025
12.85000       0.485813373088404998
12.85100       0.476203602226732026
12.85200       0.466624739635009000
12.85300       0.457057020207884024
12.85400       0.447515465690898007
12.85500       0.438009517388636027
12.85600       0.428569580360431024
12.85700       0.419245831836433991
12.85800       0.410065004787938003
12.85900       0.400985837617014007
12.86000       0.391942351441968984
12.86100       0.382919663558012990
12.86200       0.373922364728557000
12.86300       0.364935880862119977
12.86400       0.355961063172515024
12.86500       0.347032664062269014
12.86600       0.338180991561842004
12.86700       0.329404143393858984
12.86800       0.320708111463488987
12.86900       0.312112077808407995
12.87000       0.303624221438113018
12.87100       0.295257115373644019
12.87200       0.287028060770466997
12.87300       0.278942704861136981
12.87400       0.271006101044519998
12.87500       0.263238236482906007
12.87600       0.255656156258596001
12.87700       0.248252385121161989
12.87800       0.241001877669730996
12.87900       0.233884878187068990
12.88000       0.226895584077752011
12.88100       0.220032421603135991
12.88200       0.213293568230056990
12.88300       0.206681040711089004
12.88400       0.200200230532046997
12.88500       0.193855326096767006
12.88600       0.187647073503711986
12.88700       0.181578740731240001
12.88800       0.175655570130700989
12.88900       0.169873704352212995
12.89000       0.164232855033218994
12.89100       0.158734015457937999
12.89200       0.153376752546961009
12.89300       0.148160970052870988
12.89400       0.143093401299090012
12.89500       0.138185525677386012
12.89600       0.133445043000215008
12.89700       0.128866533501948988
12.89800       0.124438791976324001
12.89900       0.120152251881457006
12.90000       0.115996585032988000
12.90100       0.111968972873533995
12.90200       0.108074910135542004
12.90300       0.104320144592377997
12.90400       0.100699782643552005
12.90500       0.097204273543852096
12.90600       0.093816167741770998
12.90700       0.090517797633431499
12.90800       0.087305653245316306
12.90900       0.084184911904003498
12.91000       0.081162436149313094
12.91100       0.078245838282804001
12.91200       0.075458903143328399
12.91300       0.072798755356387801
12.91400       0.070229320312080304
12.91500       0.067738065622503299
12.91600       0.065340940043544293
12.91700       0.063056227600096507
12.91800       0.060885406223540897
12.91900       0.058818098189192397
12.92000       0.056845771915753601
12.92100       0.054958752421381298
12.92200       0.053140599453030297
12.92300       0.051381510557821003
12.92400       0.049684969859360002
12.92500       0.048052456234515303
12.92600       0.046476574306190302
12.92700       0.044952067667878702
12.92800       0.043471747068515802
12.92900       0.042019951144777003
12.93000       0.040586437554438200
12.93100       0.039180190293041803
12.93200       0.037822471895076100
12.93300       0.036521837989528898
12.93400       0.035274509303892601
12.93500       0.034087006104771299
12.93600       0.032965191800801798
12.93700       0.031904352196145097
12.93800       0.030892286211036801
12.93900       0.029923927148024301
12.94000       0.029004330531062598
12.94100       0.028123402147444999
12.94200       0.027275204036572000
12.94300       0.026461015081796501
12.94400       0.025673353013605300
12.94500       0.024906707553940401
12.94600       0.024160909430992899
12.94700       0.023430379515362500
12.94800       0.022707015312097002
12.94900       0.021989870744105699
12.95000       0.021287799286891802
12.95100       0.020611301488862900
12.95200       0.019964176230663700
12.95300       0.019346087055844799
12.95400       0.018757210275144799
12.95500       0.018197707780625901
12.95600       0.017665568778258301
12.95700       0.017157106328872001
12.95800       0.016670808665229402
12.95900       0.016206156453796101
12.96000       0.015760467775558999
12.96100       0.015332131542121100
12.96200       0.014920163772666599
12.96300       0.013000708230251200
12.96400       0.011992297728421700
12.96500       0.011643208095362600
12.96600       0.011161341964357700
12.96700       0.009073870895676350
12.96800       0.008387917646066169
12.96900       0.008163579132130391
12.97000       0.007941927152869340
12.97100       0.007722055325366740
12.97200       0.007507212680206270
12.97300       0.007301610703930540
12.97400       0.007105356184029520
12.97500       0.006917018563511230
12.97600       0.006735695959438460
12.97700       0.006561919680551750
12.97800       0.006394466421066890
12.97900       0.006232231135081980
12.98000       0.006075597844675820
12.98100       0.005923564761856510
12.98200       0.005775127824292130
12.98300       0.005630564697291170
12.98400       0.005488849593511260
12.98500       0.005348886563480980
12.98600       0.005210817401538170
12.98700       0.005074826145411660
12.98800       0.004940732538162740
12.98900       0.004808585578739420
12.99000       0.004679825849536630
12.99100       0.004555593444079520
12.99200       0.004435686713746280
12.99300       0.004319489072670550
12.99400       0.004206767382188610
12.99500       0.004097493121296700
12.99600       0.003991252920165780
12.99700       0.003887850591040910
12.99800       0.003787225379456640
12.99900       0.003688972008328630
13.00000       0.003592929481949450
13.00100       0.003499004721762230
13.00200       0.003406742598233150
13.00300       0.003315858584653110
13.00400       0.003226507535416530
13.00500       0.003138952520321370
13.00600       0.003053187990138980
13.00700       0.002969375241243410
13.00800       0.002887971945195970
13.00900       0.002809207474090860
13.01000       0.002732899186309030
13.01100       0.002658759262941010
13.01200       0.002586781802557890
13.01300       0.002516878060067280
13.01400       0.002448820468471950
13.01500       0.002382612962021910
13.01600       0.002318162618080600
13.01700       0.002255222579820360
13.01800       0.002193829069142890
13.01900       0.002133873248045040
13.02000       0.002075097453720590
13.02100       0.002017343816438370
13.02200       0.001960910097587480
13.02300       0.001906118676481490
13.02400       0.001852963626002290
13.02500       0.001801477158325900
13.02600       0.001751827368476460
13.02700       0.001704058011403610
13.02800       0.001657964490571540
13.02900       0.001613355747231870
13.03000       0.001570232785469530
13.03100       0.001528466763948690
13.03200       0.001487884677250140
13.03300       0.001448482635845410
13.03400       0.001410127618429350
13.03500       0.001372658515361340
13.03600       0.001336063170745080
13.03700       0.001300204720692750
13.03800       0.001264860750404160
13.03900       0.001230040786192320
13.04000       0.001196042484848000
13.04100       0.001163096964212680
13.04200       0.001131205430741020
13.04300       0.001100383494690220
13.04400       0.001070713010453810
13.04500       0.001042169397775020
13.04600       0.001014587673750620
13.04700       0.000987893382657201
13.04800       0.000962062446037526
13.04900       0.000936960686283184
13.05000       0.000912530870230022
13.05100       0.000888742324165970
13.05200       0.000865456952085009
13.05300       0.000842614281203080
13.05400       0.000820194036128707
13.05500       0.000798069364088994
13.05600       0.000776091075512353
13.05700       0.000754348372932756
13.05800       0.000733084402228135
13.05900       0.000712404845106041
13.06000       0.000692257193072809
13.06100       0.000672679105321095
13.06200       0.000653708935918984
13.06300       0.000635302446067659
13.06400       0.000617376565784533
13.06500       0.000599920386697844
13.06600       0.000582921215462773
13.06700       0.000566293849146748
13.06800       0.000550025466312359
13.06900       0.000534110722052672
13.07000       0.000518462716687484
13.07100       0.000503067839358218
13.07200       0.000487914995384975
13.07300       0.000472936539665625
13.07400       0.000458095656900470
13.07500       0.000443441934183220
13.07600       0.000429009028290211
13.07700       0.000414806957710984
13.07800       0.000400853664541928
13.07900       0.000387180345679861
13.08000       0.000373789804891334
13.08100       0.000360686978973734
13.08200       0.000347889496706943
13.08300       0.000335406314927789
13.08400       0.000323237517023067
13.08500       0.000311397718731871
13.08600       0.000299897622183742
13.08700       0.000288743650961876
13.08800       0.000277951545346072
13.08900       0.000267529218141715
13.09000       0.000257474306816857
13.09100       0.000247798573060912
13.09200       0.000238508406415039
13.09300       0.000229511615036551
13.09400       0.000220706470667298
13.09500       0.000212092655549764
13.09600       0.000203734707549821
13.09700       0.000195657093232757
13.09800       0.000187860301963688
13.09900       0.000180416438763500
13.10000       0.000173377339883263
13.10100       0.000166730471774901
13.10200       0.000160555920751523
13.10300       0.000154903777125973
13.10400       0.000149755967317741
13.10500       0.000145185442948087
13.10600       0.000141251209302432
13.10700       0.000137927695276659
13.10800       0.000135338805394434
13.10900       0.000133532498755681
13.11000       0.000132478964796089
13.11100       0.000132340857882629
13.11200       0.000133252049621359
13.11300       0.000135120371801821
13.11400       0.000137764893053831
13.11500       0.000141111958481092
13.11600       0.000145154631786291
13.11700       0.000149691158771142
13.11800       0.000154626927420937
13.11900       0.000159960528719860
13.12000       0.000165486111294744
13.12100       0.000171135834302311
13.12200       0.000176879234637481
13.12300       0.000182510958662313
13.12400       0.000187958587806375
13.12500       0.000193216674891653
13.12600       0.000198133211918410
13.12700       0.000202611113133133
13.12800       0.000206843679673635
13.12900       0.000211170246707915
13.13000       0.000215694833207228
13.13100       0.000220330994009241
13.13200       0.000225044968239017
13.13300       0.000229843434940424
13.13400       0.000234669021170641
13.13500       0.000239421050454332
13.13600       0.000244096893777801
13.13700       0.000248643226166786
13.13800       0.000252966866466198
13.13900       0.000257080827295739
13.14000       0.000260915412241047
13.14100       0.000264381303733165
13.14200       0.000267485380185499
13.14300       0.000270181165798043
13.14400       0.000272370814281702
13.14500       0.000274043089329053
13.14600       0.000275281921491004
13.14700       0.000276159550355294
13.14800       0.000276659395246234
13.14900       0.000276820704895820
13.15000       0.000276681977660765
13.15100       0.000276218836955505
13.15200       0.000275473365866249
13.15300       0.000274470710594273
13.15400       0.000273192697110274
13.15500       0.000271669922393206
13.15600       0.000269937634387697
13.15700       0.000267976366241669
13.15800       0.000265822812189183
13.15900       0.000263504763984242
13.16000       0.000261010230841345
13.16100       0.000258341685530787
13.16200       0.000255517690974934
13.16300       0.000252522398799533
13.16400       0.000249204006292560
13.16500       0.000245454553022953
13.16600       0.000241315762604902
13.16700       0.000236870893908642
13.16800       0.000232143255724779
13.16900       0.000227152750801526
13.17000       0.000222002436721963
13.17100       0.000216732109732568
13.17200       0.000211353484087948
13.17300       0.000205968788273433
13.17400       0.000200607093989585
13.17500       0.000195289769673299
13.17600       0.000190125839892516
13.17700       0.000185137908283214
13.17800       0.000180340795324495
13.17900       0.000175818114758836
13.18000       0.000171630628264127
13.18100       0.000167677150439041
13.18200       0.000163800807347451
13.18300       0.000159958650025556
13.18400       0.000156183062157415
13.18500       0.000152467435994195
13.18600       0.000148807074333374
13.18700       0.000145233576288512
13.18800       0.000141784586833046
13.18900       0.000138447948381144
13.19000       0.000135244727461889
13.19100       0.000132211745195392
13.19200       0.000129348823096329
13.19300       0.000126675366166347
13.19400       0.000124235128582596
13.19500       0.000121996414354463
13.19600       0.000120011643992484
13.19700       0.000118328227450885
13.19800       0.000116914206979639
13.19900       0.000115853837996430
13.20000       0.000115264441737279
13.20100       0.000115166644849407
13.20200       0.000115445912789323
13.20300       0.000116021470724089
13.20400       0.000116910104609593
13.20500       0.000118010688931592
13.20600       0.000119225658269689
13.20700       0.000120553540792961
13.20800       0.000121907837562857
13.20900       0.000123194340318475
13.21000       0.000124411803632735
13.21100       0.000125467850244013
13.21200       0.000126280065640402
13.21300       0.000126841185645113
13.21400       0.000127043169137200
13.21500       0.000126801663125701
13.21600       0.000126121410706080
13.21700       0.000124956463327518
13.21800       0.000123238236913455
13.21900       0.000121013054771343
13.22000       0.000118420807531411
13.22100       0.000115509228568213
13.22200       0.000112312704013851
13.22300       0.000108982207645554
13.22400       0.000105555044783705
13.22500       0.000102076213717078
13.22600       0.000098690468676450
13.22700       0.000095438274976489
13.22800       0.000092354550776122
13.22900       0.000089597532899624
13.23000       0.000087202512047774
13.23100       0.000085199401082456
13.23200       0.000083740815805505
13.23300       0.000082954031289720
13.23400       0.000082701944260183
13.23500       0.000082723491839098
13.23600       0.000082953080882834
13.23700       0.000083425676345051
13.23800       0.000084121369972523
13.23900       0.000085002316510126
13.24000       0.000086106211395182
13.24100       0.000087530451386566
13.24200       0.000089256357534127
13.24300       0.000091321711257267
13.24400       0.000093795501384608
13.24500       0.000096671655305462
13.24600       0.000099977671043021
13.24700       0.000103777868077706
13.24800       0.000108075514988183
13.24900       0.000112908941042308
13.25000       0.000118317508901025
13.25100       0.000124271951988511
13.25200       0.000131034588693874
13.25300       0.000138975363283902
13.25400       0.000148153565147163
13.25500       0.000158369526287561
13.25600       0.000169518256202233
13.25700       0.000181586184094307
13.25800       0.000194304394839501
13.25900       0.000207404326132865
13.26000       0.000220850937359435
13.26100       0.000234396009503757
13.26200       0.000247801441633222
13.26300       0.000261030202527462
13.26400       0.000273814317826027
13.26500       0.000285931491926961
13.26600       0.000297356323177289
13.26700       0.000307791414858399
13.26800       0.000316959222538368
13.26900       0.000324882757147621
13.27000       0.000331551525446644
13.27100       0.000336852214311706
13.27200       0.000340851768397307
13.27300       0.000343832857802068
13.27400       0.000345944667347855
13.27500       0.000347173482241248
13.27600       0.000347755381105880
13.27700       0.000347803579542212
13.27800       0.000347299453059525
13.27900       0.000346501173812462
13.28000       0.000345500957485366
13.28100       0.000344280496864772
13.28200       0.000343122483141065
13.28300       0.000342100369922826
13.28400       0.000341211979272353
13.28500       0.000340749338804030
13.28600       0.000340908648017018
13.28700       0.000341518665458273
13.28800       0.000342270577476569
13.28900       0.000343063276603136
13.29000       0.000343890422943258
13.29100       0.000344475162252105
13.29200       0.000344676211458282
13.29300       0.000344664174839331
13.29400       0.000344700141901544
13.29500       0.000344844660407153
13.29600       0.000345143168625182
13.29700       0.000345824269158964
13.29800       0.000346948931837818
13.29900       0.000348576555000889
13.30000       0.000350924911953952
13.30100       0.000354041939304571
13.30200       0.000358008061128748
13.30300       0.000363029014436134
13.30400       0.000369134854125569
13.30500       0.000376459723958167
13.30600       0.000385297891657754
13.30700       0.000395702894975897
13.30800       0.000407570809910218
13.30900       0.000420893892673191
13.31000       0.000435692541542632
13.31100       0.000451672652056229
13.31200       0.000468523611083321
13.31300       0.000486254391466573
13.31400       0.000504606165817351
13.31500       0.000523265266452161
13.31600       0.000542284411747973
13.31700       0.000561362987946068
13.31800       0.000580208930477555
13.31900       0.000598881616518970
13.32000       0.000617058487318412
13.32100       0.000634377063695957
13.32200       0.000650921566492102
13.32300       0.000666662492443987
13.32400       0.000681419713077558
13.32500       0.000695172823335477
13.32600       0.000708607271509315
13.32700       0.000722233772461195
13.32800       0.000735885926743785
13.32900       0.000749364989087759
13.33000       0.000762579972779703
13.33100       0.000775571714006773
13.33200       0.000788149429301471
13.33300       0.000800218680568621
13.33400       0.000811803441498782
13.33500       0.000822726932567103
13.33600       0.000832913592151013
13.33700       0.000842366155974911
13.33800       0.000850911178791131
13.33900       0.000858468766797654
13.34000       0.000865039964334943
13.34100       0.000870495379955635
13.34200       0.000874740045862354
13.34300       0.000877848754561178
13.34400       0.000879972939086975
13.34500       0.000881155696789553
13.34600       0.000881405776671872
13.34700       0.000880788876227957
13.34800       0.000879328606976308
13.34900       0.000877041744942186
13.35000       0.000873974964532447
13.35100       0.000870131980102100
13.35200       0.000865535197865655
13.35300       0.000860240837745066
13.35400       0.000854251919458107
13.35500       0.000847596007436127
13.35600       0.000840325018037172
13.35700       0.000832455485964625
13.35800       0.000823978298422748
13.35900       0.000814938603401996
13.36000       0.000805432021511343
13.36100       0.000795127478738972
13.36200       0.000783545577493605
13.36300       0.000770633564334766
13.36400       0.000756597443994894
13.36500       0.000741590847328555
13.36600       0.000725523490464675
13.36700       0.000708675351197924
13.36800       0.000691371495408960
13.36900       0.000673497975264781
13.37000       0.000655332901954214
13.37100       0.000637176574907750
13.37200       0.000618925773321927
13.37300       0.000600856678730999
13.37400       0.000583248729363411
13.37500       0.000566029686699332
13.37600       0.000549477849756369
13.37700       0.000533938187533306
13.37800       0.000519395322593902
13.37900       0.000505310217361304
13.38000       0.000491313311865388
13.38100       0.000477453516019716
13.38200       0.000463627809324463
13.38300       0.000449669132836589
13.38400       0.000435631091462607
13.38500       0.000421795703184458
13.38600       0.000408305950394983
13.38700       0.000395171700590197
13.38800       0.000382625555605420
13.38900       0.000370782990964796
13.39000       0.000359673811140410
13.39100       0.000349533518200523
13.39200       0.000340455905955245
13.39300       0.000332483469511577
13.39400       0.000325860902497851
13.39500       0.000320655409497494
13.39600       0.000316932623794647
13.39700       0.000314947210742773
13.39800       0.000314846348151805
13.39900       0.000316530171964806
13.40000       0.000319848172264270
