# author : Oliver Czoske
# source : E-LIS-MPIA-MET-1208_1-0
# date_created : 2025-06-18
# date_modified : 2025-06-21
# status : Measurement
# type : filter:transmission
# wavelength_unit : um
# center : 8.6475
# comment : N1 filter, built by Materion, procured by MPIA
# changes :
#    - 2025-06-21 (OC) cut to 7.85-9.60 um
#
wavelength  transmission
7.85000       0.001280071172535650
7.85100       0.001307663724938350
7.85200       0.001334901431150250
7.85300       0.001361943706596290
7.85400       0.001388803444555000
7.85500       0.001415436406230150
7.85600       0.001441806030860530
7.85700       0.001467800619717350
7.85800       0.001493270010831020
7.85900       0.001518222159851280
7.86000       0.001542786227073490
7.86100       0.001567048681389880
7.86200       0.001591205622789420
7.86300       0.001615518185873600
7.86400       0.001640044149540080
7.86500       0.001664645453848670
7.86600       0.001689218640062550
7.86700       0.001713926563018390
7.86800       0.001739027448970950
7.86900       0.001764647377409530
7.87000       0.001790883558023320
7.87100       0.001817817853412530
7.87200       0.001845456243300350
7.87300       0.001873727010111570
7.87400       0.001902628429805070
7.87500       0.001932486494849980
7.87600       0.001963631953333880
7.87700       0.001996016529278720
7.87800       0.002029447341393820
7.87900       0.002063870121231330
7.88000       0.002099499102897970
7.88100       0.002136545087227990
7.88200       0.002175082930530870
7.88300       0.002215279561252840
7.88400       0.002257217706728650
7.88500       0.002300805058567830
7.88600       0.002345924438685700
7.88700       0.002392608085788560
7.88800       0.002441253035111950
7.88900       0.002492115139978600
7.89000       0.002545095685123950
7.89100       0.002600117204604290
7.89200       0.002657178839314930
7.89300       0.002716349598781860
7.89400       0.002777661085526070
7.89500       0.002841210264777020
7.89600       0.002907193316057710
7.89700       0.002975634786563490
7.89800       0.003046452128290240
7.89900       0.003119633992894280
7.90000       0.003195179404936850
7.90100       0.003273108801845610
7.90200       0.003353450989439070
7.90300       0.003436128034635780
7.90400       0.003521081393998980
7.90500       0.003608423402196250
7.90600       0.003698332011242480
7.90700       0.003790897981489680
7.90800       0.003886240881362470
7.90900       0.003984503830588900
7.91000       0.004085636926842380
7.91100       0.004189434022021880
7.91200       0.004295783228849270
7.91300       0.004405443778793820
7.91400       0.004519078076509420
7.91500       0.004636678099513740
7.91600       0.004758139497875290
7.91700       0.004883501053136730
7.91800       0.005012932010546090
7.91900       0.005146420486606520
7.92000       0.005284167042998610
7.92100       0.005426990689669790
7.92200       0.005575280865968370
7.92300       0.005728814738687580
7.92400       0.005887291473178900
7.92500       0.006050710667389270
7.92600       0.006219299654620420
7.92700       0.006393196777823680
7.92800       0.006572517603296250
7.92900       0.006757496838875940
7.93000       0.006948147311518490
7.93100       0.007144248242694220
7.93200       0.007345622294030240
7.93300       0.007552258522796060
7.93400       0.007764239795122750
7.93500       0.007981614007386950
7.93600       0.008204204337502571
7.93700       0.008431773863587949
7.93800       0.008664365681329439
7.93900       0.008902268510468490
7.94000       0.009145722383080200
7.94100       0.009394773297449531
7.94200       0.009649276724258639
7.94300       0.009909011114436870
7.94400       0.010173776647293600
7.94500       0.010443732354277200
7.94600       0.010720240473078801
7.94700       0.011004615029299700
7.94800       0.011296536710010000
7.94900       0.011595042969371000
7.95000       0.011899821907072301
7.95100       0.012212166679381700
7.95200       0.012533342418339401
7.95300       0.012863697246960000
7.95400       0.013205176501303900
7.95500       0.013558759398267100
7.95600       0.013923392263273099
7.95700       0.014298284532295201
7.95800       0.014684094590982100
7.95900       0.015083663052081000
7.96000       0.015498191090429299
7.96100       0.015927238314845198
7.96200       0.016371725045691801
7.96300       0.016832205168830799
7.96400       0.017308660106659900
7.96500       0.017800848433711099
7.96600       0.018309514974329300
7.96700       0.018836350155181598
7.96800       0.019381940494611199
7.96900       0.019945732072161899
7.97000       0.020527434373222200
7.97100       0.021127576517129900
7.97200       0.021746800980349899
7.97300       0.022385388765318499
7.97400       0.023043739809788001
7.97500       0.023722275586126600
7.97600       0.024421109431653300
7.97700       0.025139714872181300
7.97800       0.025878033940555802
7.97900       0.026637984361159699
7.98000       0.027421434334889298
7.98100       0.028228307591691100
7.98200       0.029057929726729301
7.98300       0.029910353793192200
7.98400       0.030786602378523899
7.98500       0.031687578671291100
7.98600       0.032614644746039402
7.98700       0.033571532390832097
7.98800       0.034561199831274300
7.98900       0.035582339216814397
7.99000       0.036632091169053603
7.99100       0.037710682077992899
7.99200       0.038822265973696098
7.99300       0.039971108186241701
7.99400       0.041159643126961902
7.99500       0.042388839918627901
7.99600       0.043658173831145702
7.99700       0.044965577732487098
7.99800       0.046310050082462702
7.99900       0.047697164002194398
8.00000       0.049134829456963999
8.00100       0.050623814049657802
8.00200       0.052160696652730799
8.00300       0.053741513317985899
8.00400       0.055369435467007101
8.00500       0.057050148140714199
8.00600       0.058784963906914497
8.00700       0.060576516341587498
8.00800       0.062428131690381902
8.00900       0.064339686948404307
8.01000       0.066308698885801903
8.01100       0.068333866712009694
8.01200       0.070420864825503998
8.01300       0.072575768422307604
8.01400       0.074800103025562906
8.01500       0.077095745454347095
8.01600       0.079463467940023194
8.01700       0.081900769996881506
8.01800       0.084405740384461594
8.01900       0.086984829050063397
8.02000       0.089650668144802395
8.02100       0.092408789398518806
8.02200       0.095252884627807802
8.02300       0.098172811537978105
8.02400       0.101168987218461001
8.02500       0.104251463171767006
8.02600       0.107430447837633003
8.02700       0.110713001949139994
8.02800       0.114098192091212997
8.02900       0.117579383900068002
8.03000       0.121153945000650007
8.03100       0.124825812299601005
8.03200       0.128609284623447007
8.03300       0.132516411701769005
8.03400       0.136544011037593005
8.03500       0.140683465970142002
8.03600       0.144937044237138990
8.03700       0.149310748985023001
8.03800       0.153808587111421008
8.03900       0.158432642884783009
8.04000       0.163188086743304012
8.04100       0.168078456298019013
8.04200       0.173106796692821002
8.04300       0.178269900957680000
8.04400       0.183564725606701007
8.04500       0.188989823537212998
8.04600       0.194547438272074991
8.04700       0.200241125518913987
8.04800       0.206080356896990002
8.04900       0.212064294661650998
8.05000       0.218182778418715001
8.05100       0.224429897138599010
8.05200       0.230808272996504998
8.05300       0.237324448318580988
8.05400       0.243982924979143007
8.05500       0.250780114871353987
8.05600       0.257709513191521022
8.05700       0.264767303862071979
8.05800       0.271955245019604996
8.05900       0.279282266318418015
8.06000       0.286750305728822985
8.06100       0.294348090354730973
8.06200       0.302068082763270018
8.06300       0.309911856744499004
8.06400       0.317886212622738973
8.06500       0.325994103892298992
8.06600       0.334226876731335998
8.06700       0.342574458824700001
8.06800       0.351032852459581990
8.06900       0.359600986084913976
8.07000       0.368275410319938989
8.07100       0.377069603638347017
8.07200       0.385976766626342005
8.07300       0.394963901926288996
8.07400       0.404017674315795994
8.07500       0.413148444133668025
8.07600       0.422361367121795006
8.07700       0.431668891754127981
8.07800       0.441046959116207005
8.07900       0.450482541990410990
8.08000       0.459965025446522013
8.08100       0.469470931760965993
8.08200       0.478981132988692992
8.08300       0.488527420732722983
8.08400       0.498122123013829021
8.08500       0.507742918475330041
8.08600       0.517359587681851973
8.08700       0.526966275705035958
8.08800       0.536538897673495052
8.08900       0.546080843912533975
8.09000       0.555588226311172995
8.09100       0.565061966994221954
8.09200       0.574509728756339988
8.09300       0.583908622533072963
8.09400       0.593212501114976032
8.09500       0.602427661973792050
8.09600       0.611564884942680020
8.09700       0.620620467737125980
8.09800       0.629591790371548998
8.09900       0.638473480093197043
8.10000       0.647249557471553993
8.10100       0.655898360610094988
8.10200       0.664402479004082003
8.10300       0.672768593003567950
8.10400       0.681019985843463016
8.10500       0.689165534531908985
8.10600       0.697185074439353958
8.10700       0.705059040699480999
8.10800       0.712777405290445976
8.10900       0.720326708341752053
8.11000       0.727709478634771978
8.11100       0.734945696058701969
8.11200       0.742044694234210045
8.11300       0.748992465871396007
8.11400       0.755768313002419978
8.11500       0.762366502664051038
8.11600       0.768790271113324986
8.11700       0.775044625976860968
8.11800       0.781130213386490024
8.11900       0.787041714560019035
8.12000       0.792774288199503019
8.12100       0.798328103121888955
8.12200       0.803708906877311002
8.12300       0.808922886510118011
8.12400       0.813967485362602994
8.12500       0.818834915504389027
8.12600       0.823522948888012030
8.12700       0.828039407088680957
8.12800       0.832392617420005032
8.12900       0.836588402218965022
8.13000       0.840621810446655959
8.13100       0.844486900922834960
8.13200       0.848179806845181017
8.13300       0.851711295136870050
8.13400       0.855102051934669039
8.13500       0.858351531729897976
8.13600       0.861443848530011991
8.13700       0.864368666655461970
8.13800       0.867125198971983036
8.13900       0.869724623946851016
8.14000       0.872181195493034966
8.14100       0.874500180880268041
8.14200       0.876680234541435954
8.14300       0.878714979187123046
8.14400       0.880596569286192010
8.14500       0.882329809165530055
8.14600       0.883930606457033030
8.14700       0.885405059281203055
8.14800       0.886750772952684008
8.14900       0.887975120638490045
8.15000       0.889092736745114021
8.15100       0.890115287620729001
8.15200       0.891045146302885005
8.15300       0.891879022762620988
8.15400       0.892620921135434009
8.15500       0.893277373920964957
8.15600       0.893856061759962017
8.15700       0.894373892948726046
8.15800       0.894842447316472001
8.15900       0.895256290883706951
8.16000       0.895606216121032972
8.16100       0.895893764137815962
8.16200       0.896130119289694993
8.16300       0.896321028487039984
8.16400       0.896465236229179951
8.16500       0.896556359923276980
8.16600       0.896589212438689054
8.16700       0.896563071449586024
8.16800       0.896478005831382041
8.16900       0.896341823929222015
8.17000       0.896167657681745000
8.17100       0.895954772373448005
8.17200       0.895691566979909037
8.17300       0.895367525745502046
8.17400       0.894991592537197955
8.17500       0.894575930473701986
8.17600       0.894123818917131996
8.17700       0.893650266309457986
8.17800       0.893169359186802958
8.17900       0.892678905301567016
8.18000       0.892171834410792952
8.18100       0.891650774721750028
8.18200       0.891122906739557963
8.18300       0.890595907279067012
8.18400       0.890079462289177004
8.18500       0.889578416129435001
8.18600       0.889091706687026972
8.18700       0.888617158674218977
8.18800       0.888150816348864947
8.18900       0.887693089390201973
8.19000       0.887248229652003007
8.19100       0.886814072125277963
8.19200       0.886383197455733018
8.19300       0.885949984489409981
8.19400       0.885511415256032053
8.19500       0.885065708449570998
8.19600       0.884614467068957966
8.19700       0.884161430040430019
8.19800       0.883707153014614000
8.19900       0.883247043012739042
8.20000       0.882774767464439947
8.20100       0.882288751062584975
8.20200       0.881794143302886968
8.20300       0.881297046611004053
8.20400       0.880803631069893012
8.20500       0.880322242293130053
8.20600       0.879856105628878948
8.20700       0.879406478953590032
8.20800       0.878974555424596016
8.20900       0.878561146186662034
8.21000       0.878168659667642015
8.21100       0.877801303139276956
8.21200       0.877460884340938052
8.21300       0.877148315817878999
8.21400       0.876864506990443049
8.21500       0.876609367248505023
8.21600       0.876379969360343014
8.21700       0.876172405517791963
8.21800       0.875980925445146053
8.21900       0.875801715948031023
8.22000       0.875628889681776990
8.22100       0.875460599534441997
8.22200       0.875296280428020990
8.22300       0.875134730639584024
8.22400       0.874975184852023968
8.22500       0.874818629903706957
8.22600       0.874665841604996053
8.22700       0.874515438015783020
8.22800       0.874366544646850041
8.22900       0.874221006823958979
8.23000       0.874083483244986970
8.23100       0.873959528269994013
8.23200       0.873856236471513004
8.23300       0.873781084197955971
8.23400       0.873737955688148049
8.23500       0.873729692704618977
8.23600       0.873758209210469983
8.23700       0.873824519871123973
8.23800       0.873929031472070017
8.23900       0.874072820976289022
8.24000       0.874256353420852950
8.24100       0.874478939736750949
8.24200       0.874738240796858024
8.24300       0.875032933224808018
8.24400       0.875361157343312990
8.24500       0.875715689199891956
8.24600       0.876087797386238987
8.24700       0.876471076969756013
8.24800       0.876861004506373054
8.24900       0.877250907925354984
8.25000       0.877640013571617028
8.25100       0.878028125358938039
8.25200       0.878413259619009956
8.25300       0.878791457862945991
8.25400       0.879164372106481018
8.25500       0.879532519204739960
8.25600       0.879894077850693956
8.25700       0.880251531533097986
8.25800       0.880610183463699014
8.25900       0.880973050614697994
8.26000       0.881342221215812960
8.26100       0.881727965024440952
8.26200       0.882136150232649019
8.26300       0.882568609818489946
8.26400       0.883028577741723053
8.26500       0.883517876903810007
8.26600       0.884032781158936021
8.26700       0.884572699175685040
8.26800       0.885139423594711983
8.26900       0.885731850269242948
8.27000       0.886348235316979038
8.27100       0.886988334679263968
8.27200       0.887651488981444969
8.27300       0.888330512512557013
8.27400       0.889016020127244011
8.27500       0.889704151801500975
8.27600       0.890389807083848961
8.27700       0.891066278791145971
8.27800       0.891733278147258002
8.27900       0.892392908444751054
8.28000       0.893044119014976046
8.28100       0.893686112908624986
8.28200       0.894319773200389023
8.28300       0.894944658897421030
8.28400       0.895559138916116049
8.28500       0.896164863147542956
8.28600       0.896767008424857015
8.28700       0.897368929119726988
8.28800       0.897974192980565022
8.28900       0.898589098427468036
8.29000       0.899217593659047965
8.29100       0.899860716056609000
8.29200       0.900520160652267032
8.29300       0.901196519104118021
8.29400       0.901887500780099050
8.29500       0.902590107417419962
8.29600       0.903302372411123988
8.29700       0.904021990750344950
8.29800       0.904746925882495945
8.29900       0.905477465877222998
8.30000       0.906211820439647986
8.30100       0.906942812119845954
8.30200       0.907663974990295053
8.30300       0.908370766025519027
8.30400       0.909057289631134968
8.30500       0.909720318239128023
8.30600       0.910360400006643977
8.30700       0.910978879917204054
8.30800       0.911576580158458993
8.30900       0.912154962440867023
8.31000       0.912716216154830007
8.31100       0.913261615978020025
8.31200       0.913793227307503009
8.31300       0.914314259897632042
8.31400       0.914827398223209021
8.31500       0.915336006837618954
8.31600       0.915845584792048029
8.31700       0.916360379259472002
8.31800       0.916883499469646979
8.31900       0.917418446307320945
8.32000       0.917967095386714949
8.32100       0.918528166644219990
8.32200       0.919099495475089956
8.32300       0.919679113506617019
8.32400       0.920262892204248950
8.32500       0.920844629814754012
8.32600       0.921421724031427969
8.32700       0.921994388782641949
8.32800       0.922557785163807043
8.32900       0.923106148113411962
8.33000       0.923637899947801988
8.33100       0.924146980050617017
8.33200       0.924623728785929022
8.33300       0.925066158227607960
8.33400       0.925474170142512986
8.33500       0.925844062290352987
8.33600       0.926176866931695986
8.33700       0.926478590993326967
8.33800       0.926751540426913989
8.33900       0.926997688350003957
8.34000       0.927222258281732992
8.34100       0.927429608593288046
8.34200       0.927619014631933969
8.34300       0.927789965892862001
8.34400       0.927950971267416991
8.34500       0.928109641778541050
8.34600       0.928267908638082950
8.34700       0.928432145169275969
8.34800       0.928607846443915030
8.34900       0.928793828403344013
8.35000       0.928986807838771966
8.35100       0.929186479935447007
8.35200       0.929391436388896985
8.35300       0.929598012940044960
8.35400       0.929803628000564042
8.35500       0.930007108511774039
8.35600       0.930206503729981038
8.35700       0.930399769429168022
8.35800       0.930585601485776959
8.35900       0.930760722228836990
8.36000       0.930919788492517997
8.36100       0.931058515985168977
8.36200       0.931174212287130043
8.36300       0.931265564769835019
8.36400       0.931332907749568006
8.36500       0.931379044208247020
8.36600       0.931407387738252046
8.36700       0.931421713040375021
8.36800       0.931425197917611025
8.36900       0.931419026926068039
8.37000       0.931403048210575957
8.37100       0.931378073588472022
8.37200       0.931346823453562012
8.37300       0.931310704477547047
8.37400       0.931273364558753980
8.37500       0.931240770070612012
8.37600       0.931215620959625956
8.37700       0.931197884197603964
8.37800       0.931187056161717042
8.37900       0.931181432599699987
8.38000       0.931176451915798009
8.38100       0.931168380904547011
8.38200       0.931155481938860996
8.38300       0.931134288053704018
8.38400       0.931102187423067051
8.38500       0.931060015300340993
8.38600       0.931010042868269050
8.38700       0.930947069836778995
8.38800       0.930866941983203966
8.38900       0.930769355570229995
8.39000       0.930650198171204979
8.39100       0.930505664145435007
8.39200       0.930337687215677001
8.39300       0.930148204785114951
8.39400       0.929940324594044965
8.39500       0.929717930815948002
8.39600       0.929484694976734027
8.39700       0.929243887251109957
8.39800       0.928998480338830035
8.39900       0.928748500316610048
8.40000       0.928494103015736982
8.40100       0.928235471169977955
8.40200       0.927974752214443033
8.40300       0.927715997692976968
8.40400       0.927462795605457968
8.40500       0.927218569155921046
8.40600       0.926983639630826972
8.40700       0.926756815065298944
8.40800       0.926536225370937050
8.40900       0.926318171461459006
8.41000       0.926097990247486957
8.41100       0.925874713098470026
8.41200       0.925648094483293993
8.41300       0.925416472886440022
8.41400       0.925178636686291966
8.41500       0.924936634966978977
8.41600       0.924691559100843996
8.41700       0.924439190647073028
8.41800       0.924177649086941999
8.41900       0.923908514785005019
8.42000       0.923629913586665019
8.42100       0.923339433959578959
8.42200       0.923042191058198958
8.42300       0.922743127771421978
8.42400       0.922443904851093954
8.42500       0.922148912491617012
8.42600       0.921863196330034995
8.42700       0.921589042741966957
8.42800       0.921325106809851024
8.42900       0.921071872171025041
8.43000       0.920831265772651952
8.43100       0.920603593520241015
8.43200       0.920388982142693046
8.43300       0.920191683137530969
8.43400       0.920014353604012958
8.43500       0.919855280438814038
8.43600       0.919714553267038992
8.43700       0.919590318875517010
8.43800       0.919477880986213969
8.43900       0.919373398200711955
8.44000       0.919273163743402955
8.44100       0.919172818425609051
8.44200       0.919070816716218042
8.44300       0.918967620733064039
8.44400       0.918863052075972964
8.44500       0.918755577573594051
8.44600       0.918642966484969015
8.44700       0.918523394773202995
8.44800       0.918392527600767949
8.44900       0.918247169130130048
8.45000       0.918088174655932954
8.45100       0.917915896829489042
8.45200       0.917731254204988023
8.45300       0.917538628815557034
8.45400       0.917341387647916950
8.45500       0.917140383132573955
8.45600       0.916938562119432032
8.45700       0.916738561539881980
8.45800       0.916538747886414984
8.45900       0.916336698194626043
8.46000       0.916135234561792022
8.46100       0.915938509489186981
8.46200       0.915746541812723969
8.46300       0.915561769905519962
8.46400       0.915388878546063989
8.46500       0.915228216058688981
8.46600       0.915077324928792013
8.46700       0.914935760891184002
8.46800       0.914802183475853958
8.46900       0.914673676554658033
8.47000       0.914547635742640974
8.47100       0.914422260557365973
8.47200       0.914297986941602026
8.47300       0.914175788695728020
8.47400       0.914057153894573982
8.47500       0.913943175834236010
8.47600       0.913831245399979952
8.47700       0.913717388110540041
8.47800       0.913599245088012046
8.47900       0.913475244824070054
8.48000       0.913344926534692014
8.48100       0.913209761792353025
8.48200       0.913071794199864950
8.48300       0.912933835559822993
8.48400       0.912797779628991002
8.48500       0.912663317082841985
8.48600       0.912531489732667955
8.48700       0.912404104644198966
8.48800       0.912279520815586054
8.48900       0.912155662070919027
8.49000       0.912034273213194968
8.49100       0.911917998514859995
8.49200       0.911807889192535970
8.49300       0.911705598622290947
8.49400       0.911614315337017977
8.49500       0.911534406302617950
8.49600       0.911463424962325020
8.49700       0.911399883390544008
8.49800       0.911342835477911950
8.49900       0.911289997491438020
8.50000       0.911238235595583035
8.50100       0.911186702351952982
8.50200       0.911135257718987956
8.50300       0.911082901614759022
8.50400       0.911029609747360025
8.50500       0.910977262594884984
8.50600       0.910922341845292971
8.50700       0.910857805089159034
8.50800       0.910782748613820026
8.50900       0.910693793232122961
8.51000       0.910588444191154034
8.51100       0.910467623482220989
8.51200       0.910332592051457001
8.51300       0.910183749883795024
8.51400       0.910022398509384045
8.51500       0.909849173790040044
8.51600       0.909663233814785976
8.51700       0.909464965119617053
8.51800       0.909255559768437971
8.51900       0.909033604448673982
8.52000       0.908798244373808961
8.52100       0.908552600193934023
8.52200       0.908301056326423994
8.52300       0.908045080806687999
8.52400       0.907787877410217048
8.52500       0.907532904598729040
8.52600       0.907280522974127979
8.52700       0.907029509532567002
8.52800       0.906778805104005992
8.52900       0.906528255615324019
8.53000       0.906277643106108033
8.53100       0.906026093259490017
8.53200       0.905774416875102961
8.53300       0.905525166125102032
8.53400       0.905278353173985972
8.53500       0.905032726178383040
8.53600       0.904787965631460023
8.53700       0.904540638144078035
8.53800       0.904287224391517985
8.53900       0.904025096618301993
8.54000       0.903751812946550048
8.54100       0.903468371282495020
8.54200       0.903175057305449003
8.54300       0.902870888252901960
8.54400       0.902557300972032017
8.54500       0.902238031945744035
8.54600       0.901909890357925015
8.54700       0.901571324504903959
8.54800       0.901224436911935989
8.54900       0.900868030903609007
8.55000       0.900500294152435043
8.55100       0.900121114933706945
8.55200       0.899737393538445951
8.55300       0.899353480033568964
8.55400       0.898967293803609957
8.55500       0.898582048188327986
8.55600       0.898200520379957013
8.55700       0.897820571239602017
8.55800       0.897437720844369013
8.55900       0.897053522849571960
8.56000       0.896669443815700018
8.56100       0.896283086805047979
8.56200       0.895893304884539998
8.56300       0.895501812116326956
8.56400       0.895108908676844006
8.56500       0.894711635964285046
8.56600       0.894309175331660988
8.56700       0.893900421751947949
8.56800       0.893482557650098985
8.56900       0.893052491231829948
8.57000       0.892607969487513975
8.57100       0.892148285056224011
8.57200       0.891673627086180032
8.57300       0.891184254172569967
8.57400       0.890681649319535973
8.57500       0.890169246377514045
8.57600       0.889648904146534969
8.57700       0.889120463730799004
8.57800       0.888584521777102010
8.57900       0.888042556665519012
8.58000       0.887495055774806030
8.58100       0.886941997708940999
8.58200       0.886387914986018988
8.58300       0.885838048007841050
8.58400       0.885295003273905978
8.58500       0.884761824675008968
8.58600       0.884241482482543972
8.58700       0.883733483178028023
8.58800       0.883236859641644001
8.58900       0.882750090758781969
8.59000       0.882271040379074001
8.59100       0.881798946756113033
8.59200       0.881334257994151993
8.59300       0.880875115431913991
8.59400       0.880421012006466053
8.59500       0.879971365986528031
8.59600       0.879524088413770055
8.59700       0.879075510215151956
8.59800       0.878621411732877999
8.59900       0.878159270225839950
8.60000       0.877686706238277048
8.60100       0.877199808864689956
8.60200       0.876697450902298003
8.60300       0.876181411665319043
8.60400       0.875652134821665040
8.60500       0.875110569901474955
8.60600       0.874560948412743011
8.60700       0.874005730059953967
8.60800       0.873444589844761032
8.60900       0.872877804010368963
8.61000       0.872307144688024949
8.61100       0.871733937902836042
8.61200       0.871160831795977031
8.61300       0.870594214090013030
8.61400       0.870040013099655951
8.61500       0.869502092721415987
8.61600       0.868983172215130995
8.61700       0.868484217045189966
8.61800       0.868005557336053002
8.61900       0.867547155566302020
8.62000       0.867107735253848988
8.62100       0.866686858897651957
8.62200       0.866285268781965989
8.62300       0.865901957745380035
8.62400       0.865534959500129042
8.62500       0.865184174681470020
8.62600       0.864850265456317047
8.62700       0.864530174871088963
8.62800       0.864218913422121982
8.62900       0.863914397026507963
8.63000       0.863614841097180008
8.63100       0.863315913418404968
8.63200       0.863015536676783990
8.63300       0.862714794293852005
8.63400       0.862413669422342988
8.63500       0.862112188425748993
8.63600       0.861812478863960951
8.63700       0.861517179845068037
8.63800       0.861228654200609012
8.63900       0.860947962103861042
8.64000       0.860675176018784960
8.64100       0.860410178800470993
8.64200       0.860153533128533043
8.64300       0.859908046905678014
8.64400       0.859678250624698048
8.64500       0.859467552445746019
8.64600       0.859279381478217030
8.64700       0.859115666660243971
8.64800       0.858975589588106048
8.64900       0.858857627934609957
8.65000       0.858760792655577032
8.65100       0.858682219831431004
8.65200       0.858619279990640027
8.65300       0.858570661983639960
8.65400       0.858533722302262992
8.65500       0.858506339593272050
8.65600       0.858488982724963989
8.65700       0.858481575087174043
8.65800       0.858480239556381974
8.65900       0.858481206144776965
8.66000       0.858481657482757954
8.66100       0.858476567623593034
8.66200       0.858463747080284945
8.66300       0.858444025449443981
8.66400       0.858417778038702006
8.66500       0.858386250117369021
8.66600       0.858354673468031959
8.66700       0.858324896818306038
8.66800       0.858298464545131035
8.66900       0.858279188423912043
8.67000       0.858269657852114953
8.67100       0.858269399374812947
8.67200       0.858277933895688960
8.67300       0.858300247940670946
8.67400       0.858343000958648017
8.67500       0.858408307503819024
8.67600       0.858499403614852996
8.67700       0.858619512387059025
8.67800       0.858770141493376049
8.67900       0.858949944404058030
8.68000       0.859157584827568988
8.68100       0.859392057802780052
8.68200       0.859652187709926019
8.68300       0.859934476588061991
8.68400       0.860232556459773035
8.68500       0.860544818970416014
8.68600       0.860871460140003042
8.68700       0.861211347369562952
8.68800       0.861561139495409023
8.68900       0.861918266025045954
8.69000       0.862279863757092979
8.69100       0.862639574885401994
8.69200       0.862991843606817022
8.69300       0.863336269656586053
8.69400       0.863673610280601967
8.69500       0.864002686160738054
8.69600       0.864324201661721969
8.69700       0.864641843939715993
8.69800       0.864957705907069996
8.69900       0.865271991790175998
8.70000       0.865586678976360990
8.70100       0.865905664093444050
8.70200       0.866229628529580964
8.70300       0.866558178747760977
8.70400       0.866894165246339998
8.70500       0.867241130385227987
8.70600       0.867600691086609976
8.70700       0.867975279403439992
8.70800       0.868366642530398969
8.70900       0.868777088919556961
8.71000       0.869208249568659053
8.71100       0.869657757860931024
8.71200       0.870121935372327959
8.71300       0.870600387642796014
8.71400       0.871089488416747049
8.71500       0.871582438019993022
8.71600       0.872078720128230955
8.71700       0.872578769147567046
8.71800       0.873080367820458947
8.71900       0.873582173679416041
8.72000       0.874083983452391022
8.72100       0.874585515886371012
8.72200       0.875079700888283019
8.72300       0.875563548825289972
8.72400       0.876037016014718950
8.72500       0.876497709179144047
8.72600       0.876947938769123025
8.72700       0.877391440213545981
8.72800       0.877831554596206987
8.72900       0.878270986122783981
8.73000       0.878712769695839002
8.73100       0.879158403758987017
8.73200       0.879609480922646014
8.73300       0.880068122130829966
8.73400       0.880535702282181032
8.73500       0.881013243855511052
8.73600       0.881502003645772025
8.73700       0.882004704929231997
8.73800       0.882522782301363051
8.73900       0.883056522603690053
8.74000       0.883606480712482045
8.74100       0.884171554567307005
8.74200       0.884749935012348998
8.74300       0.885339803428965011
8.74400       0.885937593868896034
8.74500       0.886537587661617055
8.74600       0.887136078792190030
8.74700       0.887729065133159967
8.74800       0.888311184562989964
8.74900       0.888880891039657950
8.75000       0.889440114578520014
8.75100       0.889989006572809993
8.75200       0.890522817275571033
8.75300       0.891037699913851955
8.75400       0.891532151959756991
8.75500       0.892003339769135040
8.75600       0.892448742582109045
8.75700       0.892870104526859998
8.75800       0.893272261403937007
8.75900       0.893658448702481012
8.76000       0.894029035326552979
8.76100       0.894387394202956987
8.76200       0.894738236158880040
8.76300       0.895084248992045972
8.76400       0.895425458621929016
8.76500       0.895763542809162039
8.76600       0.896100363073413009
8.76700       0.896436994035908041
8.76800       0.896773975280859004
8.76900       0.897111944776952996
8.77000       0.897453284580196020
8.77100       0.897798957710303047
8.77200       0.898146145124681050
8.77300       0.898493462025801048
8.77400       0.898840846547334982
8.77500       0.899184268681824994
8.77600       0.899517631204729051
8.77700       0.899837736866072047
8.77800       0.900141703924596026
8.77900       0.900424905835464973
8.78000       0.900683827217849009
8.78100       0.900917542482525979
8.78200       0.901125761831687022
8.78300       0.901307532243344034
8.78400       0.901461518527573946
8.78500       0.901585811999379039
8.78600       0.901679646071178009
8.78700       0.901742625653687013
8.78800       0.901773126714489948
8.78900       0.901772406159591977
8.79000       0.901744763962577967
8.79100       0.901693077532094045
8.79200       0.901619614485982046
8.79300       0.901529526944188975
8.79400       0.901427798354379028
8.79500       0.901317081613579041
8.79600       0.901200058998322007
8.79700       0.901078656155977042
8.79800       0.900952582259376022
8.79900       0.900820885959071949
8.80000       0.900685227716091052
8.80100       0.900548026634580001
8.80200       0.900410330762369981
8.80300       0.900274403456755024
8.80400       0.900140679651125986
8.80500       0.900006568045073951
8.80600       0.899870803453456047
8.80700       0.899730879194456046
8.80800       0.899582268143953034
8.80900       0.899420335415593963
8.81000       0.899243048028000036
8.81100       0.899047211622135967
8.81200       0.898830126638876958
8.81300       0.898592980107264960
8.81400       0.898337756186205039
8.81500       0.898063274187629990
8.81600       0.897767321801218987
8.81700       0.897449801818313020
8.81800       0.897109583853501036
8.81900       0.896744977953851996
8.82000       0.896358287931238951
8.82100       0.895950678780111032
8.82200       0.895522373427933949
8.82300       0.895077225321720960
8.82400       0.894620224463680946
8.82500       0.894153830224431956
8.82600       0.893681964180529032
8.82700       0.893209297940002034
8.82800       0.892737139269722979
8.82900       0.892264848442658964
8.83000       0.891791945415456033
8.83100       0.891317958327606963
8.83200       0.890841801873903050
8.83300       0.890367187027580997
8.83400       0.889897347348632017
8.83500       0.889432210545483048
8.83600       0.888975767136221950
8.83700       0.888527854915500015
8.83800       0.888082038148179986
8.83900       0.887635049777135032
8.84000       0.887186418725441017
8.84100       0.886733751662446945
8.84200       0.886274446979487984
8.84300       0.885809128802058976
8.84400       0.885338917536573011
8.84500       0.884862926217448997
8.84600       0.884380636026703026
8.84700       0.883892968682759017
8.84800       0.883401414566483023
8.84900       0.882905259502116957
8.85000       0.882403399479192996
8.85100       0.881896364615173955
8.85200       0.881387106605982962
8.85300       0.880876877756822996
8.85400       0.880364510686593049
8.85500       0.879851327987755005
8.85600       0.879341968994345025
8.85700       0.878839088999040952
8.85800       0.878343750255224043
8.85900       0.877859969526963990
8.86000       0.877390794579459010
8.86100       0.876934749248683976
8.86200       0.876488231459944034
8.86300       0.876049591417376039
8.86400       0.875619621603877962
8.86500       0.875198591093408029
8.86600       0.874787189217139050
8.86700       0.874386632829606048
8.86800       0.873997849679847949
8.86900       0.873621057020856018
8.87000       0.873254136865181052
8.87100       0.872893278093802016
8.87200       0.872536691346022963
8.87300       0.872184195753957003
8.87400       0.871832943813389050
8.87500       0.871481484346607993
8.87600       0.871131807159460037
8.87700       0.870784746593380010
8.87800       0.870439233091560016
8.87900       0.870096455750013043
8.88000       0.869760408854190037
8.88100       0.869430807983951004
8.88200       0.869105948099891945
8.88300       0.868787994495881954
8.88400       0.868477233708647045
8.88500       0.868173218462160001
8.88600       0.867878175130387008
8.88700       0.867593084285119054
8.88800       0.867318218181532985
8.88900       0.867056197910892945
8.89000       0.866809342776673986
8.89100       0.866577604362578024
8.89200       0.866364218263379948
8.89300       0.866169113423166048
8.89400       0.865988457227013009
8.89500       0.865819648718457957
8.89600       0.865661125062609949
8.89700       0.865511521485526014
8.89800       0.865369825783593005
8.89900       0.865237641902821042
8.90000       0.865115525626714010
8.90100       0.865000950459951956
8.90200       0.864893372619816025
8.90300       0.864792774143163023
8.90400       0.864696344317402055
8.90500       0.864601277294462012
8.90600       0.864506999088014982
8.90700       0.864413364063735035
8.90800       0.864320075263734999
8.90900       0.864226774338554993
8.91000       0.864134060341830046
8.91100       0.864045384388990034
8.91200       0.863964047394273016
8.91300       0.863890509158791953
8.91400       0.863826122908210037
8.91500       0.863774556534622984
8.91600       0.863736980827281009
8.91700       0.863712021169774968
8.91800       0.863701348015380010
8.91900       0.863709501828280990
8.92000       0.863737455772146001
8.92100       0.863784717208729957
8.92200       0.863854761496495982
8.92300       0.863952645163290955
8.92400       0.864080552113669964
8.92500       0.864239221260671986
8.92600       0.864429604980355037
8.92700       0.864650851475449955
8.92800       0.864900616923868992
8.92900       0.865175069608435043
8.93000       0.865473328461165980
8.93100       0.865796726414575946
8.93200       0.866146772321626957
8.93300       0.866522528700961026
8.93400       0.866922178754143014
8.93500       0.867347128879682017
8.93600       0.867798374800945016
8.93700       0.868271122671954054
8.93800       0.868761001563973956
8.93900       0.869267817435415036
8.94000       0.869789514107209949
8.94100       0.870322103241303990
8.94200       0.870864067629078975
8.94300       0.871416414277138007
8.94400       0.871980864325205052
8.94500       0.872559640423030025
8.94600       0.873154546105667007
8.94700       0.873763839486019989
8.94800       0.874385106295553993
8.94900       0.875016871406160024
8.95000       0.875654952018810051
8.95100       0.876297051654784998
8.95200       0.876946635213779024
8.95300       0.877606303793928011
8.95400       0.878275363776483964
8.95500       0.878955065285004999
8.95600       0.879647833015558045
8.95700       0.880353419988213037
8.95800       0.881069824304194005
8.95900       0.881797206116681997
8.96000       0.882535182924041983
8.96100       0.883280504184931980
8.96200       0.884031759484899982
8.96300       0.884790141718098000
8.96400       0.885556159903197027
8.96500       0.886330020851103018
8.96600       0.887112538441124032
8.96700       0.887904385193845958
8.96800       0.888706947954679971
8.96900       0.889520910933495945
8.97000       0.890344406638597041
8.97100       0.891175778867800972
8.97200       0.892014288879140027
8.97300       0.892856923589678053
8.97400       0.893702309641873027
8.97500       0.894551526996921975
8.97600       0.895404965184238955
8.97700       0.896263144633217990
8.97800       0.897129505087940982
8.97900       0.898006691890431030
8.98000       0.898891754344585014
8.98100       0.899779703955083998
8.98200       0.900669708604224017
8.98300       0.901559081973263954
8.98400       0.902444443175368982
8.98500       0.903326183420946949
8.98600       0.904205553494605963
8.98700       0.905082115714680002
8.98800       0.905955122154662007
8.98900       0.906824496241306011
8.99000       0.907688924274433040
8.99100       0.908547411872730026
8.99200       0.909399033736483009
8.99300       0.910240069109854999
8.99400       0.911065704788377007
8.99500       0.911875573230597980
8.99600       0.912671034551125970
8.99700       0.913451788595304959
8.99800       0.914217795221741958
8.99900       0.914969754057304963
9.00000       0.915706979416015976
9.00100       0.916427760831758031
9.00200       0.917130004099854013
9.00300       0.917814062889153015
9.00400       0.918484644544898976
9.00500       0.919143013352496041
9.00600       0.919783727121405992
9.00700       0.920405438186151947
9.00800       0.921005456773221987
9.00900       0.921578878661628020
9.01000       0.922125689239933988
9.01100       0.922652072509598020
9.01200       0.923166824621473037
9.01300       0.923670101836782997
9.01400       0.924156211215939050
9.01500       0.924619718987210959
9.01600       0.925053768965020007
9.01700       0.925456757089687998
9.01800       0.925827151938787951
9.01900       0.926165162445179990
9.02000       0.926474650016857026
9.02100       0.926759977175784955
9.02200       0.927018868005109020
9.02300       0.927245043337121988
9.02400       0.927437471080235998
9.02500       0.927596304517728010
9.02600       0.927719124211780044
9.02700       0.927804098618955964
9.02800       0.927852523253907990
9.02900       0.927865063413407021
9.03000       0.927840306723507036
9.03100       0.927776926855409023
9.03200       0.927674842560396007
9.03300       0.927535790663036042
9.03400       0.927361934782149011
9.03500       0.927153330690948962
9.03600       0.926910436238769009
9.03700       0.926635121841123954
9.03800       0.926327296523187016
9.03900       0.925984295450678951
9.04000       0.925605510809659027
9.04100       0.925190611422963993
9.04200       0.924737916000581972
9.04300       0.924248323827100982
9.04400       0.923725286699176973
9.04500       0.923170525295782030
9.04600       0.922584332500064996
9.04700       0.921967080307207976
9.04800       0.921318277044640976
9.04900       0.920633348781975003
9.05000       0.919910728886352946
9.05100       0.919150951111203041
9.05200       0.918350372395016046
9.05300       0.917509176361683054
9.05400       0.916629789498837999
9.05500       0.915712882670597028
9.05600       0.914758249892840047
9.05700       0.913767411032957000
9.05800       0.912740261140627007
9.05900       0.911677321070517022
9.06000       0.910579880710724043
9.06100       0.909446963219633031
9.06200       0.908275314665117017
9.06300       0.907063362241781967
9.06400       0.905813192835058012
9.06500       0.904526963020085950
9.06600       0.903206060641054020
9.06700       0.901852753978471977
9.06800       0.900468065607147983
9.06900       0.899052714999222014
9.07000       0.897607183368401951
9.07100       0.896130573708693978
9.07200       0.894621994689206002
9.07300       0.893081800755622046
9.07400       0.891509432870257967
9.07500       0.889902465231333983
9.07600       0.888259115991968051
9.07700       0.886578943500396011
9.07800       0.884862690362059001
9.07900       0.883112128969503973
9.08000       0.881328267873361049
9.08100       0.879510986543997952
9.08200       0.877659332214114962
9.08300       0.875770652749902956
9.08400       0.873840798397224949
9.08500       0.871867969987575986
9.08600       0.869853771712016055
9.08700       0.867798440991400022
9.08800       0.865700394205771051
9.08900       0.863560767085697956
9.09000       0.861382280801687994
9.09100       0.859165800918664013
9.09200       0.856913802873386032
9.09300       0.854629883351624042
9.09400       0.852315008299200039
9.09500       0.849970285632113964
9.09600       0.847595891680938962
9.09700       0.845188015857857966
9.09800       0.842744475171648966
9.09900       0.840270605283390037
9.10000       0.837774464973768951
9.10100       0.835258058693848948
9.10200       0.832727023302116010
9.10300       0.830190462569799004
9.10400       0.827646968334974975
9.10500       0.825088657616856014
9.10600       0.822512590263848042
9.10700       0.819921688817246030
9.10800       0.817318647039786961
9.10900       0.814705320185354021
9.11000       0.812084680619741039
9.11100       0.809458861275679009
9.11200       0.806828598967960997
9.11300       0.804193406759579954
9.11400       0.801551216373088016
9.11500       0.798901183815786009
9.11600       0.796244898002978041
9.11700       0.793583004120236968
9.11800       0.790914165858459972
9.11900       0.788237366425491026
9.12000       0.785552427846760049
9.12100       0.782858823683024951
9.12200       0.780156188463930977
9.12300       0.777445213977230987
9.12400       0.774727605468192970
9.12500       0.772005052422099047
9.12600       0.769277909489438971
9.12700       0.766546252093480041
9.12800       0.763810997735685948
9.12900       0.761072894486158003
9.13000       0.758331377713126975
9.13100       0.755584786141013987
9.13200       0.752832308689832974
9.13300       0.750074461942144999
9.13400       0.747311853298441964
9.13500       0.744545915507956013
9.13600       0.741777888146526010
9.13700       0.739009629452525019
9.13800       0.736243153677247020
9.13900       0.733476923886862031
9.14000       0.730706100675231007
9.14100       0.727927292030801976
9.14200       0.725140033898838965
9.14300       0.722343293565394950
9.14400       0.719537600451829018
9.14500       0.716723402607811977
9.14600       0.713899316689897034
9.14700       0.711062486239629976
9.14800       0.708212709133082985
9.14900       0.705350519848895963
9.15000       0.702473868384466016
9.15100       0.699582526910183966
9.15200       0.696679697619984051
9.15300       0.693763562129284028
9.15400       0.690827854003667974
9.15500       0.687871651582749988
9.15600       0.684895114292437990
9.15700       0.681898167260150956
9.15800       0.678883652003367977
9.15900       0.675857480200928951
9.16000       0.672824326746099044
9.16100       0.669783558203096985
9.16200       0.666731774883996042
9.16300       0.663665947262412015
9.16400       0.660584838339020042
9.16500       0.657489084112942046
9.16600       0.654381939151142955
9.16700       0.651268130315611038
9.16800       0.648151062284239021
9.16900       0.645029540263283963
9.17000       0.641899823796282964
9.17100       0.638759744267001994
9.17200       0.635607959743265005
9.17300       0.632445347267620028
9.17400       0.629274848392444963
9.17500       0.626098514929598005
9.17600       0.622915495082331017
9.17700       0.619720781419203948
9.17800       0.616507036123418950
9.17900       0.613270657212317993
9.18000       0.610011424528871027
9.18100       0.606727697340825989
9.18200       0.603421254525902007
9.18300       0.600096133726331971
9.18400       0.596753342195246006
9.18500       0.593387696687504018
9.18600       0.589991866415943034
9.18700       0.586563881188358005
9.18800       0.583101888833760018
9.18900       0.579602105696323977
9.19000       0.576065287140756999
9.19100       0.572494995803808027
9.19200       0.568893226747895997
9.19300       0.565259355786515982
9.19400       0.561591490776634950
9.19500       0.557888383623307949
9.19600       0.554150393488277992
9.19700       0.550378317558660957
9.19800       0.546570891658341051
9.19900       0.542726108743131985
9.20000       0.538844836317017961
9.20100       0.534928987432963021
9.20200       0.530977611799003046
9.20300       0.526990121848455950
9.20400       0.522968758649923982
9.20500       0.518915501464782047
9.20600       0.514829800854095021
9.20700       0.510710764010852025
9.20800       0.506558127007458947
9.20900       0.502369998906509019
9.21000       0.498144118673465974
9.21100       0.493880992548036024
9.21200       0.489582718844637999
9.21300       0.485250404250316014
9.21400       0.480886683748195987
9.21500       0.476492386688064984
9.21600       0.472064152701378026
9.21700       0.467599902331294004
9.21800       0.463099196290996995
9.21900       0.458563182606197994
9.22000       0.453992611141749991
9.22100       0.449390904126368007
9.22200       0.444765219930069011
9.22300       0.440114907630679009
9.22400       0.435441491813343018
9.22500       0.430747093239148005
9.22600       0.426029580131392027
9.22700       0.421283105970709004
9.22800       0.416506977067470974
9.22900       0.411711756046131028
9.23000       0.406902892082364021
9.23100       0.402084727975122014
9.23200       0.397263774402297987
9.23300       0.392442017090082973
9.23400       0.387616520251106988
9.23500       0.382780594099884020
9.23600       0.377933505270262982
9.23700       0.373079167065590023
9.23800       0.368221556775914005
9.23900       0.363365037409253022
9.24000       0.358515032358987018
9.24100       0.353677320504929005
9.24200       0.348855780212304012
9.24300       0.344048195659902023
9.24400       0.339247481994163991
9.24500       0.334450808130327015
9.24600       0.329660597176576975
9.24700       0.324880386121201015
9.24800       0.320115148069631983
9.24900       0.315373072241278973
9.25000       0.310659354567555002
9.25100       0.305970397749120993
9.25200       0.301301198259985026
9.25300       0.296651712934406009
9.25400       0.292023324820078978
9.25500       0.287416628306339017
9.25600       0.282837231111940979
9.25700       0.278294227350784018
9.25800       0.273789699433351019
9.25900       0.269320919906463008
9.26000       0.264888395591555026
9.26100       0.260493082196127990
9.26200       0.256131558836088014
9.26300       0.251802462053361986
9.26400       0.247513627305536998
9.26500       0.243274336327431007
9.26600       0.239083008105793998
9.26700       0.234938285933801005
9.26800       0.230840658152609013
9.26900       0.226788934326776992
9.27000       0.222781262321681994
9.27100       0.218819480204338002
9.27200       0.214907865460339992
9.27300       0.211048170214781006
9.27400       0.207239288992567994
9.27500       0.203478765960973002
9.27600       0.199764108723812006
9.27700       0.196096196033118009
9.27800       0.192478015306462996
9.27900       0.188911253039578009
9.28000       0.185396562295131989
9.28100       0.181933825139814986
9.28200       0.178521071775015999
9.28300       0.175154749278095989
9.28400       0.171831900678967003
9.28500       0.168552294075769993
9.28600       0.165318343211382002
9.28700       0.162133346716981014
9.28800       0.158999417859955999
9.28900       0.155916076354604000
9.29000       0.152881503453937001
9.29100       0.149893652885949996
9.29200       0.146949769099905009
9.29300       0.144048883356955010
9.29400       0.141192167136676011
9.29500       0.138380555542497008
9.29600       0.135614562050449000
9.29700       0.132894667822775009
9.29800       0.130222132489879988
9.29900       0.127597014043651008
9.30000       0.125018344924534008
9.30100       0.122484829980571003
9.30200       0.119994927996966996
9.30300       0.117547091804997006
9.30400       0.115139801006368003
9.30500       0.112774474824903007
9.30600       0.110452608151462003
9.30700       0.108176502285786999
9.30800       0.105948199818118996
9.30900       0.103763980862822999
9.31000       0.101579800789216995
9.31100       0.099342744940376093
9.31200       0.097134275418017793
9.31300       0.094970236658934198
9.31400       0.092851504325448503
9.31500       0.090782419518269805
9.31600       0.088766753516544797
9.31700       0.086802964011532396
9.31800       0.084884411453405306
9.31900       0.083007133888560999
9.32000       0.081168693553966206
9.32100       0.079367164395773002
9.32200       0.077605187895809294
9.32300       0.075887342727352106
9.32400       0.074216413937357104
9.32500       0.072590690148986795
9.32600       0.071006999045035699
9.32700       0.069461324581252995
9.32800       0.067948985513957894
9.32900       0.066469426686868602
9.33000       0.065023419082798697
9.33100       0.063611461177876194
9.33200       0.062236318438719400
9.33300       0.060900293196535699
9.33400       0.059601677090068299
9.33500       0.058335377752278803
9.33600       0.057099016302435898
9.33700       0.055891196237913797
9.33800       0.054709253912458101
9.33900       0.053553774543935603
9.34000       0.052427129518411802
9.34100       0.051328958202187601
9.34200       0.050256922943830801
9.34300       0.049210591901051301
9.34400       0.048191153087167003
9.34500       0.047196000770528101
9.34600       0.046222055655169597
9.34700       0.045270111074014401
9.34800       0.044339104533532799
9.34900       0.043426576416283801
9.35000       0.042531427441540301
9.35100       0.041655848989289999
9.35200       0.040800704387002902
9.35300       0.039964520361957398
9.35400       0.039146319551903702
9.35500       0.038346298653371101
9.35600       0.037563383444752900
9.35700       0.036796385450184502
9.35800       0.036044015227417098
9.35900       0.035304929035072902
9.36000       0.034579578396024303
9.36100       0.033869133440161299
9.36200       0.033173979739364000
9.36300       0.032494004048600401
9.36400       0.031828978454277602
9.36500       0.031178675829039500
9.36600       0.030542176249877401
9.36700       0.029918590746445900
9.36800       0.029308008558282399
9.36900       0.028710462429938102
9.37000       0.028125787350143500
9.37100       0.027554082426313201
9.37200       0.026995601976778100
9.37300       0.026450227513172400
9.37400       0.025917577489816601
9.37500       0.025397416983096801
9.37600       0.024889556509160499
9.37700       0.024393692408257700
9.37800       0.023909795019000601
9.37900       0.023438306142436399
9.38000       0.022979286789787799
9.38100       0.022531945475654101
9.38200       0.022095747145538500
9.38300       0.021670188303405599
9.38400       0.021254031077036401
9.38500       0.020846793072324399
9.38600       0.020449218849647000
9.38700       0.020062010658708801
9.38800       0.019684981007511902
9.38900       0.019317948507813199
9.39000       0.018960861923765601
9.39100       0.018612403652412901
9.39200       0.018271132413374899
9.39300       0.017936453593973199
9.39400       0.017607050988300201
9.39500       0.017282577921319899
9.39600       0.016964313840515999
9.39700       0.016653430026944499
9.39800       0.016349727339783900
9.39900       0.016052331562250301
9.40000       0.015760614798687300
9.40100       0.015473677845002400
9.40200       0.015190547921307000
9.40300       0.014910892519591500
9.40400       0.014634513252620900
9.40500       0.014361353659471100
9.40600       0.014091867511580900
9.40700       0.013826554265314000
9.40800       0.013565423991246399
9.40900       0.013308219251933800
9.41000       0.013054804886206500
9.41100       0.012805096451593600
9.41200       0.012558963715010800
9.41300       0.012316324342059200
9.41400       0.012077049437393799
9.41500       0.011840989891350099
9.41600       0.011608231711536901
9.41700       0.011379038740714401
9.41800       0.011153712693110100
9.41900       0.010932660701598301
9.42000       0.010716187144375101
9.42100       0.010504482870866900
9.42200       0.010297812303846901
9.42300       0.010096180300108500
9.42400       0.009899190319164530
9.42500       0.009706533531012701
9.42600       0.009518343689659980
9.42700       0.009334921718115339
9.42800       0.009156375626163671
9.42900       0.008982897913355050
9.43000       0.008814667634395869
9.43100       0.008651769621278669
9.43200       0.008494466604685110
9.43300       0.008342939792248981
9.43400       0.008196904237346430
9.43500       0.008056219942780270
9.43600       0.007920762692239290
9.43700       0.007789922904134490
9.43800       0.007663490214636190
9.43900       0.007541196193522780
9.44000       0.007422548428459570
9.44100       0.007307732523017090
9.44200       0.007197624318297400
9.44300       0.007092672247275610
9.44400       0.006992318521722000
9.44500       0.006895946565529390
9.44600       0.006803127650997440
9.44700       0.006712900735921790
9.44800       0.006624666248954080
9.44900       0.006538191531782590
9.45000       0.006453194556811150
9.45100       0.006369811823383700
9.45200       0.006288785404046200
9.45300       0.006210577898806300
9.45400       0.006134655584468570
9.45500       0.006060300128940430
9.45600       0.005987029026820470
9.45700       0.005914075872122780
9.45800       0.005840879743718720
9.45900       0.005767494365291230
9.46000       0.005694107601227680
9.46100       0.005620821531909460
9.46200       0.005547816412896810
9.46300       0.005475231721473460
9.46400       0.005402901903118760
9.46500       0.005330566263100130
9.46600       0.005258092985820580
9.46700       0.005185268155724180
9.46800       0.005111882163323700
9.46900       0.005037928206750640
9.47000       0.004963420291601460
9.47100       0.004888359467210890
9.47200       0.004812932102895800
9.47300       0.004737333580855260
9.47400       0.004661605786766550
9.47500       0.004586023190187970
9.47600       0.004510727984307290
9.47700       0.004435662151561660
9.47800       0.004360807955420600
9.47900       0.004286146563409200
9.48000       0.004211496138661230
9.48100       0.004136721630975890
9.48200       0.004062091187472470
9.48300       0.003988035998640950
9.48400       0.003914615313908800
9.48500       0.003842240955698180
9.48600       0.003771249484303740
9.48700       0.003701427540334870
9.48800       0.003632546160474930
9.48900       0.003564581328491250
9.49000       0.003497567736679310
9.49100       0.003431462018953060
9.49200       0.003366408612343830
9.49300       0.003302750262625720
9.49400       0.003240571353250070
9.49500       0.003180078992397920
9.49600       0.003121502171831270
9.49700       0.003064717187086790
9.49800       0.003009499574519570
9.49900       0.002955806092139630
9.50000       0.002903668013004510
9.50100       0.002853070281904570
9.50200       0.002804036279544560
9.50300       0.002756624498479850
9.50400       0.002710863608167080
9.50500       0.002666854926077880
9.50600       0.002624686188615000
9.50700       0.002584351012807680
9.50800       0.002545852531836150
9.50900       0.002509186240423180
9.51000       0.002474107818149380
9.51100       0.002440417164924380
9.51200       0.002408001448277300
9.51300       0.002376576996210630
9.51400       0.002345970202455640
9.51500       0.002316391570256820
9.51600       0.002288148239485750
9.51700       0.002261272245353970
9.51800       0.002235642716053810
9.51900       0.002211216619715600
9.52000       0.002187692171044030
9.52100       0.002164589295116840
9.52200       0.002141706514392990
9.52300       0.002118740554852510
9.52400       0.002095360724730460
9.52500       0.002071753936105180
9.52600       0.002048285549409450
9.52700       0.002025047709623170
9.52800       0.002001929424018810
9.52900       0.001978863354692270
9.53000       0.001955751475895380
9.53100       0.001932401716289560
9.53200       0.001908698626232140
9.53300       0.001884514930326350
9.53400       0.001859674321907340
9.53500       0.001834196853950310
9.53600       0.001808173902970500
9.53700       0.001781655034081510
9.53800       0.001754803888270480
9.53900       0.001727820811760980
9.54000       0.001700832623265980
9.54100       0.001674055733683400
9.54200       0.001647611091341540
9.54300       0.001621433365890270
9.54400       0.001595457053243930
9.54500       0.001569661913228660
9.54600       0.001543966977890110
9.54700       0.001518328834761330
9.54800       0.001492924831005580
9.54900       0.001467945263781630
9.55000       0.001443469050378700
9.55100       0.001419693325026840
9.55200       0.001396734557604530
9.55300       0.001374586374806060
9.55400       0.001353268069317960
9.55500       0.001332752363477710
9.55600       0.001312904938619770
9.55700       0.001293649658078960
9.55800       0.001274913033613660
9.55900       0.001256583700507100
9.56000       0.001238625087731820
9.56100       0.001220960678672560
9.56200       0.001203537727649560
9.56300       0.001186439527907060
9.56400       0.001169811896390340
9.56500       0.001153670872797520
9.56600       0.001137899779753650
9.56700       0.001122407587142580
9.56800       0.001107108466039540
9.56900       0.001091882177702790
9.57000       0.001076647570430610
9.57100       0.001061318072698190
9.57200       0.001045817657314850
9.57300       0.001030170368024500
9.57400       0.001014449902753760
9.57500       0.000998712211697311
9.57600       0.000983029768791194
9.57700       0.000967480741448201
9.57800       0.000952134880523481
9.57900       0.000937092409251022
9.58000       0.000922392097892744
9.58100       0.000907919311852384
9.58200       0.000893536380787291
9.58300       0.000879224042070498
9.58400       0.000865028537195778
9.58500       0.000851012347107105
9.58600       0.000837369629514861
9.58700       0.000824319249942793
9.58800       0.000812017367377335
9.58900       0.000800703766844685
9.59000       0.000790528307154120
9.59100       0.000781426628754092
9.59200       0.000773301184655073
9.59300       0.000766108723974215
9.59400       0.000759788190316170
9.59500       0.000754302423520280
9.59600       0.000749647647548313
9.59700       0.000745804430046425
9.59800       0.000742779448165004
9.59900       0.000740641909515689
9.60000       0.000739397490811807
