# author : Oliver Czoske
# source : E-LIS-MPIA-MET-1208_1-0
# date_created : 2025-06-18
# date_modified : 2025-06-21
# status : Measurement
# type : filter:transmission
# wavelength_unit : um
# center : 12.2614
# comment : N3 filter, built by Materion, procured by MPIA
# changes :
#    - 2025-06-21 (OC) cut to 11.25-13.25 um
#
wavelength  transmission
11.25000       0.001122358439503700
11.25100       0.001145590419591670
11.25200       0.001168957350294320
11.25300       0.001192381569160680
11.25400       0.001215879083051100
11.25500       0.001239573833871080
11.25600       0.001263553500046140
11.25700       0.001287771030340280
11.25800       0.001312124468620280
11.25900       0.001336515675379850
11.26000       0.001360844752116060
11.26100       0.001385008256710170
11.26200       0.001408919768925540
11.26300       0.001432581500601660
11.26400       0.001456133439303840
11.26500       0.001479689419238870
11.26600       0.001503190923404060
11.26700       0.001526529874992800
11.26800       0.001549600450057310
11.26900       0.001572305593197380
11.27000       0.001594540084174340
11.27100       0.001616203663153210
11.27200       0.001637194463535940
11.27300       0.001657461319200720
11.27400       0.001677054737541510
11.27500       0.001696086074989080
11.27600       0.001714691966165940
11.27700       0.001733005860215880
11.27800       0.001751153732821340
11.27900       0.001769258746003230
11.28000       0.001787435231804470
11.28100       0.001805671174853720
11.28200       0.001823761081276600
11.28300       0.001841548239349980
11.28400       0.001859113279186110
11.28500       0.001876647904392960
11.28600       0.001894339899115190
11.28700       0.001912378285017840
11.28800       0.001930955483956720
11.28900       0.001950235283749100
11.29000       0.001970248502873580
11.29100       0.001990803934464550
11.29200       0.002011678239786510
11.29300       0.002032889605676850
11.29400       0.002054614469149310
11.29500       0.002077030089729700
11.29600       0.002100320078943230
11.29700       0.002124675205503970
11.29800       0.002150270739697760
11.29900       0.002177190818964280
11.30000       0.002205306288947830
11.30100       0.002234404687134040
11.30200       0.002264460394782230
11.30300       0.002295567283534420
11.30400       0.002327826724835110
11.30500       0.002361316520324060
11.30600       0.002396137909202180
11.30700       0.002432390750663370
11.30800       0.002470168373057520
11.30900       0.002509542704891510
11.31000       0.002550488874529300
11.31100       0.002592895219285910
11.31200       0.002636631010769940
11.31300       0.002681560836675700
11.31400       0.002727547077157500
11.31500       0.002774468758724110
11.31600       0.002822202515287530
11.31700       0.002870681591627510
11.31800       0.002919947325708880
11.31900       0.002970109837296840
11.32000       0.003021196152149800
11.32100       0.003073175612825610
11.32200       0.003126007909621700
11.32300       0.003179648456437030
11.32400       0.003234056221725350
11.32500       0.003289194304882840
11.32600       0.003345046030970860
11.32700       0.003401634384902150
11.32800       0.003458996722350280
11.32900       0.003517139321521310
11.33000       0.003576045008640060
11.33100       0.003635698835755540
11.33200       0.003696080009523150
11.33300       0.003757159152307340
11.33400       0.003818898909234370
11.33500       0.003881268626767300
11.33600       0.003944293809625020
11.33700       0.004008039245025350
11.33800       0.004072516338871730
11.33900       0.004137709779147510
11.34000       0.004203599027728820
11.34100       0.004270149895133190
11.34200       0.004337320630539600
11.34300       0.004405048711618510
11.34400       0.004473309538754360
11.34500       0.004542344662608060
11.34600       0.004612434439139720
11.34700       0.004683529613747180
11.34800       0.004755369169233580
11.34900       0.004827656952420050
11.35000       0.004900089354461850
11.35100       0.004972332144359330
11.35200       0.005044037680795750
11.35300       0.005114881253595600
11.35400       0.005184697746228650
11.35500       0.005253580506295540
11.35600       0.005321785026682900
11.35700       0.005389604299040230
11.35800       0.005457335506144020
11.35900       0.005525285986236140
11.36000       0.005593712567813380
11.36100       0.005662845875019970
11.36200       0.005732874991839500
11.36300       0.005803601289619320
11.36400       0.005874461446516600
11.36500       0.005945328683539470
11.36600       0.006016600530758700
11.36700       0.006088754143040440
11.36800       0.006162266872269950
11.36900       0.006237633659459950
11.37000       0.006315345499863460
11.37100       0.006395766819308760
11.37200       0.006478751040759900
11.37300       0.006563492090455810
11.37400       0.006649621052213120
11.37500       0.006737447410701150
11.37600       0.006827402104828460
11.37700       0.006919870165910780
11.37800       0.007015359102122700
11.37900       0.007114458360785610
11.38000       0.007217611956412240
11.38100       0.007324859966225450
11.38200       0.007435831136890720
11.38300       0.007550185550708080
11.38400       0.007667758770115720
11.38500       0.007788442149792240
11.38600       0.007912140303099500
11.38700       0.008038871364669079
11.38800       0.008168741584932530
11.38900       0.008301787365711849
11.39000       0.008438236479841210
11.39100       0.008578440171135520
11.39200       0.008722351692328271
11.39300       0.008869475906454261
11.39400       0.009019159095041250
11.39500       0.009170727665857250
11.39600       0.009323562098775939
11.39700       0.009477139036994760
11.39800       0.009630953410808109
11.39900       0.009784509625753390
11.40000       0.009937581111600259
11.40100       0.010090445423193799
11.40200       0.010243677054026000
11.40300       0.010397861427963199
11.40400       0.010553572126781100
11.40500       0.010711360164227000
11.40600       0.010871697182260699
11.40700       0.011035066165671700
11.40800       0.011201676562124801
11.40900       0.011370576995221700
11.41000       0.011541179294195300
11.41100       0.011713944839197400
11.41200       0.011889645532429801
11.41300       0.012068978282048899
11.41400       0.012252524527435400
11.41500       0.012440732872893301
11.41600       0.012634217624559100
11.41700       0.012833092050332799
11.41800       0.013036540873673000
11.41900       0.013243995698375401
11.42000       0.013455663377719401
11.42100       0.013672082647851400
11.42200       0.013893767991548100
11.42300       0.014121108579899601
11.42400       0.014354583897413099
11.42500       0.014594817210369400
11.42600       0.014842642792451999
11.42700       0.015098883892494801
11.42800       0.015363572528389800
11.42900       0.015635818478407799
11.43000       0.015914344923379200
11.43100       0.016197867851109202
11.43200       0.016485142745659601
11.43300       0.016774832123813699
11.43400       0.017065456876930198
11.43500       0.017355814194482299
11.43600       0.017645744036581101
11.43700       0.017935845223350500
11.43800       0.018226537546852200
11.43900       0.018517990714893798
11.44000       0.018810386724165799
11.44100       0.019104154804864500
11.44200       0.019399711174846498
11.44300       0.019697223015667599
11.44400       0.019997229004117500
11.44500       0.020298488234154800
11.44600       0.020600044969598202
11.44700       0.020903229428179199
11.44800       0.021210197778975801
11.44900       0.021522765532966798
11.45000       0.021841964789910399
11.45100       0.022169411564207899
11.45200       0.022507214808120700
11.45300       0.022856265234781702
11.45400       0.023214868795300901
11.45500       0.023580981144902102
11.45600       0.023954713170784500
11.45700       0.024337246843478998
11.45800       0.024729302901464599
11.45900       0.025131101695932599
11.46000       0.025544266468859399
11.46100       0.025971739803482701
11.46200       0.026415210805701899
11.46300       0.026874404660483200
11.46400       0.027348171937201300
11.46500       0.027835833737487499
11.46600       0.028337279568467499
11.46700       0.028852349143078500
11.46800       0.029380627237512301
11.46900       0.029922222513094201
11.47000       0.030477866446941199
11.47100       0.031047595299543901
11.47200       0.031631801642431498
11.47300       0.032230591898030299
11.47400       0.032841442932308097
11.47500       0.033460214017718898
11.47600       0.034083213200727200
11.47700       0.034707517207539097
11.47800       0.035329403333332898
11.47900       0.035944815990661502
11.48000       0.036551497115600497
11.48100       0.037148257472296102
11.48200       0.037736510930084698
11.48300       0.038319546921044001
11.48400       0.038901424765495698
11.48500       0.039484719301483097
11.48600       0.040072026183966401
11.48700       0.040668386399064900
11.48800       0.041276597845210497
11.48900       0.041899709202530402
11.49000       0.042537288838433399
11.49100       0.043185894091978497
11.49200       0.043846592346261197
11.49300       0.044522188221394601
11.49400       0.045212679327827097
11.49500       0.045917498293418298
11.49600       0.046641067045191803
11.49700       0.047391316389806100
11.49800       0.048173334409122900
11.49900       0.048986750810367900
11.50000       0.049827992608061998
11.50100       0.050695946196215799
11.50200       0.051591766128218801
11.50300       0.052515086651897698
11.50400       0.053464944347553001
11.50500       0.054444090678249103
11.50600       0.055459940820567197
11.50700       0.056518102613596397
11.50800       0.057619255523938803
11.50900       0.058760933720204599
11.51000       0.059944511399633499
11.51100       0.061204665554980102
11.51200       0.062610938785315498
11.51300       0.064096783991956799
11.51400       0.065611334841300106
11.51500       0.067152003558334200
11.51600       0.068715307059413505
11.51700       0.070297084134299595
11.51800       0.071896454072152893
11.51900       0.073510316874664000
11.52000       0.075133161703593701
11.52100       0.076762450460425000
11.52200       0.078398929182192503
11.52300       0.080043947044345004
11.52400       0.081697395434229506
11.52500       0.083361645409418400
11.52600       0.085040806478801301
11.52700       0.086739479411843207
11.52800       0.088463909319194997
11.52900       0.090216935880245999
11.53000       0.091995731742830600
11.53100       0.093804786527830003
11.53200       0.095652631057848894
11.53300       0.097546114702527803
11.53400       0.099490435761346405
11.53500       0.101488471926775001
11.53600       0.103538780855164006
11.53700       0.105639586924087994
11.53800       0.107788345230293001
11.53900       0.109980804174757002
11.54000       0.112217206099064007
11.54100       0.114503451478321000
11.54200       0.116848299521066998
11.54300       0.119260455156784004
11.54400       0.121743909286176996
11.54500       0.124297261774494003
11.54600       0.126918554593725003
11.54700       0.129607286035775010
11.54800       0.132361843075152003
11.54900       0.135181730120130988
11.55000       0.138068215959065987
11.55100       0.141026122512563995
11.55200       0.144060576825488007
11.55300       0.147172534481931988
11.55400       0.150356876662569999
11.55500       0.153609310486040013
11.55600       0.156931407685164004
11.55700       0.160323912077487002
11.55800       0.163784665193602991
11.55900       0.167311041311485997
11.56000       0.170905960770654008
11.56100       0.174571873051519000
11.56200       0.178306957057429993
11.56300       0.182108572065707991
11.56400       0.185972531120179002
11.56500       0.189898292514925987
11.56600       0.193881599499541007
11.56700       0.197913981839796999
11.56800       0.201986350793120994
11.56900       0.206089886387033988
11.57000       0.210218539764675000
11.57100       0.214370425790824992
11.57200       0.218552436993497995
11.57300       0.222773774602359004
11.57400       0.227039526662430990
11.57500       0.231350767661758994
11.57600       0.235704432558662996
11.57700       0.240095312960050988
11.57800       0.244512544128290987
11.57900       0.248941838726742998
11.58000       0.253377839878134004
11.58100       0.257827370236860975
11.58200       0.262299522824954001
11.58300       0.266795800054836996
11.58400       0.271319245966125999
11.58500       0.275876463896552016
11.58600       0.280473684589537975
11.58700       0.285109628922370018
11.58800       0.289775851082865021
11.58900       0.294472211936089023
11.59000       0.299210586706834980
11.59100       0.304000010580963986
11.59200       0.308842572145473004
11.59300       0.313742231687427986
11.59400       0.318705284720515014
11.59500       0.323738152342600005
11.59600       0.328841944871726022
11.59700       0.334012069051411009
11.59800       0.339246235239222982
11.59900       0.344536451505596975
11.60000       0.349888025992428020
11.60100       0.355311343418811987
11.60200       0.360809407926957981
11.60300       0.366381290386257996
11.60400       0.372025892255735013
11.60500       0.377747146474505024
11.60600       0.383551219404579979
11.60700       0.389435588028803015
11.60800       0.395394976379905005
11.60900       0.401433913610105997
11.61000       0.407551572023479025
11.61100       0.413723652559952026
11.61200       0.419917286856161975
11.61300       0.426100249758831984
11.61400       0.432241814972356975
11.61500       0.438317696709618010
11.61600       0.444314936400076022
11.61700       0.450243944290861009
11.61800       0.456146607222280009
11.61900       0.462046060623804988
11.62000       0.467939708857713021
11.62100       0.473819491796944992
11.62200       0.479676514070859983
11.62300       0.485493932130311001
11.62400       0.491237058589674980
11.62500       0.496875385633999023
11.62600       0.502416413745634949
11.62700       0.507889573949064976
11.62800       0.513313180660788015
11.62900       0.518697095717846945
11.63000       0.524052396022248956
11.63100       0.529389775435702981
11.63200       0.534710329981563981
11.63300       0.539995846930992007
11.63400       0.545235214275905045
11.63500       0.550440844060218981
11.63600       0.555630137532140966
11.63700       0.560813224264399945
11.63800       0.565994928370002981
11.63900       0.571179072699052992
11.64000       0.576369446642423955
11.64100       0.581566014694467004
11.64200       0.586757422170243959
11.64300       0.591930502268197989
11.64400       0.597083035137693008
11.64500       0.602218597559584956
11.64600       0.607337316591199050
11.64700       0.612434986483016974
11.64800       0.617506767993234007
11.64900       0.622547943480824983
11.65000       0.627555808607460963
11.65100       0.632533723286861971
11.65200       0.637489032971288005
11.65300       0.642428890382703011
11.65400       0.647361377232983037
11.65500       0.652276670666501968
11.65600       0.657155541344366045
11.65700       0.661978700595604042
11.65800       0.666726871130315035
11.65900       0.671381483272696977
11.66000       0.675927968267138968
11.66100       0.680359760779766010
11.66200       0.684679283366570024
11.66300       0.688905606154875949
11.66400       0.693051544554271981
11.66500       0.697118555985170030
11.66600       0.701107965307997016
11.66700       0.705021034385139966
11.66800       0.708857662611436012
11.66900       0.712612333750981986
11.67000       0.716275846194350030
11.67100       0.719844181794762950
11.67200       0.723322475422705002
11.67300       0.726719996070329000
11.67400       0.730042788446653046
11.67500       0.733295115149210974
11.67600       0.736481463825917948
11.67700       0.739605772087870039
11.67800       0.742666282310466053
11.67900       0.745656308208929031
11.68000       0.748571064002007014
11.68100       0.751413541021527021
11.68200       0.754191480324262975
11.68300       0.756909103312188969
11.68400       0.759568790726412035
11.68500       0.762172873677677054
11.68600       0.764722915522294988
11.68700       0.767216134733299970
11.68800       0.769643433188963999
11.68900       0.771998028702238992
11.69000       0.774276934332639999
11.69100       0.776484835672907048
11.69200       0.778630211002845019
11.69300       0.780721857283637966
11.69400       0.782767960787989048
11.69500       0.784778135812310040
11.69600       0.786762225916429969
11.69700       0.788729059406477973
11.69800       0.790676063872468027
11.69900       0.792589558080348033
11.70000       0.794453146745120020
11.70100       0.796266256861513977
11.70200       0.798029129445265051
11.70300       0.799742087517482991
11.70400       0.801406303954748989
11.70500       0.803029989267763034
11.70600       0.804632121536699052
11.70700       0.806219729727952972
11.70800       0.807780662158328999
11.70900       0.809296812849517044
11.71000       0.810760396171340991
11.71100       0.812168102671802949
11.71200       0.813516829446299994
11.71300       0.814804041418488945
11.71400       0.816034001157337041
11.71500       0.817218250651573053
11.71600       0.818362564290173955
11.71700       0.819462491916305047
11.71800       0.820510791555374985
11.71900       0.821507111942246016
11.72000       0.822455924986795983
11.72100       0.823361987458332001
11.72200       0.824230084553442044
11.72300       0.825065670103120041
11.72400       0.825873376773512025
11.72500       0.826652109000954982
11.72600       0.827406942400605971
11.72700       0.828144032918844974
11.72800       0.828863505672377987
11.72900       0.829563614676847028
11.73000       0.830242541095647990
11.73100       0.830898277433658961
11.73200       0.831525000983529994
11.73300       0.832098899264681946
11.73400       0.832604084849677961
11.73500       0.833049744447614038
11.73600       0.833455420749606990
11.73700       0.833837189522720013
11.73800       0.834209154869501979
11.73900       0.834585212299643997
11.74000       0.834979161592503960
11.74100       0.835402676790271026
11.74200       0.835857086240310965
11.74300       0.836335429052778023
11.74400       0.836826037996844962
11.74500       0.837314517692390958
11.74600       0.837792031196979980
11.74700       0.838252949935365033
11.74800       0.838691963247465977
11.74900       0.839104367168573950
11.75000       0.839492142052772006
11.75100       0.839869325030925040
11.75200       0.840246589720136994
11.75300       0.840620523601608993
11.75400       0.840980693013388958
11.75500       0.841320447245277991
11.75600       0.841638266436801952
11.75700       0.841933295287816019
11.75800       0.842204434645237976
11.75900       0.842452157536200952
11.76000       0.842683816889958970
11.76100       0.842908960460647005
11.76200       0.843129057090787004
11.76300       0.843338047547337988
11.76400       0.843532757686434986
11.76500       0.843713763984546006
11.76600       0.843882138765673973
11.76700       0.844038216174677003
11.76800       0.844177290831187976
11.76900       0.844297497012215015
11.77000       0.844405610534010975
11.77100       0.844508436381153027
11.77200       0.844611424866623994
11.77300       0.844716223057770055
11.77400       0.844823111879291044
11.77500       0.844932232955800999
11.77600       0.845043159099164054
11.77700       0.845149067333780035
11.77800       0.845238821355909997
11.77900       0.845307524748640016
11.78000       0.845357214035024951
11.78100       0.845395078397917055
11.78200       0.845427818413004961
11.78300       0.845460677879675049
11.78400       0.845498533809702968
11.78500       0.845546414908453947
11.78600       0.845608819420243019
11.78700       0.845685515157494017
11.78800       0.845772036467133947
11.78900       0.845863993290597027
11.79000       0.845957486540287018
11.79100       0.846049030624402953
11.79200       0.846136219777191001
11.79300       0.846217076042540040
11.79400       0.846290712618489982
11.79500       0.846358888198716963
11.79600       0.846424725918424992
11.79700       0.846490052984737007
11.79800       0.846555344837819024
11.79900       0.846619791584433012
11.80000       0.846682883752654991
11.80100       0.846745415038251958
11.80200       0.846808494687123048
11.80300       0.846872790880079052
11.80400       0.846938220458369972
11.80500       0.847005294858076963
11.80600       0.847075373031095036
11.80700       0.847149333049619035
11.80800       0.847226665433843951
11.80900       0.847307201346715999
11.81000       0.847391617605902980
11.81100       0.847480834229683011
11.81200       0.847574878912920049
11.81300       0.847673192748005011
11.81400       0.847775853743454988
11.81500       0.847883639362684960
11.81600       0.847997606473524956
11.81700       0.848118706196806960
11.81800       0.848247464387341998
11.81900       0.848384105562074997
11.82000       0.848528948407874961
11.82100       0.848681162097259967
11.82200       0.848839625374494977
11.82300       0.849003605634170988
11.82400       0.849172718770841994
11.82500       0.849346938235180038
11.82600       0.849526937586285946
11.82700       0.849713556494516964
11.82800       0.849907039125801012
11.82900       0.850107313136224008
11.83000       0.850314372356234971
11.83100       0.850528055618172019
11.83200       0.850747790063671960
11.83300       0.850972915989154033
11.83400       0.851202866352823051
11.83500       0.851437314766002040
11.83600       0.851676065221890988
11.83700       0.851918481593786026
11.83800       0.852163943134743973
11.83900       0.852412652920432001
11.84000       0.852665036467720960
11.84100       0.852920745997480023
11.84200       0.853179069881788044
11.84300       0.853439339467695013
11.84400       0.853701190064628967
11.84500       0.853964280282101029
11.84600       0.854227840771155988
11.84700       0.854491419217086046
11.84800       0.854755413660243990
11.84900       0.855020051665320024
11.85000       0.855284840968145055
11.85100       0.855549077466744023
11.85200       0.855812027215010040
11.85300       0.856073043898263997
11.85400       0.856331643043535040
11.85500       0.856587339785881974
11.85600       0.856840170939980994
11.85700       0.857090978715812968
11.85800       0.857340362678186030
11.85900       0.857588115075473945
11.86000       0.857833665051405014
11.86100       0.858076503328904949
11.86200       0.858316115030181015
11.86300       0.858552074266025977
11.86400       0.858784176094625984
11.86500       0.859012563553943953
11.86600       0.859237828028007966
11.86700       0.859460880149367945
11.86800       0.859682427745434019
11.86900       0.859902990178715965
11.87000       0.860122868125682949
11.87100       0.860342309561804020
11.87200       0.860561389926625009
11.87300       0.860779906057423050
11.87400       0.860997306926729045
11.87500       0.861212619242684996
11.87600       0.861425219679191945
11.87700       0.861635104623450054
11.87800       0.861842709114186034
11.87900       0.862048649576857007
11.88000       0.862253298029278969
11.88100       0.862457189017293957
11.88200       0.862660389528755012
11.88300       0.862862150279519957
11.88400       0.863061443201726952
11.88500       0.863257671559269024
11.88600       0.863450720613107015
11.88700       0.863641029195961973
11.88800       0.863829151536623985
11.88900       0.864015534736517044
11.89000       0.864200658534489019
11.89100       0.864384551374192012
11.89200       0.864566429027597949
11.89300       0.864745337231413003
11.89400       0.864920767105068045
11.89500       0.865092594075767995
11.89600       0.865261201226540044
11.89700       0.865427190844597960
11.89800       0.865590935220718949
11.89900       0.865752858196750963
11.90000       0.865913071389294964
11.90100       0.866070877765656055
11.90200       0.866225258169303958
11.90300       0.866375837144746974
11.90400       0.866522390957337962
11.90500       0.866665024257492034
11.90600       0.866804165188660991
11.90700       0.866939997083128966
11.90800       0.867072715373716996
11.90900       0.867202664331709006
11.91000       0.867330113530865976
11.91100       0.867455105359672962
11.91200       0.867577554943090967
11.91300       0.867697308555961055
11.91400       0.867814074602944019
11.91500       0.867927354768053050
11.91600       0.868037016350198032
11.91700       0.868142843631517946
11.91800       0.868245134076341962
11.91900       0.868344960162682034
11.92000       0.868443241306579017
11.92100       0.868540399250446016
11.92200       0.868636667751327973
11.92300       0.868731673737260013
11.92400       0.868824607849483010
11.92500       0.868914944276539036
11.92600       0.869002325734667957
11.92700       0.869087067674756963
11.92800       0.869170208579758019
11.92900       0.869252629563201040
11.93000       0.869334796728612025
11.93100       0.869416971756379997
11.93200       0.869498866614715982
11.93300       0.869579691182003955
11.93400       0.869658869646337984
11.93500       0.869736032640097023
11.93600       0.869811419627313009
11.93700       0.869886117151506988
11.93800       0.869960921272443954
11.93900       0.870036298853073986
11.94000       0.870112618994900999
11.94100       0.870189954065036964
11.94200       0.870267618041930979
11.94300       0.870345287867685946
11.94400       0.870422799482768017
11.94500       0.870499824984041992
11.94600       0.870576231824475966
11.94700       0.870652503774117958
11.94800       0.870729215047808980
11.94900       0.870806941185383043
11.95000       0.870886215256107987
11.95100       0.870967509798012962
11.95200       0.871051086323654022
11.95300       0.871137263995455990
11.95400       0.871225923122639023
11.95500       0.871316362125319044
11.95600       0.871407943885729952
11.95700       0.871500099379801996
11.95800       0.871592287142151978
11.95900       0.871684177942698035
11.96000       0.871775822926455946
11.96100       0.871867187927015008
11.96200       0.871958217046377992
11.96300       0.872049142863229987
11.96400       0.872140137361635981
11.96500       0.872231029835019989
11.96600       0.872321469749840039
11.96700       0.872411085790919971
11.96800       0.872499649186211035
11.96900       0.872587139791036970
11.97000       0.872673420219795992
11.97100       0.872758279851327035
11.97200       0.872841903266081021
11.97300       0.872924473455720995
11.97400       0.873005806567073050
11.97500       0.873085558266802009
11.97600       0.873163360215076012
11.97700       0.873238937649564950
11.97800       0.873312286180359054
11.97900       0.873383333681686969
11.98000       0.873451750525081949
11.98100       0.873518192892820955
11.98200       0.873582760927731017
11.98300       0.873645046259224012
11.98400       0.873704554595099991
11.98500       0.873760750499999017
11.98600       0.873813205643598989
11.98700       0.873861398472873030
11.98800       0.873905047662629997
11.98900       0.873944240687268947
11.99000       0.873979640919025025
11.99100       0.874011634371465007
11.99200       0.874040389977619014
11.99300       0.874066042235124963
11.99400       0.874088725934879962
11.99500       0.874108485848389960
11.99600       0.874125046765736990
11.99700       0.874137980695485983
11.99800       0.874146866788991006
11.99900       0.874151466108588959
12.00000       0.874152111401464982
12.00100       0.874149547531003046
12.00200       0.874144594932318997
12.00300       0.874138083865520055
12.00400       0.874130894853696994
12.00500       0.874123951124611054
12.00600       0.874117665602577976
12.00700       0.874111192561357053
12.00800       0.874103258658490034
12.00900       0.874093449471872952
12.01000       0.874082003683387954
12.01100       0.874069276530169970
12.01200       0.874055623452095976
12.01300       0.874041531069167044
12.01400       0.874028037638834965
12.01500       0.874016318245315005
12.01600       0.874005344610692014
12.01700       0.873993662396142956
12.01800       0.873981177686938948
12.01900       0.873968232870501960
12.02000       0.873955195228121040
12.02100       0.873942428244680047
12.02200       0.873930310050532011
12.02300       0.873919867462277011
12.02400       0.873912382639544960
12.02500       0.873906931371464024
12.02600       0.873902476791664995
12.02700       0.873898786105193004
12.02800       0.873895753377962992
12.02900       0.873893272558966983
12.03000       0.873891233492060993
12.03100       0.873889571693142964
12.03200       0.873888563729505963
12.03300       0.873888973782227962
12.03400       0.873891236205066035
12.03500       0.873895232096253971
12.03600       0.873900493915876986
12.03700       0.873906423455361958
12.03800       0.873912405753023980
12.03900       0.873917826557904953
12.04000       0.873922052417330009
12.04100       0.873924485164627951
12.04200       0.873925028995305997
12.04300       0.873924331736645965
12.04400       0.873922984683664028
12.04500       0.873920991804490011
12.04600       0.873918173262833053
12.04700       0.873914341404005035
12.04800       0.873909305810828041
12.04900       0.873902856125443050
12.05000       0.873894680623157005
12.05100       0.873884726622833008
12.05200       0.873873574701071965
12.05300       0.873861407693438008
12.05400       0.873847866605948043
12.05500       0.873832627783708960
12.05600       0.873815359881160991
12.05700       0.873795770984280962
12.05800       0.873773583499517947
12.05900       0.873748509206103030
12.06000       0.873720836524929045
12.06100       0.873691289308597963
12.06200       0.873659793817377017
12.06300       0.873625983597385969
12.06400       0.873589567643039966
12.06500       0.873550297627981975
12.06600       0.873507918036746989
12.06700       0.873462188929681971
12.06800       0.873412818090720022
12.06900       0.873359517643966021
12.07000       0.873302361248115000
12.07100       0.873241581271343992
12.07200       0.873177581567025962
12.07300       0.873110915705606949
12.07400       0.873042153655082975
12.07500       0.872971855696379029
12.07600       0.872900559764403949
12.07700       0.872828628690522024
12.07800       0.872755962360927007
12.07900       0.872682233827380971
12.08000       0.872607341664373037
12.08100       0.872531266767478053
12.08200       0.872453938760353043
12.08300       0.872375281415925019
12.08400       0.872295215469407026
12.08500       0.872213661907205950
12.08600       0.872130628105374006
12.08700       0.872046244063389042
12.08800       0.871960582724650046
12.08900       0.871873521963542952
12.09000       0.871784899164834037
12.09100       0.871694409330050046
12.09200       0.871601665300143047
12.09300       0.871506286091871973
12.09400       0.871407929603853049
12.09500       0.871306503782915964
12.09600       0.871202383547242998
12.09700       0.871095687768958959
12.09800       0.870986154313974970
12.09900       0.870873579965678046
12.10000       0.870757870477966045
12.10100       0.870638981571700055
12.10200       0.870516867296288965
12.10300       0.870391538211620963
12.10400       0.870263271158550955
12.10500       0.870132573705464041
12.10600       0.869999596512917028
12.10700       0.869863952358473025
12.10800       0.869725204524799955
12.10900       0.869583149244163023
12.11000       0.869437700389514956
12.11100       0.869288788570160009
12.11200       0.869136398518179032
12.11300       0.868980748400876024
12.11400       0.868822345427211040
12.11500       0.868661359227822949
12.11600       0.868497495375994966
12.11700       0.868330363134342975
12.11800       0.868159840319159049
12.11900       0.867985972754206969
12.12000       0.867808782919675004
12.12100       0.867628264743685040
12.12200       0.867444417334947038
12.12300       0.867257490794492991
12.12400       0.867068199795117955
12.12500       0.866876720911986975
12.12600       0.866682919555509024
12.12700       0.866486724463377045
12.12800       0.866288098698896003
12.12900       0.866087033971158049
12.13000       0.865883389204781029
12.13100       0.865676238267423015
12.13200       0.865464827185613017
12.13300       0.865249749059562978
12.13400       0.865031778406517016
12.13500       0.864811584095574015
12.13600       0.864589615671936040
12.13700       0.864366231143223973
12.13800       0.864141744490945052
12.13900       0.863916144479646042
12.14000       0.863688692342229003
12.14100       0.863458344762685015
12.14200       0.863224692965819052
12.14300       0.862988193501706968
12.14400       0.862749782625116035
12.14500       0.862510526869943006
12.14600       0.862271487443997953
12.14700       0.862033687432845031
12.14800       0.861797857844815995
12.14900       0.861564177054602975
12.15000       0.861332148867805958
12.15100       0.861100958813610040
12.15200       0.860870535274200988
12.15300       0.860641272263765966
12.15400       0.860413827461961045
12.15500       0.860189053586577046
12.15600       0.859967782727478980
12.15700       0.859750884689677974
12.15800       0.859539214489419945
12.15900       0.859332740431827946
12.16000       0.859130000270105998
12.16100       0.858930254649957980
12.16200       0.858733222218705960
12.16300       0.858538919803920053
12.16400       0.858347546308622977
12.16500       0.858159233853990955
12.16600       0.857974389835280959
12.16700       0.857793958964983005
12.16800       0.857618459862744986
12.16900       0.857447630864011989
12.17000       0.857281169166652979
12.17100       0.857118933203076971
12.17200       0.856961080050386959
12.17300       0.856807952419984975
12.17400       0.856659877703257022
12.17500       0.856516979629494024
12.17600       0.856379281610683996
12.17700       0.856247154518266052
12.17800       0.856121162401590974
12.17900       0.856001465535787043
12.18000       0.855887801858668973
12.18100       0.855779921361593976
12.18200       0.855677702562819054
12.18300       0.855580970239460004
12.18400       0.855489300459440050
12.18500       0.855402203479612044
12.18600       0.855319668504999964
12.18700       0.855242272951378002
12.18800       0.855170675529079993
12.18900       0.855105249987547000
12.19000       0.855045996501567984
12.19100       0.854992672942378018
12.19200       0.854944893912761961
12.19300       0.854902000142657048
12.19400       0.854863302704147010
12.19500       0.854828393338856962
12.19600       0.854797354410264054
12.19700       0.854770485363702037
12.19800       0.854748547570219008
12.19900       0.854731728704301030
12.20000       0.854719762859060039
12.20100       0.854712156360424968
12.20200       0.854708454957534003
12.20300       0.854708104657118994
12.20400       0.854710587860547988
12.20500       0.854715730900369008
12.20600       0.854723597995626028
12.20700       0.854734632746014023
12.20800       0.854748827323930982
12.20900       0.854765718317590961
12.21000       0.854784832783254012
12.21100       0.854805845574263978
12.21200       0.854828361872831954
12.21300       0.854852021512545024
12.21400       0.854876818851089015
12.21500       0.854902920962134050
12.21600       0.854930384085687001
12.21700       0.854958971710902960
12.21800       0.854988154253988997
12.21900       0.855017367573770004
12.22000       0.855046133654752016
12.22100       0.855073916615773033
12.22200       0.855100168848267006
12.22300       0.855124662200461017
12.22400       0.855147410063480051
12.22500       0.855168190174074971
12.22600       0.855186961874433993
12.22700       0.855204055368145033
12.22800       0.855220036178078957
12.22900       0.855235563740512017
12.23000       0.855251205546574966
12.23100       0.855267320049645008
12.23200       0.855283754704823984
12.23300       0.855300092266857992
12.23400       0.855316505539234995
12.23500       0.855333162912909950
12.23600       0.855350427533041024
12.23700       0.855368640138347014
12.23800       0.855388303066108024
12.23900       0.855410076611289982
12.24000       0.855434534167925031
12.24100       0.855461152302044003
12.24200       0.855488527053028025
12.24300       0.855517358001312012
12.24400       0.855548691503291048
12.24500       0.855583182227645955
12.24600       0.855621080806338030
12.24700       0.855662557145125957
12.24800       0.855708019590582958
12.24900       0.855757781112101990
12.25000       0.855811306754989953
12.25100       0.855867487613640954
12.25200       0.855926498411508030
12.25300       0.855989371615383021
12.25400       0.856056891769197970
12.25500       0.856129669812567995
12.25600       0.856208143973419045
12.25700       0.856292500881544960
12.25800       0.856382677505411971
12.25900       0.856477976851160006
12.26000       0.856577073726506044
12.26100       0.856679464516399980
12.26200       0.856785578053165020
12.26300       0.856895824886580004
12.26400       0.857010802618001999
12.26500       0.857131040294443980
12.26600       0.857256606280834998
12.26700       0.857387362444123946
12.26800       0.857523128548289049
12.26900       0.857663367787180997
12.27000       0.857807408037925989
12.27100       0.857954751678473015
12.27200       0.858105137621412051
12.27300       0.858258852724119947
12.27400       0.858415805845873958
12.27500       0.858575453870690009
12.27600       0.858737207493315946
12.27700       0.858900884868534997
12.27800       0.859067332411630025
12.27900       0.859236271311756949
12.28000       0.859406753363523013
12.28100       0.859578363740091000
12.28200       0.859751266143206960
12.28300       0.859925206623147975
12.28400       0.860099635485088054
12.28500       0.860274042643917047
12.28600       0.860448350286842967
12.28700       0.860623357253444965
12.28800       0.860799271403099975
12.28900       0.860975347577639050
12.29000       0.861150888933530978
12.29100       0.861325502614521010
12.29200       0.861498942716461991
12.29300       0.861671020136187016
12.29400       0.861841608565449002
12.29500       0.862010956873884959
12.29600       0.862180054713282962
12.29700       0.862349689120397001
12.29800       0.862519500560130048
12.29900       0.862688727248676956
12.30000       0.862856597570108019
12.30100       0.863022696683259039
12.30200       0.863186909032945038
12.30300       0.863349144878669983
12.30400       0.863509432394980014
12.30500       0.863668320225223995
12.30600       0.863826486052584053
12.30700       0.863984158141360981
12.30800       0.864141043345993953
12.30900       0.864296985425959008
12.31000       0.864452316438791946
12.31100       0.864607570174337980
12.31200       0.864763309118030010
12.31300       0.864919829670836027
12.31400       0.865076259171825956
12.31500       0.865232702126799036
12.31600       0.865390168247639036
12.31700       0.865548959677131968
12.31800       0.865709465684991963
12.31900       0.865872510591891964
12.32000       0.866039067397954998
12.32100       0.866210118017178954
12.32200       0.866386635157166962
12.32300       0.866569222239810033
12.32400       0.866757483486756963
12.32500       0.866950918152759042
12.32600       0.867148620709601969
12.32700       0.867349414373226990
12.32800       0.867552368811748020
12.32900       0.867756568106170967
12.33000       0.867961118771115037
12.33100       0.868165575120725008
12.33200       0.868370977390829024
12.33300       0.868578944655029050
12.33400       0.868788961048013952
12.33500       0.869000015861019048
12.33600       0.869211419222572945
12.33700       0.869422332802745945
12.33800       0.869631876155450012
12.33900       0.869839205668384019
12.34000       0.870043708568357999
12.34100       0.870246596384230964
12.34200       0.870449758214160041
12.34300       0.870652401084400007
12.34400       0.870853243219991024
12.34500       0.871051622781622958
12.34600       0.871246816124088053
12.34700       0.871438078464834009
12.34800       0.871624659703473026
12.34900       0.871805962272357959
12.35000       0.871983152169635956
12.35100       0.872157629617497987
12.35200       0.872329000780513009
12.35300       0.872496435194104025
12.35400       0.872659447179193970
12.35500       0.872817640868520983
12.35600       0.872970644398691986
12.35700       0.873118074686409007
12.35800       0.873259514888888977
12.35900       0.873394423112229035
12.36000       0.873522747497586960
12.36100       0.873645160315427050
12.36200       0.873762538939902966
12.36300       0.873875787265381954
12.36400       0.873985802731036987
12.36500       0.874093480733341033
12.36600       0.874199782242926049
12.36700       0.874305518879264998
12.36800       0.874410745306640980
12.36900       0.874514473350033961
12.37000       0.874616660162252035
12.37100       0.874717957925762013
12.37200       0.874817777849868028
12.37300       0.874915299445797046
12.37400       0.875009706368249041
12.37500       0.875100160843755970
12.37600       0.875185860745061994
12.37700       0.875266182152885985
12.37800       0.875340799693149041
12.37900       0.875409453391854053
12.38000       0.875472351309329988
12.38100       0.875529803661251993
12.38200       0.875582074538683974
12.38300       0.875629410673737008
12.38400       0.875672077703417040
12.38500       0.875710353689196030
12.38600       0.875744885962250974
12.38700       0.875776261943999046
12.38800       0.875803801190549014
12.38900       0.875826570064497045
12.39000       0.875844546233131016
12.39100       0.875858152036539050
12.39200       0.875867879455034970
12.39300       0.875874236470498002
12.39400       0.875877731750194011
12.39500       0.875879162256994026
12.39600       0.875879093674978959
12.39700       0.875876829895756992
12.39800       0.875871334660921042
12.39900       0.875862552280966988
12.40000       0.875850958801466017
12.40100       0.875837097012978960
12.40200       0.875821509967258049
12.40300       0.875804721581427970
12.40400       0.875787185435241033
12.40500       0.875768974319898974
12.40600       0.875749436217301946
12.40700       0.875727798264910984
12.40800       0.875704675795746956
12.40900       0.875681104070346050
12.41000       0.875658116233390960
12.41100       0.875636750667926012
12.41200       0.875618040298865030
12.41300       0.875602905461935976
12.41400       0.875591784291753994
12.41500       0.875584505802775026
12.41600       0.875580503752257044
12.41700       0.875579129353156960
12.41800       0.875579787806376020
12.41900       0.875581891303741977
12.42000       0.875584856884364049
12.42100       0.875588106830160973
12.42200       0.875591278209629009
12.42300       0.875594556861530982
12.42400       0.875598450100349979
12.42500       0.875603277876862984
12.42600       0.875608860612909989
12.42700       0.875614726094127049
12.42800       0.875620332455187000
12.42900       0.875625139356407955
12.43000       0.875628622092837983
12.43100       0.875630259656942966
12.43200       0.875629767664349967
12.43300       0.875627397263385010
12.43400       0.875623710002316979
12.43500       0.875619122249578052
12.43600       0.875613820257616027
12.43700       0.875607909188506950
12.43800       0.875601514564325001
12.43900       0.875594708519384035
12.44000       0.875587299101936001
12.44100       0.875578666276663031
12.44200       0.875568669621747953
12.44300       0.875557809732642967
12.44400       0.875546491279767025
12.44500       0.875534841789518015
12.44600       0.875522977057822005
12.44700       0.875510982836755991
12.44800       0.875498979516916020
12.44900       0.875486706746488985
12.45000       0.875474192643475035
12.45100       0.875462739477384955
12.45200       0.875452012764183052
12.45300       0.875441375642778019
12.45400       0.875429929051026012
12.45500       0.875416742660861003
12.45600       0.875400919539320976
12.45700       0.875381370816925020
12.45800       0.875356360404304978
12.45900       0.875324560373515026
12.46000       0.875286441866542031
12.46100       0.875242630748440997
12.46200       0.875194412419305956
12.46300       0.875143894931657007
12.46400       0.875093402829133948
12.46500       0.875045256466724042
12.46600       0.875001582001687983
12.46700       0.874963498023018982
12.46800       0.874930272756203053
12.46900       0.874900359179314968
12.47000       0.874873207620694981
12.47100       0.874849275172004948
12.47200       0.874829638894486949
12.47300       0.874815695261750959
12.47400       0.874808831072645954
12.47500       0.874810685901010965
12.47600       0.874823514714845984
12.47700       0.874847943930433969
12.47800       0.874880788607368953
12.47900       0.874921179124545034
12.48000       0.874969440741714011
12.48100       0.875024706860362045
12.48200       0.875085729185582029
12.48300       0.875151310363228019
12.48400       0.875220894541013039
12.48500       0.875296365808317045
12.48600       0.875379252372146976
12.48700       0.875463529946319041
12.48800       0.875549781529979976
12.48900       0.875639934988296953
12.49000       0.875733148031101027
12.49100       0.875828166285841037
12.49200       0.875923770956966052
12.49300       0.876019940102141015
12.49400       0.876119091804890004
12.49500       0.876222245961279955
12.49600       0.876327092433445975
12.49700       0.876432800245519950
12.49800       0.876539078893969981
12.49900       0.876643693674533986
12.50000       0.876743547800047041
12.50100       0.876835638357249980
12.50200       0.876917748436705002
12.50300       0.876989215623564022
12.50400       0.877050862473729986
12.50500       0.877104839923090962
12.50600       0.877152302129935002
12.50700       0.877192435391939029
12.50800       0.877223408816789951
12.50900       0.877242795733373049
12.51000       0.877248016130599995
12.51100       0.877235793822174981
12.51200       0.877202245374043010
12.51300       0.877145228268089050
12.51400       0.877065159532565031
12.51500       0.876963310354998971
12.51600       0.876841791799729986
12.51700       0.876705151088456036
12.51800       0.876559197372369980
12.51900       0.876409695034762959
12.52000       0.876261807785584046
12.52100       0.876119310089674030
12.52200       0.875984914671295023
12.52300       0.875854919552728983
12.52400       0.875727279037688988
12.52500       0.875601216960046003
12.52600       0.875476449954271985
12.52700       0.875352851361190010
12.52800       0.875230581830093946
12.52900       0.875111184356249017
12.53000       0.874996680571932028
12.53100       0.874886892543139005
12.53200       0.874775644672117991
12.53300       0.874661347176959980
12.53400       0.874547025858504967
12.53500       0.874433795603355990
12.53600       0.874321301724473976
12.53700       0.874209493806387017
12.53800       0.874099703244711979
12.53900       0.873993248384311028
12.54000       0.873889258452245965
12.54100       0.873783612397402987
12.54200       0.873673938501132952
12.54300       0.873562307887480016
12.54400       0.873450061251784038
12.54500       0.873336405614168032
12.54600       0.873220672817341947
12.54700       0.873103129326724958
12.54800       0.872984410379384013
12.54900       0.872864526482243996
12.55000       0.872743844034583049
12.55100       0.872623255486511984
12.55200       0.872503152537487003
12.55300       0.872381651168012029
12.55400       0.872254614227531033
12.55500       0.872117432319030050
12.55600       0.871964985030651007
12.55700       0.871792737151742991
12.55800       0.871597372565892980
12.55900       0.871379571143713005
12.56000       0.871142217228943028
12.56100       0.870887829874406050
12.56200       0.870618750498417970
12.56300       0.870337212616144051
12.56400       0.870044918244011978
12.56500       0.869742674549888961
12.56600       0.869430998761205998
12.56700       0.869110436592463009
12.56800       0.868780335393768977
12.56900       0.868439021296739000
12.57000       0.868084899688358003
12.57100       0.867717917320649956
12.57200       0.867339203495874012
12.57300       0.866950925392756977
12.57400       0.866555671060531996
12.57500       0.866155538550610005
12.57600       0.865751763204070990
12.57700       0.865343681567527945
12.57800       0.864929296712303008
12.57900       0.864507493512366998
12.58000       0.864078088504562025
12.58100       0.863641296236351996
12.58200       0.863198163674778973
12.58300       0.862750358720948962
12.58400       0.862298667374802985
12.58500       0.861843047841543974
12.58600       0.861382203337056951
12.58700       0.860913714736900038
12.58800       0.860436937340577024
12.58900       0.859952647689217975
12.59000       0.859461275549854964
12.59100       0.858964014858584979
12.59200       0.858462555801170035
12.59300       0.857957499486606046
12.59400       0.857448889446874030
12.59500       0.856934694844433964
12.59600       0.856411586562817018
12.59700       0.855879317388579031
12.59800       0.855339476389732956
12.59900       0.854793565923580023
12.60000       0.854243530245021976
12.60100       0.853691519355669004
12.60200       0.853139465751205028
12.60300       0.852589121920904969
12.60400       0.852041162459551971
12.60500       0.851495137937347990
12.60600       0.850950853390101014
12.60700       0.850407750938853013
12.60800       0.849864065232163957
12.60900       0.849317379802267958
12.61000       0.848765559722121976
12.61100       0.848207001188489018
12.61200       0.847640410448162962
12.61300       0.847066467396655032
12.61400       0.846489313684640976
12.61500       0.845912727727469949
12.61600       0.845336139735706982
12.61700       0.844755755776032013
12.61800       0.844166054118947962
12.61900       0.843561945500738042
12.62000       0.842939333177411987
12.62100       0.842294565444360988
12.62200       0.841626194920640947
12.62300       0.840937733038188973
12.62400       0.840232308979636966
12.62500       0.839508063350647982
12.62600       0.838764240876590961
12.62700       0.837999468916959978
12.62800       0.837212996583935998
12.62900       0.836404989765998974
12.63000       0.835575737443961963
12.63100       0.834728300241298959
12.63200       0.833868643883928007
12.63300       0.832997308040179019
12.63400       0.832109329032533984
12.63500       0.831202661018984990
12.63600       0.830276458161909980
12.63700       0.829330443062210043
12.63800       0.828364814694793949
12.63900       0.827379914491172985
12.64000       0.826377492849864947
12.64100       0.825360399713798043
12.64200       0.824328069581367950
12.64300       0.823278701892232956
12.64400       0.822214362564846035
12.64500       0.821138592214531005
12.64600       0.820052728104050055
12.64700       0.818956339448441040
12.64800       0.817848587203771960
12.64900       0.816727195127012973
12.65000       0.815585384775544986
12.65100       0.814414583118798996
12.65200       0.813212402377416987
12.65300       0.811983755902145998
12.65400       0.810738512829885960
12.65500       0.809486970267332961
12.65600       0.808239089661199950
12.65700       0.807004808088075953
12.65800       0.805794026621362014
12.65900       0.804612514646625976
12.66000       0.803460073885917003
12.66100       0.802334548520817981
12.66200       0.801225941015885956
12.66300       0.800122263374178022
12.66400       0.799018697447417048
12.66500       0.797911096116002971
12.66600       0.796795008451744002
12.66700       0.795667388095307015
12.66800       0.794532237931149021
12.66900       0.793401715014363962
12.67000       0.792278494633148034
12.67100       0.791155643614107951
12.67200       0.790024645697767980
12.67300       0.788882419373481025
12.67400       0.787726985503620969
12.67500       0.786556441768521020
12.67600       0.785370493181669960
12.67700       0.784174602820676969
12.67800       0.782974998961249002
12.67900       0.781769424965041981
12.68000       0.780551749877302026
12.68100       0.779319125848099037
12.68200       0.778073023550566956
12.68300       0.776816386533020986
12.68400       0.775552251105370960
12.68500       0.774284960913646958
12.68600       0.773022934612797030
12.68700       0.771773417468849976
12.68800       0.770533857263709043
12.68900       0.769299458781766976
12.69000       0.768067166094512976
12.69100       0.766833971820111038
12.69200       0.765596755574501020
12.69300       0.764352407653613009
12.69400       0.763097787255552995
12.69500       0.761829337458597045
12.69600       0.760541531166413987
12.69700       0.759231166699947946
12.69800       0.757907152113511007
12.69900       0.756578244199974992
12.70000       0.755251875349692958
12.70100       0.753935714533942036
12.70200       0.752636988949263008
12.70300       0.751362329326883960
12.70400       0.750114439685610979
12.70500       0.748882433166449979
12.70600       0.747657209775339004
12.70700       0.746437130086170963
12.70800       0.745227425629823026
12.70900       0.744034511667172049
12.71000       0.742864860623438039
12.71100       0.741724945042329997
12.71200       0.740621375456802955
12.71300       0.739561702905787044
12.71400       0.738552633329012997
12.71500       0.737592933511265980
12.71600       0.736674393046491960
12.71700       0.735789043936577958
12.71800       0.734930425644547025
12.71900       0.734092250925599044
12.72000       0.733268238286907015
12.72100       0.732452595857200017
12.72200       0.731643456598540021
12.72300       0.730844405274694964
12.72400       0.730057114991265022
12.72500       0.729279990949174950
12.72600       0.728512712154728015
12.72700       0.727756129121449047
12.72800       0.727011225462112054
12.72900       0.726278990903132970
12.73000       0.725560672793637007
12.73100       0.724859645425170007
12.73200       0.724183870739687041
12.73300       0.723528285176322949
12.73400       0.722886678901245028
12.73500       0.722258252109668986
12.73600       0.721643732231826984
12.73700       0.721044279320354975
12.73800       0.720460392488762036
12.73900       0.719893277543745991
12.74000       0.719345246638667946
12.74100       0.718827512864092966
12.74200       0.718338900906888012
12.74300       0.717872174995358048
12.74400       0.717423259358691001
12.74500       0.716988897757042998
12.74600       0.716565891553848977
12.74700       0.716151054382716978
12.74800       0.715741332155467980
12.74900       0.715335279329907037
12.75000       0.714935999541258971
12.75100       0.714544997687327044
12.75200       0.714161651388769969
12.75300       0.713786569153997963
12.75400       0.713421485508644038
12.75500       0.713068270277339988
12.75600       0.712728785788285024
12.75700       0.712404826504759003
12.75800       0.712096782119703953
12.75900       0.711800501200275049
12.76000       0.711508973533400035
12.76100       0.711220968393024955
12.76200       0.710943494308745039
12.76300       0.710686552642948000
12.76400       0.710460416049944032
12.76500       0.710275314193063001
12.76600       0.710141330822895989
12.76700       0.710066706730499986
12.76800       0.710049983130729978
12.76900       0.710081333829030048
12.77000       0.710156359502188028
12.77100       0.710277672586256958
12.77200       0.710450314982553954
12.77300       0.710679736605535961
12.77400       0.710970151442256948
12.77500       0.711326082326373954
12.77600       0.711751385002223014
12.77700       0.712238617653998984
12.77800       0.712790847933778005
12.77900       0.713414359216935967
12.78000       0.714109281563850007
12.78100       0.714872854789294965
12.78200       0.715701926074312045
12.78300       0.716593426838274983
12.78400       0.717544969160467949
12.78500       0.718544774731372016
12.78600       0.719564334463428046
12.78700       0.720605249240770962
12.78800       0.721692532527926978
12.78900       0.722844480536530054
12.79000       0.724072365430750042
12.79100       0.725386591277895953
12.79200       0.726797613699168954
12.79300       0.728315321597201026
12.79400       0.729947673999483015
12.79500       0.731704356651810994
12.79600       0.733596604315013945
12.79700       0.735617716931272980
12.79800       0.737734948212392050
12.79900       0.739906936833403028
12.80000       0.742090962756180028
12.80100       0.744244209644993049
12.80200       0.746326521642991958
12.80300       0.748317296447701952
12.80400       0.750230247944539963
12.80500       0.752099386624478949
12.80600       0.753939168692842054
12.80700       0.755733923294335974
12.80800       0.757458563383024974
12.80900       0.759087151951799988
12.81000       0.760595197987796956
12.81100       0.761958502814426009
12.81200       0.763185540644064964
12.81300       0.764280807070883972
12.81400       0.765205997366784962
12.81500       0.765944241363821998
12.81600       0.766511497619010052
12.81700       0.766934627371257949
12.81800       0.767242180369064997
12.81900       0.767462677550843964
12.82000       0.767629383100051021
12.82100       0.767804025477780039
12.82200       0.768024878373444020
12.82300       0.768249565331139972
12.82400       0.768431648303298021
12.82500       0.768561388886143004
12.82600       0.768639763307462975
12.82700       0.768671180193768011
12.82800       0.768659049316979037
12.82900       0.768610203167640949
12.83000       0.768539560651905984
12.83100       0.768453171761270037
12.83200       0.768337179961473993
12.83300       0.768194999295536030
12.83400       0.768051771289563034
12.83500       0.767919448814962990
12.83600       0.767808005114497982
12.83700       0.767726611569070960
12.83800       0.767678109462401004
12.83900       0.767650711448244039
12.84000       0.767619448131693027
12.84100       0.767563225631377022
12.84200       0.767501112884440007
12.84300       0.767469172906424024
12.84400       0.767480921503865043
12.84500       0.767546386263997960
12.84600       0.767674762771996977
12.84700       0.767872644014229055
12.84800       0.768136926304764045
12.84900       0.768455741918725010
12.85000       0.768829585212581046
12.85100       0.769270882737759010
12.85200       0.769772257635107038
12.85300       0.770304949314137954
12.85400       0.770835992027626982
12.85500       0.771333017258703957
12.85600       0.771770178096185977
12.85700       0.772129749665493970
12.85800       0.772396922289371957
12.85900       0.772592019647161954
12.86000       0.772749566652116027
12.86100       0.772870329554310009
12.86200       0.772927302292801044
12.86300       0.772886950189098032
12.86400       0.772716569589917968
12.86500       0.772389960256131047
12.86600       0.771887805410771954
12.86700       0.771190293337884025
12.86800       0.770296540300536958
12.86900       0.769239315431551995
12.87000       0.768021272251334985
12.87100       0.766625621531332957
12.87200       0.765033593668484002
12.87300       0.763229153158093032
12.87400       0.761206572305206053
12.87500       0.758967774950853991
12.87600       0.756503934420848956
12.87700       0.753805394548245022
12.87800       0.750862039616222998
12.87900       0.747648883293549948
12.88000       0.744157549904258975
12.88100       0.740384127714194040
12.88200       0.736334386078177028
12.88300       0.732032241191148958
12.88400       0.727508666551941019
12.88500       0.722773669993102996
12.88600       0.717828442039604053
12.88700       0.712642654976888945
12.88800       0.707175519673058028
12.88900       0.701414431549110984
12.89000       0.695355204461534981
12.89100       0.688990526017747018
12.89200       0.682316412088753044
12.89300       0.675348513376860971
12.89400       0.668119110793071957
12.89500       0.660650251536594957
12.89600       0.652940127451926977
12.89700       0.645000311460976028
12.89800       0.636877276506310985
12.89900       0.628627201134505986
12.90000       0.620286972230332023
12.90100       0.611857608494090988
12.90200       0.603342105227766989
12.90300       0.594783099860408004
12.90400       0.586204212141253955
12.90500       0.577578628887593037
12.90600       0.568900969580624971
12.90700       0.560223945283511049
12.90800       0.551607022739986963
12.90900       0.543089173484417986
12.91000       0.534662228258326988
12.91100       0.526329248959228946
12.91200       0.518145815045158997
12.91300       0.510168275962769036
12.91400       0.502420590057540029
12.91500       0.494878969171822003
12.91600       0.487552167794433000
12.91700       0.480444075482552024
12.91800       0.473529661676891978
12.91900       0.466738346142520022
12.92000       0.460041550326962978
12.92100       0.453446123344918017
12.92200       0.446997706112937987
12.92300       0.440789864366451012
12.92400       0.434868685850900993
12.92500       0.429226211106921995
12.92600       0.423841487211574997
12.92700       0.418679512985335012
12.92800       0.413683108536921973
12.92900       0.408788159579402011
12.93000       0.403933616450543986
12.93100       0.399092350022221987
12.93200       0.394283643066970002
12.93300       0.389521737826967973
12.93400       0.384790974808516983
12.93500       0.380069791038003979
12.93600       0.375356244437220987
12.93700       0.370659437722203000
12.93800       0.365967935362376984
12.93900       0.361257434272530986
12.94000       0.356524215469753991
12.94100       0.351788722430449008
12.94200       0.347028791361999989
12.94300       0.342212441102745013
12.94400       0.337314716133776005
12.94500       0.332322124620275994
12.94600       0.327231723546631992
12.94700       0.322036645339565997
12.94800       0.316727259926067983
12.94900       0.311297954337106997
12.95000       0.305766121442359984
12.95100       0.300112452426120002
12.95200       0.294351183263160010
12.95300       0.288509667575112982
12.95400       0.282599912077869997
12.95500       0.276637427253547008
12.95600       0.270645553230281000
12.95700       0.264649028243439999
12.95800       0.258661909422969016
12.95900       0.252656604926641992
12.96000       0.246602780873430988
12.96100       0.240516103271644993
12.96200       0.234424476465279003
12.96300       0.228349347839553990
12.96400       0.222315751171705989
12.96500       0.216354249724730996
12.96600       0.210496250491999992
12.96700       0.204761096126829995
12.96800       0.199136855501932997
12.96900       0.193599276154615002
12.97000       0.188145594436364000
12.97100       0.182785292071698996
12.97200       0.177523969786577002
12.97300       0.172370705774965993
12.97400       0.167340827696846994
12.97500       0.162450691957892995
12.97600       0.157712262567002992
12.97700       0.153127852836818013
12.97800       0.148697933434227991
12.97900       0.144424074079025994
12.98000       0.140303240242729998
12.98100       0.136326997106913012
12.98200       0.132489025975460001
12.98300       0.128786492355430993
12.98400       0.125217257765769002
12.98500       0.121778205052350999
12.98600       0.118458350222070005
12.98700       0.115271430562686003
12.98800       0.112227918498306004
12.98900       0.109329938820565006
12.99000       0.106578647333420998
12.99100       0.103967932336650998
12.99200       0.101488533136432996
12.99300       0.099132273166084403
12.99400       0.096888879659285707
12.99500       0.094742208512304402
12.99600       0.092695351589572497
12.99700       0.090748514810350400
12.99800       0.088901609226898201
12.99900       0.087110490257824594
13.00000       0.085385460073066397
13.00100       0.083743496632994394
13.00200       0.082177710393537495
13.00300       0.080676273892059697
13.00400       0.079236424793997201
13.00500       0.077864216274686995
13.00600       0.076558611068037394
13.00700       0.075314391303795206
13.00800       0.074124529980121395
13.00900       0.072972561232360206
13.01000       0.071837985663288306
13.01100       0.070701320306122598
13.01200       0.069545973893372803
13.01300       0.068366476080607100
13.01400       0.067175199185598403
13.01500       0.065986022111077999
13.01600       0.064805199136648298
13.01700       0.063634245011195703
13.01800       0.062466538915840503
13.01900       0.061292201284675898
13.02000       0.060101559508284601
13.02100       0.058884909913073699
13.02200       0.057630369357717398
13.02300       0.056329992049558797
13.02400       0.054988678089216599
13.02500       0.053617664191101297
13.02600       0.052229580195010797
13.02700       0.050836637452629702
13.02800       0.049450377416331300
13.02900       0.048081703811877902
13.03000       0.046740673561959802
13.03100       0.045430506472104802
13.03200       0.044139409138775697
13.03300       0.042860695077163100
13.03400       0.041595911438665902
13.03500       0.040352332718388298
13.03600       0.039139346393151100
13.03700       0.037966009906538603
13.03800       0.036841078882076800
13.03900       0.035772442201052398
13.04000       0.034764217489829698
13.04100       0.033813991005002798
13.04200       0.032917456520983997
13.04300       0.032071477441959900
13.04400       0.031272603380079603
13.04500       0.030517263143641699
13.04600       0.029802036482330201
13.04700       0.029123553405373301
13.04800       0.028478438530273199
13.04900       0.027863901908590401
13.05000       0.027280180778403999
13.05100       0.026730858159020900
13.05200       0.026217317081475702
13.05300       0.025736755294870399
13.05400       0.025285157355516400
13.05500       0.024858566862540999
13.05600       0.024453091204903500
13.05700       0.024064949237392799
13.05800       0.023691876346069000
13.05900       0.023338203270877302
13.06000       0.023009488051402901
13.06100       0.022704617794883801
13.06200       0.022418628746683201
13.06300       0.022146031135205298
13.06400       0.021881425622309901
13.06500       0.021619511442077400
13.06600       0.021355114972540602
13.06700       0.021084936629851999
13.06800       0.020813167780361099
13.06900       0.020546516548213000
13.07000       0.020286249694810202
13.07100       0.020029873221330000
13.07200       0.019774177546183901
13.07300       0.019515922946081999
13.07400       0.019251866965186000
13.07500       0.018978779613981499
13.07600       0.018693538272938098
13.07700       0.018393783092146301
13.07800       0.018080374298713200
13.07900       0.017756384221380400
13.08000       0.017425038862525000
13.08100       0.017089567086750398
13.08200       0.016753135357267201
13.08300       0.016418817316916200
13.08400       0.016089523372891702
13.08500       0.015767220117945499
13.08600       0.015450883019592999
13.08700       0.015136533485313700
13.08800       0.014822522043394799
13.08900       0.014510902015471699
13.09000       0.014203748586197700
13.09100       0.013903113905151501
13.09200       0.013611025643499799
13.09300       0.013329468649354101
13.09400       0.013060224540652600
13.09500       0.012803841359422899
13.09600       0.012558970013798000
13.09700       0.012324166242331500
13.09800       0.012098716668657300
13.09900       0.011881904916717400
13.10000       0.011673018077346300
13.10100       0.011471353010596499
13.10200       0.011276199755147201
13.10300       0.011087026205448301
13.10400       0.010904124395814100
13.10500       0.010728554735564900
13.10600       0.010560592876013099
13.10700       0.010399587346395100
13.10800       0.010244673620783700
13.10900       0.010094994641685300
13.11000       0.009949702548741829
13.11100       0.009807951996451790
13.11200       0.009669123032402640
13.11300       0.009533632821766110
13.11400       0.009402787348943731
13.11500       0.009277051053169229
13.11600       0.009155647417266270
13.11700       0.009037636513212771
13.11800       0.008922088382420149
13.11900       0.008808083079527180
13.12000       0.008694667527537669
13.12100       0.008581092847003150
13.12200       0.008467423753192980
13.12300       0.008354951418803490
13.12400       0.008244600397014469
13.12500       0.008135827788164910
13.12600       0.008028010160227250
13.12700       0.007920515309699280
13.12800       0.007812719198701860
13.12900       0.007703992054334030
13.13000       0.007593690347250660
13.13100       0.007481200424064750
13.13200       0.007366421053394360
13.13300       0.007249945269458100
13.13400       0.007132407484023990
13.13500       0.007014425679797710
13.13600       0.006896602818940780
13.13700       0.006779534363164920
13.13800       0.006663812643187050
13.13900       0.006549922207285340
13.14000       0.006437823733539630
13.14100       0.006326816359693230
13.14200       0.006216424303352670
13.14300       0.006106811354334330
13.14400       0.005998351605423390
13.14500       0.005891436127149370
13.14600       0.005786457254336690
13.14700       0.005683803940254690
13.14800       0.005583854269711970
13.14900       0.005486814086970160
13.15000       0.005392548592619840
13.15100       0.005300776424413960
13.15200       0.005211317843973880
13.15300       0.005124045749848040
13.15400       0.005038836097975620
13.15500       0.004955566807468340
13.15600       0.004874116097405290
13.15700       0.004794384175112800
13.15800       0.004716356117796310
13.15900       0.004640159211865890
13.16000       0.004565961882188610
13.16100       0.004493701824389570
13.16200       0.004423200435595080
13.16300       0.004354300928664180
13.16400       0.004286864545769430
13.16500       0.004220738883453870
13.16600       0.004155810734743140
13.16700       0.004092063231973420
13.16800       0.004029658970087890
13.16900       0.003968791927149940
13.17000       0.003909360834051580
13.17100       0.003851213785321720
13.17200       0.003794197158549340
13.17300       0.003738157948638850
13.17400       0.003682951073796790
13.17500       0.003628440334469520
13.17600       0.003574583400415170
13.17700       0.003521537725653110
13.17800       0.003469476770674660
13.17900       0.003418390610542610
13.18000       0.003368181636972280
13.18100       0.003318737737710520
13.18200       0.003269946458284600
13.18300       0.003221689717423430
13.18400       0.003173837913121650
13.18500       0.003126259196289280
13.18600       0.003078856714098020
13.18700       0.003031636407244910
13.18800       0.002984717253088800
13.18900       0.002938269098751720
13.19000       0.002892471138163490
13.19100       0.002847501615178770
13.19200       0.002803537643933480
13.19300       0.002760752019403400
13.19400       0.002719262948375540
13.19500       0.002679005641905930
13.19600       0.002639776063148800
13.19700       0.002601520686652430
13.19800       0.002564275339658360
13.19900       0.002528081195276590
13.20000       0.002492991196691110
13.20100       0.002459055711064080
13.20200       0.002426345136819440
13.20300       0.002394963478427440
13.20400       0.002364941872467160
13.20500       0.002336319877182190
13.20600       0.002309008625113910
13.20700       0.002282894558456090
13.20800       0.002257866606716840
13.20900       0.002233811334789230
13.21000       0.002210616375904140
13.21100       0.002188179909662300
13.21200       0.002166438486319920
13.21300       0.002145478719528750
13.21400       0.002125458188434350
13.21500       0.002106396587436580
13.21600       0.002088206797426770
13.21700       0.002070777128726890
13.21800       0.002053995719547920
13.21900       0.002037754840165130
13.22000       0.002021951982385810
13.22100       0.002006526755826470
13.22200       0.001991545647470890
13.22300       0.001977152763041220
13.22400       0.001963390664605910
13.22500       0.001950177106587150
13.22600       0.001937402420054940
13.22700       0.001924960323743560
13.22800       0.001912738726421890
13.22900       0.001900623834530350
13.23000       0.001888542429706990
13.23100       0.001876557019420770
13.23200       0.001864835257105730
13.23300       0.001853435418205120
13.23400       0.001842285014765800
13.23500       0.001831282052179360
13.23600       0.001820323786018870
13.23700       0.001809302230530970
13.23800       0.001798100374126590
13.23900       0.001786607351070030
13.24000       0.001774752688430330
13.24100       0.001762551980379810
13.24200       0.001750086985149170
13.24300       0.001737440576470100
13.24400       0.001724690223949170
13.24500       0.001711923237136480
13.24600       0.001699229070676410
13.24700       0.001686685572930450
13.24800       0.001674366515558690
13.24900       0.001662242545762780
13.25000       0.001650192275079040
