# author : Oliver Czoske
# source : E-LIS-MPIA-MET-1208_1-0
# date_created : 2025-02-12
# date_modified : 2025-02-12
# status : Measurement
# type : filter:transmission
# wavelength_unit : um
# center : 3.945
# comment : Br_alpha_ref filter, built by Materion, procured by MPIA
# changes :
#
wavelength  transmission
2.000       0.000107382751084502
2.001       0.000108734471080424
2.002       0.000102415049625825
2.003       0.000104484717255063
2.004       0.000118691473970842
2.005       0.000123691887391773
2.006       0.000095191643562774
2.007       0.000074981454111625
2.008       0.000085978291766556
2.009       0.000146470793763148
2.010       0.000233313934653201
2.011       0.000315131647221106
2.012       0.000415797415592278
2.013       0.000538666127679388
2.014       0.000653066021820470
2.015       0.000796908858904238
2.016       0.000898917817624328
2.017       0.000820710990744766
2.018       0.000446405888084811
2.019       0.000309649423943237
2.020       0.000201344968005751
2.021       0.000117120047404828
2.022       0.000064710761511794
2.023       0.000076780187815859
2.024       0.000112738904365056
2.025       0.000137010861650355
2.026       0.000160512225485895
2.027       0.000204944178917643
2.028       0.000306398895732363
2.029       0.000387820589820009
2.030       0.000552201508902173
2.031       0.000763828593350883
2.032       0.000774229463238241
2.033       0.000609556140668266
2.034       0.000462460413908072
2.035       0.000356997212771965
2.036       0.000297165224071208
2.037       0.000335652950737786
2.038       0.000382796284395401
2.039       0.000416123821991871
2.040       0.000400770137846174
2.041       0.000271244543664895
2.042       0.000186215035571757
2.043       0.000181224599209912
2.044       0.000276971750379829
2.045       0.000476292592574534
2.046       0.000673888027658432
2.047       0.000680450722421733
2.048       0.000554057752185366
2.049       0.000383748572361869
2.050       0.000334939268132897
2.051       0.000288779262280367
2.052       0.000306601053981226
2.053       0.000379390416319791
2.054       0.000467642864247803
2.055       0.000379441938999969
2.056       0.000245627519080610
2.057       0.000150777012396339
2.058       0.000118493285586233
2.059       0.000129498038985237
2.060       0.000148623406464043
2.061       0.000207306964480847
2.062       0.000305248385239015
2.063       0.000411232950871060
2.064       0.000322119595131065
2.065       0.000199835139857690
2.066       0.000123151962734019
2.067       0.000100273846310766
2.068       0.000089201315839825
2.069       0.000082623499001632
2.070       0.000072433787518799
2.071       0.000065996337194292
2.072       0.000070668413603994
2.073       0.000091345829347708
2.074       0.000134216953312574
2.075       0.000177896987835366
2.076       0.000230688014886488
2.077       0.000321038704352267
2.078       0.000380356800234009
2.079       0.000384786808976412
2.080       0.000420695034988705
2.081       0.000542309629637860
2.082       0.000642917624161993
2.083       0.000561845319985599
2.084       0.000411520975973190
2.085       0.000266775637696656
2.086       0.000213405846135162
2.087       0.000333172481417315
2.088       0.000390252844869814
2.089       0.000366822822645524
2.090       0.000276777763328781
2.091       0.000218380846559285
2.092       0.000178895160715314
2.093       0.000142387018462337
2.094       0.000105316357468313
2.095       0.000071381655145100
2.096       0.000112752131934013
2.097       0.000165340949382031
2.098       0.000210635338835308
2.099       0.000232321507339713
2.100       0.000210763313608642
2.101       0.000244107843990871
2.102       0.000326457472745040
2.103       0.000385232733982749
2.104       0.000306959796571193
2.105       0.000225159624294882
2.106       0.000179383181551276
2.107       0.000182520552107518
2.108       0.000230607562533042
2.109       0.000274600514502982
2.110       0.000318187185223140
2.111       0.000503829213833629
2.112       0.000750022996055533
2.113       0.000869265764627980
2.114       0.000609676935124481
2.115       0.000346694177352946
2.116       0.000215284828083695
2.117       0.000264266606417679
2.118       0.000353749803487478
2.119       0.000325997536759298
2.120       0.000260724913508287
2.121       0.000195778810419114
2.122       0.000164884559199635
2.123       0.000197459482269721
2.124       0.000224046697221324
2.125       0.000225246726540243
2.126       0.000190067769852836
2.127       0.000119531592500638
2.128       0.000080227362424631
2.129       0.000068583389787505
2.130       0.000082512711206142
2.131       0.000123636826016682
2.132       0.000293942088027577
2.133       0.000662428310498231
2.134       0.001043767080772640
2.135       0.001243015787840810
2.136       0.000937947629280567
2.137       0.000600356168913962
2.138       0.000483845539914068
2.139       0.000557374252162623
2.140       0.000700053725114530
2.141       0.000612525842116740
2.142       0.000470037806941687
2.143       0.000363558667857061
2.144       0.000324972769663243
2.145       0.000307159568491096
2.146       0.000303687305982115
2.147       0.000311679228277344
2.148       0.000283359125034743
2.149       0.000178587551045835
2.150       0.000207509598852906
2.151       0.000356031799748219
2.152       0.000444613939191749
2.153       0.000398553174639660
2.154       0.000254267687705284
2.155       0.000198927086958470
2.156       0.000173396747877655
2.157       0.000143712700203275
2.158       0.000084409610431088
2.159       0.000050174276103765
2.160       0.000052146109505033
2.161       0.000076593967256379
2.162       0.000104232640099341
2.163       0.000099096947384818
2.164       0.000103745568125625
2.165       0.000129876007880690
2.166       0.000150040604163851
2.167       0.000136554705505415
2.168       0.000119322437100014
2.169       0.000133395775091164
2.170       0.000131629566836974
2.171       0.000129240924226698
2.172       0.000217266702983165
2.173       0.000383030157501296
2.174       0.000505120830703809
2.175       0.000568251360265263
2.176       0.000564343971028614
2.177       0.000436572558251011
2.178       0.000400112511434098
2.179       0.000481322877534607
2.180       0.000637322651775907
2.181       0.000736904127615302
2.182       0.000741769731490774
2.183       0.000687268706198979
2.184       0.000573969137553476
2.185       0.000411377572060556
2.186       0.000272336385955196
2.187       0.000188504808951509
2.188       0.000135280147036232
2.189       0.000100763840991724
2.190       0.000076619177179542
2.191       0.000049380108051236
2.192       0.000029542260172218
2.193       0.000021649741344042
2.194       0.000027494987151384
2.195       0.000039271441986143
2.196       0.000057437125260740
2.197       0.000100868868607412
2.198       0.000175256455901357
2.199       0.000277693183661276
2.200       0.000361287849739357
2.201       0.000388526117297042
2.202       0.000390808920067039
2.203       0.000395936368781565
2.204       0.000395596157439945
2.205       0.000387413981774873
2.206       0.000406581051674626
2.207       0.000476865941214766
2.208       0.000609763033447508
2.209       0.000421702304575000
2.210       0.000214485005295084
2.211       0.000075771700060331
2.212       0.000049431657564446
2.213       0.000063530161289044
2.214       0.000104444716702998
2.215       0.000146178733784363
2.216       0.000173916740735142
2.217       0.000178599838912885
2.218       0.000295474917144711
2.219       0.000375398222995387
2.220       0.000379165404085197
2.221       0.000299236352895110
2.222       0.000215925855473559
2.223       0.000145532520966274
2.224       0.000102675516653841
2.225       0.000086391117635587
2.226       0.000087411511528079
2.227       0.000097914658983803
2.228       0.000131238637136100
2.229       0.000143766769739359
2.230       0.000112836217469672
2.231       0.000074584495165633
2.232       0.000099334916926971
2.233       0.000153422176313089
2.234       0.000194258546063947
2.235       0.000170516561887768
2.236       0.000195471910769004
2.237       0.000219983726471404
2.238       0.000198944638972021
2.239       0.000131085914454723
2.240       0.000132470766489423
2.241       0.000194971353852755
2.242       0.000230529032320483
2.243       0.000227582861120734
2.244       0.000197094692935607
2.245       0.000126459761951456
2.246       0.000108182654100383
2.247       0.000134679903711354
2.248       0.000205228138013880
2.249       0.000338663317822646
2.250       0.000426469141308804
2.251       0.000413015629548513
2.252       0.000318509754397234
2.253       0.000202030763863909
2.254       0.000307418013642147
2.255       0.000354601833456411
2.256       0.000312285795616540
2.257       0.000196107744454777
2.258       0.000121380579497288
2.259       0.000077310765206021
2.260       0.000054234949885048
2.261       0.000055079099068558
2.262       0.000086261546074301
2.263       0.000179692572769674
2.264       0.000359300516875494
2.265       0.000502099253945509
2.266       0.000509786468374296
2.267       0.000274458551516032
2.268       0.000142970711453957
2.269       0.000106953293933079
2.270       0.000125932945154311
2.271       0.000146464678765893
2.272       0.000140961090156853
2.273       0.000133761998301202
2.274       0.000123620311518590
2.275       0.000111587008491218
2.276       0.000103035031093752
2.277       0.000104602141402427
2.278       0.000116582827010797
2.279       0.000149272435507275
2.280       0.000212518072299550
2.281       0.000291740619265457
2.282       0.000330367449011881
2.283       0.000403577068625621
2.284       0.000493465127018283
2.285       0.000454441447013586
2.286       0.000466460341537626
2.287       0.000486568485768016
2.288       0.000438394758933536
2.289       0.000261365906474742
2.290       0.000110408807873094
2.291       0.000064985428063569
2.292       0.000066803422654901
2.293       0.000080998431031375
2.294       0.000080005366188279
2.295       0.000070006170521865
2.296       0.000092050029638802
2.297       0.000141860104785507
2.298       0.000202051385483970
2.299       0.000203090595778568
2.300       0.000168069279084998
2.301       0.000150451964761780
2.302       0.000197208753793254
2.303       0.000368708047086885
2.304       0.000486384885142549
2.305       0.000421678298625022
2.306       0.000322690102939734
2.307       0.000330305792188032
2.308       0.000321324367049014
2.309       0.000243425849332596
2.310       0.000152614243619120
2.311       0.000086713767177998
2.312       0.000085208981591680
2.313       0.000086621102318732
2.314       0.000069896173402931
2.315       0.000051012899683307
2.316       0.000045860709785767
2.317       0.000053042484267259
2.318       0.000053854988691052
2.319       0.000071276963119302
2.320       0.000116319286543543
2.321       0.000193399272489528
2.322       0.000224630143677407
2.323       0.000183920110441077
2.324       0.000118650686386487
2.325       0.000075465676362880
2.326       0.000078876699109248
2.327       0.000102044825763342
2.328       0.000133538792104260
2.329       0.000203522332160644
2.330       0.000374660870348209
2.331       0.000511582745879945
2.332       0.000486083849163182
2.333       0.000404542643343747
2.334       0.000345858825882062
2.335       0.000230372164231135
2.336       0.000150077828463241
2.337       0.000104277133367643
2.338       0.000088602305765880
2.339       0.000093810923314640
2.340       0.000109701485506319
2.341       0.000122055251181051
2.342       0.000122788526028938
2.343       0.000111974851285213
2.344       0.000117764097779173
2.345       0.000106022428753419
2.346       0.000078653042130561
2.347       0.000051287405221245
2.348       0.000050167789342075
2.349       0.000064258505149573
2.350       0.000097405448761245
2.351       0.000151099145814376
2.352       0.000207176646933871
2.353       0.000175973974453431
2.354       0.000129507886401925
2.355       0.000086040814167399
2.356       0.000079454189387151
2.357       0.000155789113395977
2.358       0.000290848940722510
2.359       0.000355223580823932
2.360       0.000327147579827880
2.361       0.000216167951432367
2.362       0.000113303535263815
2.363       0.000073164878645770
2.364       0.000074790459292151
2.365       0.000102341713728471
2.366       0.000136275360896415
2.367       0.000159765460007552
2.368       0.000199932415276965
2.369       0.000239179933531911
2.370       0.000266659424942028
2.371       0.000284947146892006
2.372       0.000353469329188505
2.373       0.000422902512012983
2.374       0.000442172868937496
2.375       0.000359633421640915
2.376       0.000294798830568467
2.377       0.000284253241671126
2.378       0.000311651455072295
2.379       0.000356498742216362
2.380       0.000379412393978318
2.381       0.000344865007245274
2.382       0.000316025908280997
2.383       0.000300276078915408
2.384       0.000288119946114912
2.385       0.000204261627056196
2.386       0.000118399916216261
2.387       0.000060647941801516
2.388       0.000045045596191028
2.389       0.000066017015389219
2.390       0.000112090525442754
2.391       0.000137256544642823
2.392       0.000142590472789850
2.393       0.000139613820620065
2.394       0.000131901056827376
2.395       0.000127278610134930
2.396       0.000148213260997052
2.397       0.000200412833512048
2.398       0.000264402964256463
2.399       0.000257394751213745
2.400       0.000238883517879457
2.401       0.000224558517317671
2.402       0.000227324073483109
2.403       0.000302437753307960
2.404       0.000501072866616381
2.405       0.000708644561023208
2.406       0.000814019916294983
2.407       0.000646086869791507
2.408       0.000348158717750235
2.409       0.000184986325962047
2.410       0.000135325675699257
2.411       0.000130312572783099
2.412       0.000125858659799687
2.413       0.000140839150387921
2.414       0.000164981041051865
2.415       0.000202721720448718
2.416       0.000278899249008757
2.417       0.000384694921871737
2.418       0.000419084579947507
2.419       0.000368214127897171
2.420       0.000244153756381565
2.421       0.000159351701424157
2.422       0.000132806138208534
2.423       0.000157210231169908
2.424       0.000214774480292307
2.425       0.000264823706656134
2.426       0.000238048430213238
2.427       0.000259163047063415
2.428       0.000321515357128349
2.429       0.000392083350275838
2.430       0.000358693524940696
2.431       0.000357879640859891
2.432       0.000341443226623966
2.433       0.000305492297479532
2.434       0.000286438610110601
2.435       0.000370340138877545
2.436       0.000421229653276345
2.437       0.000434386911707524
2.438       0.000420379187698147
2.439       0.000404403444577150
2.440       0.000308411369772388
2.441       0.000204789419238349
2.442       0.000139408441459127
2.443       0.000158274858655882
2.444       0.000223474201373391
2.445       0.000326641848004461
2.446       0.000467042034296261
2.447       0.000610306793437598
2.448       0.000534527039921351
2.449       0.000378887779407699
2.450       0.000261310061737852
2.451       0.000235328067276941
2.452       0.000332896311606323
2.453       0.000510773726963731
2.454       0.000480682208815808
2.455       0.000344264091732382
2.456       0.000208650075096711
2.457       0.000120586856540796
2.458       0.000098296118120698
2.459       0.000121960567925433
2.460       0.000183937879280505
2.461       0.000276406147255173
2.462       0.000321838045610021
2.463       0.000372665070102474
2.464       0.000433850986564899
2.465       0.000491346902261283
2.466       0.000459008127313134
2.467       0.000466687369041069
2.468       0.000523324753749749
2.469       0.000582497064947667
2.470       0.000554098053515362
2.471       0.000380406989358206
2.472       0.000224292356153510
2.473       0.000120187740595384
2.474       0.000080572369533884
2.475       0.000068888340712406
2.476       0.000103113205779007
2.477       0.000128447700787932
2.478       0.000128981363816352
2.479       0.000102563802511224
2.480       0.000093223313504732
2.481       0.000112375151046090
2.482       0.000132943716193751
2.483       0.000130552655520449
2.484       0.000080191388208514
2.485       0.000054804384976067
2.486       0.000042763848701039
2.487       0.000038135650168290
2.488       0.000036177274992860
2.489       0.000064940421168447
2.490       0.000105686088196708
2.491       0.000136250480082156
2.492       0.000146969827871251
2.493       0.000155398322406696
2.494       0.000165951224535874
2.495       0.000194492746702163
2.496       0.000248011221080036
2.497       0.000329611344042302
2.498       0.000406779694538784
2.499       0.000352026922120774
2.500       0.000230078096104258
2.501       0.000100496052397953
2.502       0.000037776506741242
2.503       0.000026494919666560
2.504       0.000040764849950720
2.505       0.000069633240340955
2.506       0.000103966632636870
2.507       0.000152102271942844
2.508       0.000208173232214670
2.509       0.000261983793748241
2.510       0.000302854997341232
2.511       0.000309986279998758
2.512       0.000227044901600165
2.513       0.000138916298389691
2.514       0.000081287732352891
2.515       0.000078410270064677
2.516       0.000085538081782396
2.517       0.000104971494747287
2.518       0.000120557694420242
2.519       0.000119166482874120
2.520       0.000087545449806631
2.521       0.000122545172112382
2.522       0.000181993081759202
2.523       0.000234866205489757
2.524       0.000250501798552641
2.525       0.000223064525339278
2.526       0.000231695699044299
2.527       0.000308332806160383
2.528       0.000455108916989855
2.529       0.000629600369338734
2.530       0.000687020775798464
2.531       0.000617393538446531
2.532       0.000507936201061793
2.533       0.000461464094784883
2.534       0.000472882859327381
2.535       0.000430716620886840
2.536       0.000342519727312640
2.537       0.000223980781609734
2.538       0.000112129735183431
2.539       0.000085351935690366
2.540       0.000092564035121433
2.541       0.000097832411366350
2.542       0.000073066303102099
2.543       0.000064102399877003
2.544       0.000101644503847073
2.545       0.000133529537351714
2.546       0.000137411396476453
2.547       0.000111203503813398
2.548       0.000078955134526666
2.549       0.000062777438798147
2.550       0.000073343583064336
2.551       0.000112167247558338
2.552       0.000125659090857821
2.553       0.000099451520768748
2.554       0.000075401077552627
2.555       0.000072399668682027
2.556       0.000095645958622354
2.557       0.000077387620103203
2.558       0.000047147370264733
2.559       0.000020942997396783
2.560       0.000012374520702844
2.561       0.000027830258807746
2.562       0.000049314329852446
2.563       0.000068078626786483
2.564       0.000085800237348166
2.565       0.000113778759013416
2.566       0.000163913234804157
2.567       0.000180782251851197
2.568       0.000168461284864904
2.569       0.000143980585801923
2.570       0.000168871340132597
2.571       0.000192382584864556
2.572       0.000191117333861388
2.573       0.000172760907115013
2.574       0.000171147968511753
2.575       0.000218933901404400
2.576       0.000266636149829518
2.577       0.000267212796968008
2.578       0.000198681124820077
2.579       0.000147031881606960
2.580       0.000141221344118730
2.581       0.000212882340241638
2.582       0.000337842942768007
2.583       0.000441957985707231
2.584       0.000349864921732612
2.585       0.000243640958900643
2.586       0.000197249967262780
2.587       0.000256144567162220
2.588       0.000389977413710857
2.589       0.000427404748713667
2.590       0.000374752772915099
2.591       0.000278589777795629
2.592       0.000225724376003350
2.593       0.000280926102265287
2.594       0.000302786947194905
2.595       0.000268464521344575
2.596       0.000186255875778585
2.597       0.000160869323248464
2.598       0.000171390459078085
2.599       0.000163221740810987
2.600       0.000140111198919924
2.601       0.000132091278879700
2.602       0.000137243960458888
2.603       0.000160265203906523
2.604       0.000184642540471455
2.605       0.000190505025694065
2.606       0.000140708392338592
2.607       0.000133942574041090
2.608       0.000199886165143381
2.609       0.000331237825807962
2.610       0.000498816804420543
2.611       0.000600958056122525
2.612       0.000609940208465082
2.613       0.000541233176525102
2.614       0.000425606644266663
2.615       0.000340215908915253
2.616       0.000252244141455055
2.617       0.000186465328893298
2.618       0.000134128187580101
2.619       0.000075555528062834
2.620       0.000054412702771038
2.621       0.000050464316056577
2.622       0.000054120758743321
2.623       0.000056335529286449
2.624       0.000045894021191500
2.625       0.000045429384149687
2.626       0.000057246058579527
2.627       0.000071129560650194
2.628       0.000072939156037771
2.629       0.000082153207319510
2.630       0.000118776785956759
2.631       0.000167524178788958
2.632       0.000214594726688014
2.633       0.000241366718627265
2.634       0.000232734425191214
2.635       0.000203887327921884
2.636       0.000165329006178716
2.637       0.000128769952613794
2.638       0.000105048789629879
2.639       0.000088376275635606
2.640       0.000079001938344829
2.641       0.000076745351365664
2.642       0.000081751215660716
2.643       0.000112244298302214
2.644       0.000157127714875333
2.645       0.000204448973991356
2.646       0.000240181622065395
2.647       0.000247211982729270
2.648       0.000201908869564893
2.649       0.000146481006367688
2.650       0.000103553230421105
2.651       0.000079062296085588
2.652       0.000070963109621697
2.653       0.000081038784001009
2.654       0.000101244931415952
2.655       0.000122408400381593
2.656       0.000156621521798753
2.657       0.000197822121896632
2.658       0.000244356558126518
2.659       0.000294361112690822
2.660       0.000344053882268602
2.661       0.000375315742958404
2.662       0.000418338571926108
2.663       0.000446680938697853
2.664       0.000423933414841815
2.665       0.000305796622642129
2.666       0.000188294906188130
2.667       0.000119091380297531
2.668       0.000103374678629821
2.669       0.000100958010171424
2.670       0.000091751412603126
2.671       0.000084054952010988
2.672       0.000077746293410423
2.673       0.000071997826070466
2.674       0.000068871081829716
2.675       0.000068437610129294
2.676       0.000074045454634717
2.677       0.000084910844694038
2.678       0.000095435679262155
2.679       0.000095135222378560
2.680       0.000084016949977755
2.681       0.000064712296130344
2.682       0.000043380838515205
2.683       0.000047081229282334
2.684       0.000075063941253450
2.685       0.000125018751413658
2.686       0.000196603486121494
2.687       0.000287013847222523
2.688       0.000287728332742210
2.689       0.000225996116816757
2.690       0.000156706839460244
2.691       0.000128318960111670
2.692       0.000138278638521949
2.693       0.000122681559167767
2.694       0.000095560115148767
2.695       0.000091841847103313
2.696       0.000176706479952049
2.697       0.000325472498517346
2.698       0.000337448065810930
2.699       0.000265601947848526
2.700       0.000180354476548239
2.701       0.000154859251627365
2.702       0.000097916359954361
2.703       0.000055424243398140
2.704       0.000037756010157832
2.705       0.000036570761462572
2.706       0.000034680327193531
2.707       0.000050257335174775
2.708       0.000073902335522638
2.709       0.000092501976958426
2.710       0.000079890353844464
2.711       0.000078461661661880
2.712       0.000083093583667687
2.713       0.000093821041130468
2.714       0.000113605072340039
2.715       0.000152672985773299
2.716       0.000158138574902753
2.717       0.000133819981828293
2.718       0.000094337661860778
2.719       0.000091980448367918
2.720       0.000176510436798449
2.721       0.000245666686436191
2.722       0.000262929017388031
2.723       0.000213689652078158
2.724       0.000155119890427921
2.725       0.000110775244606495
2.726       0.000079279266998980
2.727       0.000059063554811969
2.728       0.000052827039065686
2.729       0.000091691440607666
2.730       0.000131961459466631
2.731       0.000157737876347028
2.732       0.000162395173611274
2.733       0.000206211684976195
2.734       0.000211867804507951
2.735       0.000170148696529288
2.736       0.000093372206057693
2.737       0.000055624890416127
2.738       0.000069672976663663
2.739       0.000079832887240746
2.740       0.000074867919946014
2.741       0.000058551542644225
2.742       0.000094372506442369
2.743       0.000151182588208787
2.744       0.000204777383871591
2.745       0.000225665310775863
2.746       0.000156505367039816
2.747       0.000112160032821879
2.748       0.000110089898990737
2.749       0.000133065379172473
2.750       0.000150133823200834
2.751       0.000157889156809615
2.752       0.000142642752602853
2.753       0.000108048228146584
2.754       0.000064061452102027
2.755       0.000039253200754950
2.756       0.000049439600319612
2.757       0.000098315224562218
2.758       0.000190924627174127
2.759       0.000327927675905726
2.760       0.000455047760110572
2.761       0.000533032723094601
2.762       0.000611555938535929
2.763       0.000698346533350130
2.764       0.000719904444661079
2.765       0.000521985835552186
2.766       0.000302627412246737
2.767       0.000137974217631426
2.768       0.000080200000426378
2.769       0.000083368947622790
2.770       0.000086727403264084
2.771       0.000086562457667170
2.772       0.000080855111482578
2.773       0.000069850775386016
2.774       0.000082804335924447
2.775       0.000133885352631813
2.776       0.000217718199569450
2.777       0.000315674194923104
2.778       0.000322487390454956
2.779       0.000308071377969649
2.780       0.000285444284864704
2.781       0.000266897032391727
2.782       0.000269607879668135
2.783       0.000251314326149693
2.784       0.000219448243284875
2.785       0.000180743759790825
2.786       0.000143086250964888
2.787       0.000117692527297049
2.788       0.000099647336990596
2.789       0.000084794845109759
2.790       0.000072102797958905
2.791       0.000064163086365757
2.792       0.000072651610179233
2.793       0.000104512143148966
2.794       0.000160313351681596
2.795       0.000236560759547366
2.796       0.000311609854567629
2.797       0.000373407057791098
2.798       0.000426155732061881
2.799       0.000465130550479555
2.800       0.000471834798760423
2.801       0.000397388595802656
2.802       0.000321028369258874
2.803       0.000300683958455894
2.804       0.000379031246380723
2.805       0.000506060166327635
2.806       0.000459039442931852
2.807       0.000333955911756723
2.808       0.000215178364784457
2.809       0.000217704110706096
2.810       0.000255155345834049
2.811       0.000280153807165659
2.812       0.000268688432456643
2.813       0.000217212619685284
2.814       0.000231073277220009
2.815       0.000269080410066198
2.816       0.000273928516705477
2.817       0.000228304047878602
2.818       0.000140850532963144
2.819       0.000107296344516811
2.820       0.000136068781765197
2.821       0.000181761645164390
2.822       0.000198396945394558
2.823       0.000152163987375359
2.824       0.000096949046652528
2.825       0.000054565801186693
2.826       0.000032068370040751
2.827       0.000029272325914369
2.828       0.000037191437890032
2.829       0.000046989390899442
2.830       0.000052479488052981
2.831       0.000049343815956136
2.832       0.000039768875184677
2.833       0.000048901421880135
2.834       0.000059238328078597
2.835       0.000059017068398129
2.836       0.000038538728664966
2.837       0.000085640153720701
2.838       0.000169280729722748
2.839       0.000225925134023301
2.840       0.000211365598539515
2.841       0.000145437685113475
2.842       0.000152066162781267
2.843       0.000186607019930292
2.844       0.000202113324752506
2.845       0.000140005567829553
2.846       0.000123377743170807
2.847       0.000116504909796256
2.848       0.000096696949666325
2.849       0.000056955382088393
2.850       0.000040214213926325
2.851       0.000053386181343929
2.852       0.000077412498980550
2.853       0.000112607589900671
2.854       0.000164638013236247
2.855       0.000176896886480149
2.856       0.000138600896636532
2.857       0.000082151618092080
2.858       0.000041855437916627
2.859       0.000070334915123899
2.860       0.000118058888885192
2.861       0.000155605486414544
2.862       0.000170065078558747
2.863       0.000152404240088250
2.864       0.000101815031490371
2.865       0.000061017840629708
2.866       0.000051075067595358
2.867       0.000084493993285140
2.868       0.000163835733721418
2.869       0.000313005313442360
2.870       0.000492568551143990
2.871       0.000640349829916537
2.872       0.000675749032926443
2.873       0.000533012641380559
2.874       0.000362873850338230
2.875       0.000205326233361225
2.876       0.000089315247448374
2.877       0.000036863998206942
2.878       0.000042070692934521
2.879       0.000093573378603523
2.880       0.000173584239648750
2.881       0.000257228947872806
2.882       0.000312323761286933
2.883       0.000332017810685571
2.884       0.000346715666067879
2.885       0.000380492192892934
2.886       0.000456086174075554
2.887       0.000473399875864033
2.888       0.000413726576952544
2.889       0.000297169947031828
2.890       0.000164706279029161
2.891       0.000147900328873213
2.892       0.000229840421998029
2.893       0.000328669958440192
2.894       0.000385290866492860
2.895       0.000344874000012152
2.896       0.000263007293165946
2.897       0.000200386683685758
2.898       0.000157700702090799
2.899       0.000125979796457783
2.900       0.000127717777613542
2.901       0.000137176337823304
2.902       0.000138364433316482
2.903       0.000126167858069896
2.904       0.000108252918870080
2.905       0.000092968634065667
2.906       0.000087935663412454
2.907       0.000095877968078820
2.908       0.000118388436417649
2.909       0.000157239582526517
2.910       0.000180683140375195
2.911       0.000170821975764859
2.912       0.000127634364356144
2.913       0.000076444400600062
2.914       0.000118033307433651
2.915       0.000164833199741823
2.916       0.000188991447631043
2.917       0.000180026073999515
2.918       0.000217974323311776
2.919       0.000238475438904942
2.920       0.000225697859923629
2.921       0.000178509537544419
2.922       0.000113371135265473
2.923       0.000107451344562942
2.924       0.000140819861384131
2.925       0.000180161606978806
2.926       0.000192267623471618
2.927       0.000166970464633640
2.928       0.000130455271358659
2.929       0.000095412988950105
2.930       0.000069319969076241
2.931       0.000058280362808375
2.932       0.000048138585083844
2.933       0.000044177783379177
2.934       0.000050868071643548
2.935       0.000070228636472200
2.936       0.000091259838723087
2.937       0.000103611630146284
2.938       0.000107316390101871
2.939       0.000100310192260797
2.940       0.000078488489656324
2.941       0.000058501584567194
2.942       0.000063661699548481
2.943       0.000085975362157181
2.944       0.000111840554313878
2.945       0.000110347343568490
2.946       0.000086980171313547
2.947       0.000065069620610921
2.948       0.000055170855076638
2.949       0.000063047481800600
2.950       0.000071747693646072
2.951       0.000079826383581163
2.952       0.000083551462999702
2.953       0.000079499781756059
2.954       0.000064243034064340
2.955       0.000043600747262548
2.956       0.000029692673118956
2.957       0.000028756090108009
2.958       0.000045195984313205
2.959       0.000063083346693880
2.960       0.000074394077673495
2.961       0.000078037648022382
2.962       0.000074278554301203
2.963       0.000066190029445530
2.964       0.000052943371280201
2.965       0.000040807198895116
2.966       0.000033677674131567
2.967       0.000035274064850257
2.968       0.000040350957217061
2.969       0.000048423552570939
2.970       0.000059482214101070
2.971       0.000071020436083424
2.972       0.000070565618412541
2.973       0.000067869065790382
2.974       0.000075918864097912
2.975       0.000125204421382752
2.976       0.000261447500922940
2.977       0.000497113284182893
2.978       0.000694020516516458
2.979       0.000784598421229687
2.980       0.000730740505566430
2.981       0.000549134946301821
2.982       0.000344222640926539
2.983       0.000222677971935842
2.984       0.000183985031150472
2.985       0.000182402810566112
2.986       0.000149451350496210
2.987       0.000103554947297468
2.988       0.000062631599888008
2.989       0.000042183940755683
2.990       0.000059735881873690
2.991       0.000088353804260991
2.992       0.000099284561683550
2.993       0.000097310319165171
2.994       0.000101337350146447
2.995       0.000171871301628657
2.996       0.000247775439299602
2.997       0.000303218783575296
2.998       0.000321839851124467
2.999       0.000298772500140099
3.000       0.000252875639696587
3.001       0.000203176274963995
3.002       0.000153553036666254
3.003       0.000106079505798030
3.004       0.000093768708380404
3.005       0.000123095156853159
3.006       0.000156302130281394
3.007       0.000165667067434899
3.008       0.000130039118355470
3.009       0.000115472314896116
3.010       0.000120568129295931
3.011       0.000123502776468554
3.012       0.000098005180712332
3.013       0.000081581688928120
3.014       0.000108217521558970
3.015       0.000146105135112456
3.016       0.000174370223525989
3.017       0.000179989222622905
3.018       0.000176844240183046
3.019       0.000167340822109965
3.020       0.000147969937159251
3.021       0.000115169192164255
3.022       0.000080230104120043
3.023       0.000074020524723328
3.024       0.000095736370131216
3.025       0.000140183254471488
3.026       0.000192460141159576
3.027       0.000222236242641243
3.028       0.000222596701726474
3.029       0.000194733624990062
3.030       0.000144764227376859
3.031       0.000101061970667359
3.032       0.000087911892264550
3.033       0.000107368064969304
3.034       0.000154622879870225
3.035       0.000211773198776782
3.036       0.000221503985378887
3.037       0.000246274658617901
3.038       0.000304406304978189
3.039       0.000397720825204256
3.040       0.000431806334343185
3.041       0.000399057190077795
3.042       0.000331089228672365
3.043       0.000243714339970058
3.044       0.000144806582695195
3.045       0.000080026424248362
3.046       0.000070311541923766
3.047       0.000086281159070927
3.048       0.000093229382380419
3.049       0.000082459877615518
3.050       0.000082852158819244
3.051       0.000092305983949770
3.052       0.000108612598272328
3.053       0.000128087822244716
3.054       0.000145155267044977
3.055       0.000170636163949286
3.056       0.000210546196564271
3.057       0.000268561056163102
3.058       0.000337881184534858
3.059       0.000361914570791384
3.060       0.000375027840507185
3.061       0.000382989480059312
3.062       0.000371162437944841
3.063       0.000360076739745571
3.064       0.000352330686208935
3.065       0.000336797254773993
3.066       0.000302011202960473
3.067       0.000237149514440677
3.068       0.000160497552618460
3.069       0.000091387836397838
3.070       0.000044832354907137
3.071       0.000038850009361720
3.072       0.000057829260624365
3.073       0.000073279598785461
3.074       0.000081979548446394
3.075       0.000082835078924492
3.076       0.000075469447649225
3.077       0.000063313402237579
3.078       0.000047604504142699
3.079       0.000033637528709062
3.080       0.000031798832112892
3.081       0.000053495896245412
3.082       0.000077610605375498
3.083       0.000095766405056222
3.084       0.000102200932344546
3.085       0.000097101615618252
3.086       0.000098438330746582
3.087       0.000108323011409894
3.088       0.000121325843843674
3.089       0.000125495299444202
3.090       0.000108121055078639
3.091       0.000083860399459651
3.092       0.000059274075785723
3.093       0.000040317496371647
3.094       0.000034785505676996
3.095       0.000049798197369499
3.096       0.000098844142598087
3.097       0.000202668299461028
3.098       0.000380381498625130
3.099       0.000374622871215743
3.100       0.000339444987160625
3.101       0.000298858700809188
3.102       0.000267232391737093
3.103       0.000241132347604062
3.104       0.000179751019234051
3.105       0.000142878623234324
3.106       0.000141905704277648
3.107       0.000169532080746951
3.108       0.000180889416982820
3.109       0.000170494635491597
3.110       0.000150767883762615
3.111       0.000133638199431926
3.112       0.000134015232969784
3.113       0.000150214482666111
3.114       0.000180394636565759
3.115       0.000216971304200508
3.116       0.000246805568765385
3.117       0.000219581949798320
3.118       0.000165300762512671
3.119       0.000123709519633201
3.120       0.000116676434092119
3.121       0.000132118998456884
3.122       0.000122535330742135
3.123       0.000101743675499352
3.124       0.000076071166508721
3.125       0.000051389919448447
3.126       0.000034848318690979
3.127       0.000038563431869421
3.128       0.000053654409719807
3.129       0.000072031298854122
3.130       0.000084408774941938
3.131       0.000110649634753338
3.132       0.000147270022484935
3.133       0.000182393468138767
3.134       0.000199537336670996
3.135       0.000174431679268450
3.136       0.000143911530333815
3.137       0.000119008067979334
3.138       0.000101833956759931
3.139       0.000079324620964494
3.140       0.000056277825101467
3.141       0.000044000650913416
3.142       0.000043208175914654
3.143       0.000051392636703482
3.144       0.000059155964748578
3.145       0.000062188145472895
3.146       0.000058910180423002
3.147       0.000050712276745621
3.148       0.000045347767043180
3.149       0.000069993200098900
3.150       0.000108299065197770
3.151       0.000149514183289887
3.152       0.000182503607745875
3.153       0.000196383759223697
3.154       0.000195592569081356
3.155       0.000188078680340611
3.156       0.000183480621070112
3.157       0.000199126351069320
3.158       0.000220247204976346
3.159       0.000221789977341694
3.160       0.000205641225394709
3.161       0.000182405227339914
3.162       0.000198314710937599
3.163       0.000206586862343108
3.164       0.000177075239165353
3.165       0.000112036707891866
3.166       0.000054833132433370
3.167       0.000046382105815271
3.168       0.000052897294317553
3.169       0.000063262824996867
3.170       0.000069182058357995
3.171       0.000069468356884117
3.172       0.000070549818335252
3.173       0.000069448637347147
3.174       0.000064097654367760
3.175       0.000052303456007950
3.176       0.000037535149011572
3.177       0.000023465057788340
3.178       0.000015391815148482
3.179       0.000017710867790718
3.180       0.000027809446438360
3.181       0.000028582225722182
3.182       0.000024887270902704
3.183       0.000023742182031633
3.184       0.000037488412948497
3.185       0.000058741192450501
3.186       0.000074260491324876
3.187       0.000085268480839003
3.188       0.000094616429554724
3.189       0.000106547713612716
3.190       0.000116595764882144
3.191       0.000121345799217445
3.192       0.000120475659752079
3.193       0.000116164647981797
3.194       0.000115220325108216
3.195       0.000118604571486838
3.196       0.000123723963422452
3.197       0.000125642342193935
3.198       0.000106965151381602
3.199       0.000079135043799219
3.200       0.000071262333482515
3.201       0.000088886885289519
3.202       0.000122328742750063
3.203       0.000121932022679712
3.204       0.000117531671941574
3.205       0.000113428789791699
3.206       0.000112073407840052
3.207       0.000114846323480543
3.208       0.000130591207961300
3.209       0.000146775058092387
3.210       0.000151847233969521
3.211       0.000130746173059720
3.212       0.000086177665139533
3.213       0.000048703219601154
3.214       0.000024873327205167
3.215       0.000015998756656734
3.216       0.000009179039225433
3.217       0.000005105407917605
3.218       0.000006448076869843
3.219       0.000016962576521423
3.220       0.000041888821020880
3.221       0.000083076473620297
3.222       0.000130689815839274
3.223       0.000186498139677999
3.224       0.000247223876212732
3.225       0.000288046897510497
3.226       0.000256722588692332
3.227       0.000181515462811255
3.228       0.000093678868932162
3.229       0.000035967919006368
3.230       0.000034704518795430
3.231       0.000043201071287621
3.232       0.000055372233704928
3.233       0.000067324864197228
3.234       0.000078056104933610
3.235       0.000072943811278887
3.236       0.000065145581805634
3.237       0.000074759498505300
3.238       0.000126121658996114
3.239       0.000169152850490632
3.240       0.000161783516562708
3.241       0.000129782002394364
3.242       0.000115924596954475
3.243       0.000228945403143666
3.244       0.000430360950958220
3.245       0.000540409142857603
3.246       0.000545355350643734
3.247       0.000483864202234785
3.248       0.000383122816866643
3.249       0.000300714249594769
3.250       0.000249371853042031
3.251       0.000235411949569442
3.252       0.000256715167748126
3.253       0.000276604478037536
3.254       0.000272757364265630
3.255       0.000250791198635539
3.256       0.000228243886495366
3.257       0.000271124705608639
3.258       0.000358342443012027
3.259       0.000451979476528169
3.260       0.000511234296181551
3.261       0.000465410190947146
3.262       0.000360489805382669
3.263       0.000267501406033932
3.264       0.000197623473101843
3.265       0.000149566742304624
3.266       0.000125285352628970
3.267       0.000113400644278179
3.268       0.000105022702820243
3.269       0.000093662452748652
3.270       0.000073771624148834
3.271       0.000065978125540029
3.272       0.000070346354467992
3.273       0.000074819823701954
3.274       0.000066917984819361
3.275       0.000078370659808119
3.276       0.000149598346811552
3.277       0.000245500207805671
3.278       0.000335774579872633
3.279       0.000378678942191062
3.280       0.000360867759741701
3.281       0.000310291290225140
3.282       0.000237639707176773
3.283       0.000154386409032731
3.284       0.000087574338670536
3.285       0.000083715018617508
3.286       0.000125072874652576
3.287       0.000190671464675857
3.288       0.000243545093087424
3.289       0.000273487068046960
3.290       0.000293485505143689
3.291       0.000296610621712753
3.292       0.000273256673358480
3.293       0.000209298207981351
3.294       0.000136412845680473
3.295       0.000081913838119743
3.296       0.000059361867069181
3.297       0.000074235421480134
3.298       0.000092902701299073
3.299       0.000103331448628898
3.300       0.000106376720270135
3.301       0.000104669246196587
3.302       0.000100469129300979
3.303       0.000092702038005516
3.304       0.000081859108399147
3.305       0.000070942513538319
3.306       0.000067115984836975
3.307       0.000076315356531589
3.308       0.000092845446346329
3.309       0.000113842031620931
3.310       0.000135862813542643
3.311       0.000151158688871340
3.312       0.000158933471515965
3.313       0.000169257169232814
3.314       0.000189085841821091
3.315       0.000225326212776197
3.316       0.000251166125887162
3.317       0.000246748071349556
3.318       0.000211105756383501
3.319       0.000151693141849096
3.320       0.000110249355537058
3.321       0.000098754392454596
3.322       0.000095897083408376
3.323       0.000093955599653786
3.324       0.000090927730061318
3.325       0.000084348444184888
3.326       0.000073154781571563
3.327       0.000061649722446447
3.328       0.000054258822106224
3.329       0.000055772112678244
3.330       0.000062662883971838
3.331       0.000081424892551918
3.332       0.000112378718547246
3.333       0.000150941461361243
3.334       0.000165992219724131
3.335       0.000157367786626228
3.336       0.000136511403769357
3.337       0.000115193754198190
3.338       0.000106726835605413
3.339       0.000116282342683280
3.340       0.000133299490260225
3.341       0.000145669431392124
3.342       0.000136533982017698
3.343       0.000109754432697909
3.344       0.000085553948901973
3.345       0.000063883230544654
3.346       0.000046719062323261
3.347       0.000048036946516547
3.348       0.000070797771014264
3.349       0.000092632427133931
3.350       0.000099085149710923
3.351       0.000077074823692480
3.352       0.000074183848690880
3.353       0.000091556220770561
3.354       0.000101991970584157
3.355       0.000088150938755263
3.356       0.000057650413071847
3.357       0.000045525372432263
3.358       0.000050552622848796
3.359       0.000068992945254018
3.360       0.000094237277386763
3.361       0.000115469109632671
3.362       0.000120173531875489
3.363       0.000106774300413226
3.364       0.000077018435986023
3.365       0.000040777778478739
3.366       0.000023935574405400
3.367       0.000023359022547666
3.368       0.000030398512255354
3.369       0.000032626458264622
3.370       0.000029749847211061
3.371       0.000023966039943868
3.372       0.000016943274043009
3.373       0.000012797941059295
3.374       0.000024089514170850
3.375       0.000050979210614977
3.376       0.000089933897833211
3.377       0.000139242879924451
3.378       0.000196652328509489
3.379       0.000257949444941341
3.380       0.000312045685432083
3.381       0.000343662914741708
3.382       0.000344114561327657
3.383       0.000312010406065183
3.384       0.000281129979562672
3.385       0.000254957101891315
3.386       0.000228434843300984
3.387       0.000194026977511697
3.388       0.000150250306740110
3.389       0.000114568219391820
3.390       0.000094107876855425
3.391       0.000096564645779174
3.392       0.000136131431413306
3.393       0.000190608331516656
3.394       0.000240954991010886
3.395       0.000273703128033608
3.396       0.000276210240859512
3.397       0.000244257655549182
3.398       0.000208589020650810
3.399       0.000186182590985742
3.400       0.000189006875902287
3.401       0.000227547633001639
3.402       0.000243417190227427
3.403       0.000244217196997368
3.404       0.000226339518524549
3.405       0.000185954763953500
3.406       0.000130939118093254
3.407       0.000081871034250225
3.408       0.000045844329482403
3.409       0.000025911382677164
3.410       0.000021795222175684
3.411       0.000025812967336558
3.412       0.000033676924395237
3.413       0.000045865812308705
3.414       0.000063620485736105
3.415       0.000090841355576507
3.416       0.000117189816264122
3.417       0.000128786824464783
3.418       0.000124628771962447
3.419       0.000120817796173678
3.420       0.000205271601858181
3.421       0.000290535900062533
3.422       0.000338539812161968
3.423       0.000323914481798693
3.424       0.000277614590448921
3.425       0.000258390275037101
3.426       0.000250659769330905
3.427       0.000237038187552607
3.428       0.000188908951325395
3.429       0.000109715399656041
3.430       0.000068717209491594
3.431       0.000058845879861769
3.432       0.000066291373564884
3.433       0.000093736864387989
3.434       0.000147838236490866
3.435       0.000197720657041739
3.436       0.000222942965433320
3.437       0.000202021420769360
3.438       0.000148175828036390
3.439       0.000110569641541727
3.440       0.000091253761492629
3.441       0.000085246338533393
3.442       0.000071567965282474
3.443       0.000048193199659721
3.444       0.000027856017807026
3.445       0.000018750618031520
3.446       0.000028569890217000
3.447       0.000032537118043750
3.448       0.000034818383861990
3.449       0.000064064045575629
3.450       0.000141719877993607
3.451       0.000253603481747439
3.452       0.000318159137904964
3.453       0.000307789139539383
3.454       0.000232480056270135
3.455       0.000134809805856922
3.456       0.000116408724088149
3.457       0.000134299744180583
3.458       0.000156975667460391
3.459       0.000159792192169134
3.460       0.000139233749881715
3.461       0.000113987892128409
3.462       0.000087633824864569
3.463       0.000062262933628529
3.464       0.000040639195012464
3.465       0.000043438871804982
3.466       0.000073615458810738
3.467       0.000137697070841714
3.468       0.000238757417846569
3.469       0.000371771769168361
3.470       0.000449298239129037
3.471       0.000471641087253463
3.472       0.000447692567197983
3.473       0.000395585434388196
3.474       0.000334840284044180
3.475       0.000278425166254620
3.476       0.000230935234531660
3.477       0.000192693693449542
3.478       0.000152393699604805
3.479       0.000128975774527619
3.480       0.000140661522683327
3.481       0.000180221251062429
3.482       0.000225441157203486
3.483       0.000218335105797232
3.484       0.000182892779049343
3.485       0.000134929996578131
3.486       0.000087975502645318
3.487       0.000054632768794034
3.488       0.000041140810427047
3.489       0.000051971468342710
3.490       0.000084985952703148
3.491       0.000133532206212900
3.492       0.000177813726681325
3.493       0.000214002666576632
3.494       0.000223080649055712
3.495       0.000205634133453992
3.496       0.000210791376326624
3.497       0.000256675079568280
3.498       0.000317194852411468
3.499       0.000356173370791621
3.500       0.000331328993528390
3.501       0.000273262835978838
3.502       0.000224372796867350
3.503       0.000184941898709365
3.504       0.000153613329045649
3.505       0.000125317597019212
3.506       0.000091115629803462
3.507       0.000056412037475903
3.508       0.000026248817580121
3.509       0.000006181692807430
3.510       0.000000703888307692
3.511       -0.000000333344037398
3.512       0.000000450133421651
3.513       0.000002480397379316
3.514       0.000009008748441494
3.515       0.000022045336337345
3.516       0.000036035119265386
3.517       0.000048171970482437
3.518       0.000056002617409836
3.519       0.000058528173286465
3.520       0.000062056342198850
3.521       0.000067661623591612
3.522       0.000074717840465272
3.523       0.000079313594514862
3.524       0.000075723341578814
3.525       0.000064381487719735
3.526       0.000047340407403812
3.527       0.000028439344626541
3.528       0.000023044791247446
3.529       0.000031568004709624
3.530       0.000041362593774415
3.531       0.000046403953925341
3.532       0.000046508141174922
3.533       0.000047692735553797
3.534       0.000054560017960136
3.535       0.000066291357648567
3.536       0.000079804096195828
3.537       0.000080632355288554
3.538       0.000076446984168163
3.539       0.000073715754356767
3.540       0.000075512547296489
3.541       0.000082283131906001
3.542       0.000082624328147623
3.543       0.000076483474800652
3.544       0.000065792682109773
3.545       0.000052891143386510
3.546       0.000038886810862861
3.547       0.000034574574098977
3.548       0.000038890995971902
3.549       0.000049559135894737
3.550       0.000062313619840743
3.551       0.000090827152989054
3.552       0.000140242892107373
3.553       0.000205527254459159
3.554       0.000276881258490930
3.555       0.000322333507579809
3.556       0.000328913659161420
3.557       0.000299727442687248
3.558       0.000236403674860441
3.559       0.000142705290235912
3.560       0.000092055598529504
3.561       0.000105571822527184
3.562       0.000160463363955143
3.563       0.000222512281459432
3.564       0.000218457906134339
3.565       0.000192341305568916
3.566       0.000151826115783071
3.567       0.000102157393896324
3.568       0.000050547947560028
3.569       0.000030158100175284
3.570       0.000028181661289514
3.571       0.000029179311206766
3.572       0.000021993597016060
3.573       0.000019187370139721
3.574       0.000023955820104359
3.575       0.000029514141127018
3.576       0.000034311694733311
3.577       0.000039885178763376
3.578       0.000055769576741013
3.579       0.000075194600843945
3.580       0.000095607784851737
3.581       0.000116874939479941
3.582       0.000150358905148834
3.583       0.000208685868711200
3.584       0.000280145974573764
3.585       0.000334471223081285
3.586       0.000321119642031686
3.587       0.000276449107513829
3.588       0.000247136874526183
3.589       0.000223612819492347
3.590       0.000191712379242398
3.591       0.000124232244267775
3.592       0.000085411475577901
3.593       0.000089702297520047
3.594       0.000120047045057414
3.595       0.000136600541247422
3.596       0.000107926433797305
3.597       0.000092913793427529
3.598       0.000086826090263253
3.599       0.000081522186757069
3.600       0.000060803264823384
3.601       0.000036724123911314
3.602       0.000017146894777234
3.603       0.000006009142343168
3.604       0.000006002458300823
3.605       0.000006299870211104
3.606       0.000010318583430688
3.607       0.000020691948128704
3.608       0.000037810877561967
3.609       0.000056192075938176
3.610       0.000070256295618704
3.611       0.000074590687015968
3.612       0.000067961521663898
3.613       0.000051142357379061
3.614       0.000032190614824928
3.615       0.000020493559355985
3.616       0.000016159225288354
3.617       0.000017834393291047
3.618       0.000020574591524393
3.619       0.000021156222627696
3.620       0.000021670516617204
3.621       0.000023331192990091
3.622       0.000027290613426815
3.623       0.000034558835013143
3.624       0.000042641639433887
3.625       0.000049967184815952
3.626       0.000055218329404111
3.627       0.000056903934437689
3.628       0.000058872716885525
3.629       0.000064676943130722
3.630       0.000073145907431578
3.631       0.000081375137547569
3.632       0.000083957392547316
3.633       0.000082998898575673
3.634       0.000080582563568709
3.635       0.000078863199182948
3.636       0.000081549102926050
3.637       0.000093522800111018
3.638       0.000114032381977047
3.639       0.000141258411795298
3.640       0.000171560700210259
3.641       0.000187035173588809
3.642       0.000181482439977829
3.643       0.000160925320824609
3.644       0.000134285227735190
3.645       0.000120602758491468
3.646       0.000129834615209032
3.647       0.000147276860919920
3.648       0.000164705148140466
3.649       0.000173975372317864
3.650       0.000165779955493758
3.651       0.000145926942157495
3.652       0.000119788490987885
3.653       0.000093639856365353
3.654       0.000079252409997225
3.655       0.000089479083996091
3.656       0.000113897402817573
3.657       0.000143716895102744
3.658       0.000169357298959713
3.659       0.000181830069119955
3.660       0.000179290153868861
3.661       0.000160341797158403
3.662       0.000126174563854942
3.663       0.000082665237659416
3.664       0.000062714884869426
3.665       0.000063162122895401
3.666       0.000074137149326435
3.667       0.000083692417169014
3.668       0.000079714257097997
3.669       0.000067138265563774
3.670       0.000052258596467895
3.671       0.000039466889321514
3.672       0.000033405976405450
3.673       0.000029072038223010
3.674       0.000022332833745527
3.675       0.000015778216567647
3.676       0.000013430011036722
3.677       0.000024207691374033
3.678       0.000038111537745626
3.679       0.000050426615486952
3.680       0.000060040443264041
3.681       0.000068962249231155
3.682       0.000087372556777071
3.683       0.000125821295328954
3.684       0.000179454215394781
3.685       0.000237894849076478
3.686       0.000266640745543363
3.687       0.000262607473498794
3.688       0.000246550184650550
3.689       0.000235518243879400
3.690       0.000252237108385511
3.691       0.000302231222476468
3.692       0.000338573727394747
3.693       0.000342687292551352
3.694       0.000301741620877205
3.695       0.000213494236741996
3.696       0.000128841879341451
3.697       0.000074148690281481
3.698       0.000057415894150273
3.699       0.000076236860273637
3.700       0.000110283315517740
3.701       0.000149894382928950
3.702       0.000188038382214664
3.703       0.000215807678233856
3.704       0.000210836387176019
3.705       0.000191449909913918
3.706       0.000167866405112682
3.707       0.000145173722745348
3.708       0.000126896888123035
3.709       0.000096535703159262
3.710       0.000062827998532938
3.711       0.000039620381639261
3.712       0.000037022277069823
3.713       0.000053612319899997
3.714       0.000060510529985519
3.715       0.000056627541188591
3.716       0.000045249197989997
3.717       0.000033810482546163
3.718       0.000037309789273216
3.719       0.000044909799717940
3.720       0.000050441892156847
3.721       0.000049380242381561
3.722       0.000040771624212057
3.723       0.000041602230530461
3.724       0.000049377828708827
3.725       0.000058126209367671
3.726       0.000058529560558213
3.727       0.000050006045772117
3.728       0.000048266256286046
3.729       0.000053570428218262
3.730       0.000064114985032275
3.731       0.000072621721791993
3.732       0.000079810036676835
3.733       0.000090724114256292
3.734       0.000106237437956180
3.735       0.000125634888400297
3.736       0.000146913413558200
3.737       0.000163791160603444
3.738       0.000172126708780609
3.739       0.000167802846589141
3.740       0.000143134766093650
3.741       0.000107667253312918
3.742       0.000080002307159557
3.743       0.000067619743025722
3.744       0.000074543564475726
3.745       0.000083503451336508
3.746       0.000081282700894414
3.747       0.000069745866636620
3.748       0.000051772436839501
3.749       0.000033309371169424
3.750       0.000019911371575764
3.751       0.000015751505574702
3.752       0.000023540477198589
3.753       0.000045064382066778
3.754       0.000074211272054675
3.755       0.000102231582023146
3.756       0.000128772510544786
3.757       0.000147279448673654
3.758       0.000134192563968474
3.759       0.000109059836174957
3.760       0.000090486079950073
3.761       0.000089845271330838
3.762       0.000118993752082908
3.763       0.000209680404967938
3.764       0.000325504448769665
3.765       0.000438861514275191
3.766       0.000527380954957857
3.767       0.000562974850504300
3.768       0.000527948837426018
3.769       0.000452478390141731
3.770       0.000353049568688313
3.771       0.000249494842397641
3.772       0.000195398771146143
3.773       0.000203405571473386
3.774       0.000237956781048709
3.775       0.000257882185941860
3.776       0.000191314269352816
3.777       0.000127067225427879
3.778       0.000077128368061008
3.779       0.000043186762364700
3.780       0.000024412607911497
3.781       0.000019004834371119
3.782       0.000022786588218519
3.783       0.000034263687315322
3.784       0.000051134375100528
3.785       0.000068639549829622
3.786       0.000080637113945657
3.787       0.000088363083920054
3.788       0.000092166010092117
3.789       0.000092558466200401
3.790       0.000090530875100029
3.791       0.000086830015626805
3.792       0.000081623924362707
3.793       0.000075496112174923
3.794       0.000069995066262497
3.795       0.000070013090252820
3.796       0.000075293482129028
3.797       0.000083958109589791
3.798       0.000093167934511607
3.799       0.000095625273782724
3.800       0.000090143826843081
3.801       0.000079034553757816
3.802       0.000063257466133254
3.803       0.000043311764856759
3.804       0.000030562327734480
3.805       0.000037784734068916
3.806       0.000065882301315906
3.807       0.000114241772948331
3.808       0.000187607488677188
3.809       0.000283662456372957
3.810       0.000388038240153654
3.811       0.000481698376596174
3.812       0.000530900023217595
3.813       0.000505214773765444
3.814       0.000458683487003675
3.815       0.000403557770071061
3.816       0.000350757335013760
3.817       0.000322326052559234
3.818       0.000320734334976744
3.819       0.000343897870834886
3.820       0.000384419378955642
3.821       0.000426421908121977
3.822       0.000443888755393418
3.823       0.000434746026967137
3.824       0.000400710285479638
3.825       0.000346743416127698
3.826       0.000288740383976832
3.827       0.000241721718180418
3.828       0.000210126554223748
3.829       0.000196961147924824
3.830       0.000205223372432450
3.831       0.000236698818364828
3.832       0.000281892708006520
3.833       0.000335926834321154
3.834       0.000393854744029754
3.835       0.000449924776468991
3.836       0.000513517981206857
3.837       0.000607897740762309
3.838       0.000746762687076852
3.839       0.000941282494904772
3.840       0.001156802790502180
3.841       0.001278963477871550
3.842       0.001274377759908800
3.843       0.001140845338227230
3.844       0.000962768903147171
3.845       0.000815318447570046
3.846       0.000708490583882060
3.847       0.000644159338505229
3.848       0.000619423215356671
3.849       0.000634647818365697
3.850       0.000673782726094696
3.851       0.000731669891196052
3.852       0.000804814208370197
3.853       0.000896669433382846
3.854       0.001008628332477720
3.855       0.001140519021798350
3.856       0.001295951763922610
3.857       0.001479812434129310
3.858       0.001692335353418060
3.859       0.001908003734910180
3.860       0.002116079459184790
3.861       0.002307369959321460
3.862       0.002470874780696410
3.863       0.002627849440830280
3.864       0.002792654086625880
3.865       0.002976145065868300
3.866       0.003189844410142360
3.867       0.003449296998982330
3.868       0.003709483554806830
3.869       0.003978028111070400
3.870       0.004270926342244910
3.871       0.004638322611188130
3.872       0.005121175024672910
3.873       0.005713039893338490
3.874       0.006431086795206650
3.875       0.007300520077491160
3.876       0.008455183089014721
3.877       0.009760563520701201
3.878       0.011160234245654301
3.879       0.012561152515602600
3.880       0.013744049320534300
3.881       0.014815838139944601
3.882       0.016071244181215898
3.883       0.017649380253326200
3.884       0.019661190713836901
3.885       0.022274186574279001
3.886       0.025232201221605501
3.887       0.028706155396374600
3.888       0.032880253307645498
3.889       0.038122205735152903
3.890       0.044179710676587498
3.891       0.050238731903021999
3.892       0.056036614697681800
3.893       0.061462782059180703
3.894       0.067333933855653796
3.895       0.074993301624878897
3.896       0.084627237796688307
3.897       0.096376569558771094
3.898       0.110536967890056001
3.899       0.127468223406423997
3.900       0.146429061364627994
3.901       0.167322896080719014
3.902       0.190126389421948011
3.903       0.215759281619285009
3.904       0.243289672096906995
3.905       0.272417813220144023
3.906       0.302861615734614009
3.907       0.334236654934330024
3.908       0.366089265382527007
3.909       0.399721169598024006
3.910       0.435400354853299976
3.911       0.473087472049514013
3.912       0.512032189750555977
3.913       0.550012300030487955
3.914       0.585992118928003958
3.915       0.619676376827257958
3.916       0.651426542578577017
3.917       0.680784713367331040
3.918       0.707906991981403055
3.919       0.732573272204248949
3.920       0.754604930110474026
3.921       0.773515921342294965
3.922       0.789834529060648993
3.923       0.803736958993660044
3.924       0.815394814883824037
3.925       0.825046662325928049
3.926       0.832708935634971947
3.927       0.838918733935600014
3.928       0.843926102248275023
3.929       0.847999089903395009
3.930       0.851245005799416976
3.931       0.854004744117673020
3.932       0.856245820624592979
3.933       0.858184532193484007
3.934       0.860385870987043000
3.935       0.863238959285134055
3.936       0.866960400040280965
3.937       0.871722515316236013
3.938       0.877569522229209031
3.939       0.884038212649315036
3.940       0.889597297839064050
3.941       0.894377915012529945
3.942       0.898359214956458985
3.943       0.901447511151807990
3.944       0.904896302421918985
3.945       0.908973339092420951
3.946       0.912789407505392947
3.947       0.915358101431482996
3.948       0.915279343506748000
3.949       0.913604286310904956
3.950       0.911061201574813961
3.951       0.907670708494062950
3.952       0.902982087363547015
3.953       0.895821758547193037
3.954       0.883042664773113994
3.955       0.862217822439291015
3.956       0.831454512552625036
3.957       0.788465011955594042
3.958       0.736867120883828997
3.959       0.680736629612369026
3.960       0.621714425734239962
3.961       0.560753859688133960
3.962       0.496375537433607017
3.963       0.431976886116189007
3.964       0.370666146034750010
3.965       0.315501803003343018
3.966       0.271559084676085027
3.967       0.238076564965794990
3.968       0.211538473085894990
3.969       0.190140310689528996
3.970       0.172009573065836002
3.971       0.154911380337324989
3.972       0.137422794619170008
3.973       0.120247985788382000
3.974       0.104117519842716999
3.975       0.090113939630562398
3.976       0.078690206610389196
3.977       0.068712696025244199
3.978       0.059508828020568699
3.979       0.050442323042965101
3.980       0.043655914273841703
3.981       0.038157818528510697
3.982       0.033824972541152597
3.983       0.030444073689656299
3.984       0.027553442311690501
3.985       0.024717324023192998
3.986       0.022136944513480500
3.987       0.019861922892141899
3.988       0.017886043731151900
3.989       0.016236469386140800
3.990       0.014719427178928201
3.991       0.013322600987259599
3.992       0.012047899099322900
3.993       0.010952615995510701
3.994       0.009954337703120150
3.995       0.009026462657044650
3.996       0.008165886896610800
3.997       0.007371663420473240
3.998       0.006637951294239390
3.999       0.005967237915357250
4.000       0.005370448255940460
4.001       0.004855619300027310
4.002       0.004439052651797670
4.003       0.004123191223332600
4.004       0.003870823013475970
4.005       0.003663893768716680
4.006       0.003483325381096300
4.007       0.003313226776727070
4.008       0.003150532128314180
4.009       0.002996401304051210
4.010       0.002847453188738250
4.011       0.002689635705354850
4.012       0.002520646064504640
4.013       0.002343218565712960
4.014       0.002164423958195720
4.015       0.001993652502797370
4.016       0.001842596246570020
4.017       0.001704881689058520
4.018       0.001581616778404680
4.019       0.001472356050574660
4.020       0.001374216718520060
4.021       0.001273260491286120
4.022       0.001161773671786050
4.023       0.001036683705835100
4.024       0.000897809479203704
4.025       0.000766235629679535
4.026       0.000647983360928250
4.027       0.000545034449143833
4.028       0.000458961901749211
4.029       0.000392253712624441
4.030       0.000338212899435669
4.031       0.000292106789336416
4.032       0.000253971753091192
4.033       0.000224324629295891
4.034       0.000205517867742380
4.035       0.000196005857736309
4.036       0.000196280932604868
4.037       0.000206941581221268
4.038       0.000229359054065292
4.039       0.000262519862642530
4.040       0.000300347204617357
4.041       0.000338327377747527
4.042       0.000371885471845634
4.043       0.000396719242365937
4.044       0.000418047567304382
4.045       0.000431299547122527
4.046       0.000432791525302734
4.047       0.000417315028361287
4.048       0.000378038809709297
4.049       0.000322502804456004
4.050       0.000257668340397366
4.051       0.000192266415033643
4.052       0.000144339635611862
4.053       0.000115077026139103
4.054       0.000101126764103775
4.055       0.000099406638983879
4.056       0.000105386762384280
4.057       0.000116684682020675
4.058       0.000131662802873439
4.059       0.000148021221093475
4.060       0.000162629496597282
4.061       0.000167346512263522
4.062       0.000163146040393393
4.063       0.000153775016211867
4.064       0.000142070009644696
4.065       0.000131567808704484
4.066       0.000122227760134055
4.067       0.000109449439514395
4.068       0.000094704651311200
4.069       0.000080286903425021
4.070       0.000070650088271864
4.071       0.000066715258405116
4.072       0.000067163331984305
4.073       0.000069373422484018
4.074       0.000068490009601262
4.075       0.000061943208578850
4.076       0.000074443988072825
4.077       0.000109485803227338
4.078       0.000167210722772315
4.079       0.000242537923099806
4.080       0.000311503265153695
4.081       0.000369541460251283
4.082       0.000414493093419704
4.083       0.000445042786712826
4.084       0.000459672286078048
4.085       0.000463214903141891
4.086       0.000447112471347239
4.087       0.000405350979672203
4.088       0.000338730619676986
4.089       0.000259768247740988
4.090       0.000179036374612529
4.091       0.000109603325092550
4.092       0.000071264792697590
4.093       0.000098485851574293
4.094       0.000135405042423001
4.095       0.000164725787426552
4.096       0.000173165677014475
4.097       0.000150822915175805
4.098       0.000131218363007314
4.099       0.000125209045866062
4.100       0.000132786566358262
4.101       0.000148280568996934
4.102       0.000159297524061762
4.103       0.000168863829253425
4.104       0.000175346770417138
4.105       0.000176839737447754
4.106       0.000169055009168237
4.107       0.000149381092084649
4.108       0.000124721708432848
4.109       0.000099961062270990
4.110       0.000080954103756107
4.111       0.000081703796046766
4.112       0.000094214107387677
4.113       0.000108038755818253
4.114       0.000116329607694145
4.115       0.000119600658440425
4.116       0.000134490717674463
4.117       0.000171571328448028
4.118       0.000229675257956197
4.119       0.000301396135621801
4.120       0.000352647178212533
4.121       0.000363617918068201
4.122       0.000344331638221756
4.123       0.000300335591200351
4.124       0.000225778399387644
4.125       0.000155218170464766
4.126       0.000117356468291974
4.127       0.000106530674500636
4.128       0.000105271876287439
4.129       0.000102232349011758
4.130       0.000093864977076877
4.131       0.000080163300806346
4.132       0.000061811606809167
4.133       0.000041377943971955
4.134       0.000034923540640271
4.135       0.000042855485062207
4.136       0.000063874900397026
4.137       0.000095025849483038
4.138       0.000128849025595068
4.139       0.000167467267015359
4.140       0.000214051407503191
4.141       0.000270650735027633
4.142       0.000337457374457215
4.143       0.000362915447505718
4.144       0.000322450168875332
4.145       0.000237245001273256
4.146       0.000143633711226776
4.147       0.000086196199158173
4.148       0.000051363047947478
4.149       0.000032304666130065
4.150       0.000025820119982062
4.151       0.000033023497479995
4.152       0.000046758005123590
4.153       0.000061737350598549
4.154       0.000075093480790503
4.155       0.000084315530641761
4.156       0.000088772437565676
4.157       0.000090487699331089
4.158       0.000091916418577424
4.159       0.000095164523355021
4.160       0.000103256356573989
4.161       0.000118579165464150
4.162       0.000135530921748422
4.163       0.000151608692036294
4.164       0.000164469259029919
4.165       0.000170509242555919
4.166       0.000175508823030739
4.167       0.000183903305553436
4.168       0.000197483834291273
4.169       0.000215756139341598
4.170       0.000228572214581189
4.171       0.000235299259752787
4.172       0.000234860664731610
4.173       0.000228064129146858
4.174       0.000229528398043036
4.175       0.000246458777179812
4.176       0.000276223111883467
4.177       0.000312011228914666
4.178       0.000338671529896388
4.179       0.000341261857734643
4.180       0.000325615710901395
4.181       0.000297263240755075
4.182       0.000261616446663115
4.183       0.000218112719795466
4.184       0.000169692606750649
4.185       0.000130219726927075
4.186       0.000105099174593691
4.187       0.000095133532053433
4.188       0.000097038018898297
4.189       0.000100614881061893
4.190       0.000101260837351350
4.191       0.000095289339049093
4.192       0.000080883615034395
4.193       0.000069948900830008
4.194       0.000076534115795307
4.195       0.000107380764066717
4.196       0.000165563775675698
4.197       0.000217913642913348
4.198       0.000250128322760754
4.199       0.000253226758807484
4.200       0.000221028873137630
4.201       0.000152818624882672
4.202       0.000127280063003332
4.203       0.000167459526348002
4.204       0.000265147470908111
4.205       0.000386673502279389
4.206       0.000497258516051258
4.207       0.000582302957072650
4.208       0.000635207779986463
4.209       0.000652853644414697
4.210       0.000637513169507872
4.211       0.000610203503051687
4.212       0.000582256304163142
4.213       0.000559332259638785
4.214       0.000546030805853023
4.215       0.000542022202553977
4.216       0.000532823290172554
4.217       0.000515049872772622
4.218       0.000485933677951939
4.219       0.000440435070805434
4.220       0.000385620292258970
4.221       0.000325967044671638
4.222       0.000264801362155315
4.223       0.000206902173838952
4.224       0.000176600415985169
4.225       0.000170473749381853
4.226       0.000186441340178034
4.227       0.000219677481666541
4.228       0.000257044681366364
4.229       0.000284854619234318
4.230       0.000298644436986580
4.231       0.000297371980698929
4.232       0.000281829460624342
4.233       0.000254246576905287
4.234       0.000224403647547999
4.235       0.000191715751380078
4.236       0.000158743311799575
4.237       0.000139665485791710
4.238       0.000152402131270463
4.239       0.000174658716663584
4.240       0.000197286072941658
4.241       0.000213080074379151
4.242       0.000211595035813660
4.243       0.000200202219581141
4.244       0.000182375953944186
4.245       0.000161802417383311
4.246       0.000144031078272620
4.247       0.000133393855085470
4.248       0.000129629383000799
4.249       0.000133074296444560
4.250       0.000143817362360105
4.251       0.000160228838276641
4.252       0.000173304226479258
4.253       0.000180749598054312
4.254       0.000183180039944164
4.255       0.000188211269286420
4.256       0.000215513386442462
4.257       0.000252714165062284
4.258       0.000288285209356517
4.259       0.000307865067561280
4.260       0.000279607056717063
4.261       0.000234935060490271
4.262       0.000186915745027577
4.263       0.000146043963286602
4.264       0.000124042561067191
4.265       0.000113612354910371
4.266       0.000105281615713819
4.267       0.000096013830474806
4.268       0.000083947504521800
4.269       0.000070585135926775
4.270       0.000059201276032518
4.271       0.000049564674194980
4.272       0.000041241206213613
4.273       0.000033193902109104
4.274       0.000022889871314876
4.275       0.000018048215838562
4.276       0.000023054250798155
4.277       0.000040934785118768
4.278       0.000065614295925776
4.279       0.000084766070011996
4.280       0.000093828521447679
4.281       0.000090897887703764
4.282       0.000076540226349078
4.283       0.000060138294026825
4.284       0.000049319549712809
4.285       0.000045103596034267
4.286       0.000046912090154293
4.287       0.000050628551475227
4.288       0.000052620531998693
4.289       0.000052536263581853
4.290       0.000050282988347364
4.291       0.000046010457687744
4.292       0.000040778447529876
4.293       0.000036321220961678
4.294       0.000033849502000938
4.295       0.000034650577893459
4.296       0.000041669972875434
4.297       0.000053132078236588
4.298       0.000067049946690018
4.299       0.000082508522107061
4.300       0.000099210635658292
4.301       0.000116803271496213
4.302       0.000133590773677930
4.303       0.000147988415681907
4.304       0.000158408805065825
4.305       0.000162339068093932
4.306       0.000159225190917184
4.307       0.000149330937905562
4.308       0.000133021423765520
4.309       0.000111081648861824
4.310       0.000087298523826912
4.311       0.000065116012023025
4.312       0.000045951201574662
4.313       0.000030946928955417
4.314       0.000021696449509424
4.315       0.000016712539514112
4.316       0.000015225380100356
4.317       0.000016655038194162
4.318       0.000020206510179532
4.319       0.000024532492874875
4.320       0.000027673784484653
4.321       0.000029596357358410
4.322       0.000030523202457751
4.323       0.000031108494035787
4.324       0.000032366581037554
4.325       0.000034341029383407
4.326       0.000037184139265678
4.327       0.000041115956575147
4.328       0.000044613064583629
4.329       0.000046158561317543
4.330       0.000047226810561385
4.331       0.000049967090130006
4.332       0.000060005829654361
4.333       0.000083812635457897
4.334       0.000111548319610369
4.335       0.000135745481229327
4.336       0.000147295765031148
4.337       0.000141732220133098
4.338       0.000134182841441066
4.339       0.000128608439106968
4.340       0.000125615078431535
4.341       0.000114460281281953
4.342       0.000103899786733195
4.343       0.000103548590683677
4.344       0.000116369818315157
4.345       0.000142526226760725
4.346       0.000177935800939222
4.347       0.000208905539084189
4.348       0.000232781381141023
4.349       0.000247601820440372
4.350       0.000250451808297839
4.351       0.000247363250315900
4.352       0.000241642665286142
4.353       0.000236267318102528
4.354       0.000234943618774000
4.355       0.000238380889161892
4.356       0.000236064639572452
4.357       0.000222263020568172
4.358       0.000194338216843698
4.359       0.000155978320057704
4.360       0.000117374304444945
4.361       0.000086315158936104
4.362       0.000066782485593268
4.363       0.000061761639323331
4.364       0.000071633365010232
4.365       0.000088657743753259
4.366       0.000109377513745790
4.367       0.000130576785480715
4.368       0.000148267833581281
4.369       0.000159090636926859
4.370       0.000163757408499943
4.371       0.000163044803744638
4.372       0.000158066947951549
4.373       0.000145507417863733
4.374       0.000123281872377021
4.375       0.000097690106833942
4.376       0.000075494111352999
4.377       0.000068653681637290
4.378       0.000088457846522616
4.379       0.000120160015142701
4.380       0.000151332896548631
4.381       0.000168347526243028
4.382       0.000168454728633985
4.383       0.000155820606360782
4.384       0.000134142327206821
4.385       0.000107068352014308
4.386       0.000079792120962277
4.387       0.000058754788429663
4.388       0.000044651759034044
4.389       0.000037691535384613
4.390       0.000037538925205999
4.391       0.000043009484855118
4.392       0.000054055109938826
4.393       0.000066439657396410
4.394       0.000079549599744919
4.395       0.000098850372112921
4.396       0.000124885432594410
4.397       0.000149263649933146
4.398       0.000170017620753887
4.399       0.000186311641899056
4.400       0.000197015798403026
4.401       0.000206150050384893
4.402       0.000215198228031427
4.403       0.000225556625417046
4.404       0.000239341903382276
4.405       0.000255540013600120
4.406       0.000272931339544855
4.407       0.000290496414539182
4.408       0.000306819752628910
4.409       0.000314467870869362
4.410       0.000244961661598764
4.411       0.000167572476132166
4.412       0.000117794949242050
4.413       0.000108400321387807
4.414       0.000114221486944862
4.415       0.000113340763788876
4.416       0.000104401619865108
4.417       0.000089932166092627
4.418       0.000079737260215956
4.419       0.000065505999290783
4.420       0.000056644614008221
4.421       0.000058927531634778
4.422       0.000077691812999547
4.423       0.000116199038999842
4.424       0.000157026618292866
4.425       0.000194243570385166
4.426       0.000223535158377239
4.427       0.000243337554252147
4.428       0.000254855880451248
4.429       0.000258915825654255
4.430       0.000254689427462304
4.431       0.000238391109982278
4.432       0.000184700100887114
4.433       0.000139814619091599
4.434       0.000106055468721125
4.435       0.000081227764982844
4.436       0.000062967802983038
4.437       0.000049241522590046
4.438       0.000038846224160158
4.439       0.000031072293241653
4.440       0.000025265793752406
4.441       0.000022430574944304
4.442       0.000023687359377807
4.443       0.000029938513483423
4.444       0.000041751910413071
4.445       0.000059247479635663
4.446       0.000073924500217572
4.447       0.000084586874715142
4.448       0.000090361574061587
4.449       0.000090043623560444
4.450       0.000076599380622322
4.451       0.000054958471928560
4.452       0.000034213747001924
4.453       0.000022804857077077
4.454       0.000027482234130738
4.455       0.000042392363042904
4.456       0.000057508264759594
4.457       0.000067474915549418
4.458       0.000067516409771692
4.459       0.000053813181285889
4.460       0.000037235125561093
4.461       0.000027771043328538
4.462       0.000032430835682870
4.463       0.000049575348884903
4.464       0.000068130213340650
4.465       0.000082429207539307
4.466       0.000090025557863604
4.467       0.000089528124937174
4.468       0.000082958837766857
4.469       0.000074956871830220
4.470       0.000067354193253429
4.471       0.000061141216219134
4.472       0.000054954407778869
4.473       0.000047768431026163
4.474       0.000039096832298274
4.475       0.000029880737948546
4.476       0.000022199675954661
4.477       0.000022286168210029
4.478       0.000026244436072166
4.479       0.000032547127811231
4.480       0.000039053697320773
4.481       0.000040680570715138
4.482       0.000037795243646430
4.483       0.000033743892583265
4.484       0.000030406437536060
4.485       0.000029680789802686
4.486       0.000034901726162811
4.487       0.000040476660539690
4.488       0.000045559484716275
4.489       0.000049578543744518
4.490       0.000052248707149464
4.491       0.000054474498190486
4.492       0.000057489115277858
4.493       0.000061638152508439
4.494       0.000066981254846082
4.495       0.000072965036372847
4.496       0.000075512522453920
4.497       0.000073221984317320
4.498       0.000065012814088494
4.499       0.000049810230225249
4.500       0.000044309630395228
4.501       0.000055699468760148
4.502       0.000083096097560548
4.503       0.000122309686688860
4.504       0.000169082220535854
4.505       0.000206211253793942
4.506       0.000230161645405076
4.507       0.000238863698261343
4.508       0.000230665714546316
4.509       0.000207238032624651
4.510       0.000177423495076295
4.511       0.000144934365621824
4.512       0.000113133013739108
4.513       0.000086382595613124
4.514       0.000065467204248063
4.515       0.000050003954327644
4.516       0.000039629113258527
4.517       0.000034146021875011
4.518       0.000031312953205383
4.519       0.000031149525360760
4.520       0.000035272333785953
4.521       0.000045660740564030
4.522       0.000065179582336719
4.523       0.000091349337641405
4.524       0.000120452612047434
4.525       0.000149273927644702
4.526       0.000173323691756072
4.527       0.000187766454067994
4.528       0.000192918491333176
4.529       0.000189716249325823
4.530       0.000179711209504274
4.531       0.000164039220146642
4.532       0.000150050256695136
4.533       0.000138541536072109
4.534       0.000126098352269399
4.535       0.000102028859341990
4.536       0.000079873303014871
4.537       0.000066807249302518
4.538       0.000076327750440114
4.539       0.000120508467670311
4.540       0.000190488657635490
4.541       0.000257945298267004
4.542       0.000314854550205246
4.543       0.000355712203964090
4.544       0.000374613183312226
4.545       0.000376077713842411
4.546       0.000369262102756757
4.547       0.000358852277773956
4.548       0.000348565365723086
4.549       0.000334901356654455
4.550       0.000313724261722492
4.551       0.000281357067012156
4.552       0.000234323066439279
4.553       0.000168851071151388
4.554       0.000127596851495965
4.555       0.000099776340244981
4.556       0.000081841663824904
4.557       0.000070374435761071
4.558       0.000061819655093567
4.559       0.000052667367258084
4.560       0.000043165168947645
4.561       0.000033496682425624
4.562       0.000023934508403857
4.563       0.000015916162703345
4.564       0.000010495869731734
4.565       0.000008970731925968
4.566       0.000012184877449466
4.567       0.000019339301493670
4.568       0.000027409361398750
4.569       0.000035142414153762
4.570       0.000041597629141563
4.571       0.000045621031431436
4.572       0.000046687954128264
4.573       0.000045321041760200
4.574       0.000041664504745610
4.575       0.000036438849438016
4.576       0.000033381915432638
4.577       0.000038052732220531
4.578       0.000047692486925308
4.579       0.000060513296184284
4.580       0.000074281885501154
4.581       0.000082741778236622
4.582       0.000084845667505761
4.583       0.000084068353652189
4.584       0.000083837210554962
4.585       0.000087031237592357
4.586       0.000095801385187992
4.587       0.000106548169448217
4.588       0.000116299927584305
4.589       0.000121252958429722
4.590       0.000118846164290167
4.591       0.000112614623575685
4.592       0.000108978514793159
4.593       0.000113196050579051
4.594       0.000128209150422026
4.595       0.000143722624388880
4.596       0.000154715066816333
4.597       0.000156937145672512
4.598       0.000145853072678892
4.599       0.000132181424959164
4.600       0.000125969046037868
4.601       0.000132546477310230
4.602       0.000155581703918772
4.603       0.000197217170673225
4.604       0.000236826773702875
4.605       0.000269783696700332
4.606       0.000293018818887873
4.607       0.000303372919516619
4.608       0.000290962484561591
4.609       0.000259419697147184
4.610       0.000214629518445419
4.611       0.000162578569070954
4.612       0.000111672404488977
4.613       0.000095666512042312
4.614       0.000108813734164354
4.615       0.000141649220416457
4.616       0.000179970958601922
4.617       0.000211057937629502
4.618       0.000228057659805464
4.619       0.000231494099421199
4.620       0.000222617783759871
4.621       0.000203238317601065
4.622       0.000177140915895435
4.623       0.000147922081110974
4.624       0.000117580972280429
4.625       0.000088193571402315
4.626       0.000062784534394331
4.627       0.000043665132699960
4.628       0.000030494526867687
4.629       0.000023034159933689
4.630       0.000021777251250851
4.631       0.000023883140681493
4.632       0.000027138125630204
4.633       0.000031149736946085
4.634       0.000035877182358483
4.635       0.000041619837411182
4.636       0.000048450186408588
4.637       0.000056203436240021
4.638       0.000064629142132989
4.639       0.000073259906793410
4.640       0.000082884039299645
4.641       0.000093693007244454
4.642       0.000105788856585534
4.643       0.000119243583399320
4.644       0.000134756553971951
4.645       0.000150202573157079
4.646       0.000164288292815361
4.647       0.000175281788065512
4.648       0.000179331537521865
4.649       0.000171388188498198
4.650       0.000156486965025585
4.651       0.000137741026805333
4.652       0.000119106768527749
4.653       0.000111855306087049
4.654       0.000111581143536507
4.655       0.000113779105176735
4.656       0.000115528500640038
4.657       0.000114303975382583
4.658       0.000106530929326713
4.659       0.000096867588758327
4.660       0.000087032034282987
4.661       0.000078390445517572
4.662       0.000071630604174845
4.663       0.000066101371331239
4.664       0.000060758473471589
4.665       0.000055136854601023
4.666       0.000049257154420400
4.667       0.000044673759017642
4.668       0.000041975174018032
4.669       0.000042254010131786
4.670       0.000046421479489307
4.671       0.000054065609838443
4.672       0.000061886854795912
4.673       0.000068850237325818
4.674       0.000074108529242492
4.675       0.000076513957495218
4.676       0.000075869213993624
4.677       0.000073194287181399
4.678       0.000068800388264741
4.679       0.000062991119665221
4.680       0.000055836875952259
4.681       0.000048250226169846
4.682       0.000040565182656022
4.683       0.000033044226952356
4.684       0.000026095590871546
4.685       0.000021826315633669
4.686       0.000020631098511501
4.687       0.000021853865864121
4.688       0.000024695135588962
4.689       0.000028752459792808
4.690       0.000032742269753562
4.691       0.000036589842011912
4.692       0.000040802594595150
4.693       0.000046548454941994
4.694       0.000053028979294635
4.695       0.000059730706125930
4.696       0.000066519127877113
4.697       0.000073443787693563
4.698       0.000081577931627691
4.699       0.000092876395983071
4.700       0.000107443710394284
4.701       0.000124722865141577
4.702       0.000143234598866906
4.703       0.000157732805660192
4.704       0.000170669337942707
4.705       0.000183740793729195
4.706       0.000198426471890778
4.707       0.000215855604876899
4.708       0.000233677334670654
4.709       0.000246849936599760
4.710       0.000252964173151321
4.711       0.000250316162734063
4.712       0.000237815345664749
4.713       0.000221151496899538
4.714       0.000202214988695187
4.715       0.000182548198375099
4.716       0.000163013737357456
4.717       0.000143082158312810
4.718       0.000123259132413955
4.719       0.000103915074368799
4.720       0.000085502576371008
4.721       0.000069161253206149
4.722       0.000054476573190812
4.723       0.000041676399816289
4.724       0.000030962923854926
4.725       0.000022876099353409
4.726       0.000016963674734770
4.727       0.000012663734999181
4.728       0.000009950661323979
4.729       0.000008957066906238
4.730       0.000010272489924220
4.731       0.000013176580819167
4.732       0.000017739448995555
4.733       0.000023592638067116
4.734       0.000028946735684108
4.735       0.000031567096047292
4.736       0.000031063325613930
4.737       0.000028462313128747
4.738       0.000026303529919974
4.739       0.000043802204719945
4.740       0.000072754495551219
4.741       0.000107144387569175
4.742       0.000141570118418616
4.743       0.000170017533490149
4.744       0.000191527834332475
4.745       0.000217960426384611
4.746       0.000252371245679256
4.747       0.000294634255462639
4.748       0.000326596968776779
4.749       0.000344043478491107
4.750       0.000346343739522442
4.751       0.000331975921845418
4.752       0.000293652201575123
4.753       0.000215609498339375
4.754       0.000136291331882699
4.755       0.000075276514773903
4.756       0.000048950263687834
4.757       0.000053746838956967
4.758       0.000067997923069510
4.759       0.000084841280365212
4.760       0.000097219087592854
4.761       0.000093801061549582
4.762       0.000085994108209808
4.763       0.000081956546126844
4.764       0.000080817916574839
4.765       0.000079331222189526
4.766       0.000073425648099063
4.767       0.000069928601861684
4.768       0.000072197895026257
4.769       0.000082488775687034
4.770       0.000103018430447077
4.771       0.000133974861622838
4.772       0.000165983251953050
4.773       0.000196248241388031
4.774       0.000222597235980296
4.775       0.000237958063735195
4.776       0.000236672398169907
4.777       0.000218580475430857
4.778       0.000183544450920170
4.779       0.000131341220787062
4.780       0.000085490303119828
4.781       0.000055357565284533
4.782       0.000046010633216173
4.783       0.000060453604409677
4.784       0.000093218727894515
4.785       0.000117663792772879
4.786       0.000133808429705527
4.787       0.000141729647805002
4.788       0.000141447507682295
4.789       0.000135352764729951
4.790       0.000126740807838588
4.791       0.000117585198320079
4.792       0.000110089787006206
4.793       0.000108816718220368
4.794       0.000111931584959923
4.795       0.000118646262733085
4.796       0.000127897855518394
4.797       0.000137689730568928
4.798       0.000146055456896929
4.799       0.000154264734265899
4.800       0.000162329734290236
4.801       0.000169992901090862
4.802       0.000175808207160571
4.803       0.000178584146406783
4.804       0.000176085759104112
4.805       0.000166483932367859
4.806       0.000147294518447499
4.807       0.000117545029570787
4.808       0.000084626041806674
4.809       0.000058162540751597
4.810       0.000047376954220843
4.811       0.000059521497966869
4.812       0.000085184864415777
4.813       0.000117788231374427
4.814       0.000150105329702638
4.815       0.000170647790774751
4.816       0.000175525952348290
4.817       0.000172434631415572
4.818       0.000163962859282017
4.819       0.000152503119106716
4.820       0.000140386764261348
4.821       0.000132031870565551
4.822       0.000128876250352180
4.823       0.000130453214521941
4.824       0.000134727966985972
4.825       0.000143007863252734
4.826       0.000152056939646032
4.827       0.000160562809098042
4.828       0.000166802580409782
4.829       0.000165341830814097
4.830       0.000150137369979986
4.831       0.000128021018623012
4.832       0.000104228691520339
4.833       0.000085384016816813
4.834       0.000075954562894666
4.835       0.000073577340961364
4.836       0.000074888883987137
4.837       0.000076270835777183
4.838       0.000072538664442172
4.839       0.000064867332612253
4.840       0.000054548476611453
4.841       0.000043041588592127
4.842       0.000032549190872769
4.843       0.000025802450761687
4.844       0.000020408485279198
4.845       0.000016051921573442
4.846       0.000012792922629498
4.847       0.000012175672898988
4.848       0.000014697096336738
4.849       0.000019206492727564
4.850       0.000025360316397237
4.851       0.000032821587666258
4.852       0.000036847001794294
4.853       0.000036557413092060
4.854       0.000033260473656736
4.855       0.000028393128633810
4.856       0.000024223596580088
4.857       0.000030782308752086
4.858       0.000050628044644896
4.859       0.000079664612871039
4.860       0.000109616811698340
4.861       0.000132546227760863
4.862       0.000149582069130579
4.863       0.000160459243538424
4.864       0.000165345786951916
4.865       0.000164770785338001
4.866       0.000160052650498635
4.867       0.000153656861148793
4.868       0.000146383466479001
4.869       0.000138758134370996
4.870       0.000131708409150749
4.871       0.000126377230311418
4.872       0.000123499667765299
4.873       0.000123791541267865
4.874       0.000128769502392975
4.875       0.000139820799182233
4.876       0.000156735248974055
4.877       0.000180089417565421
4.878       0.000210512316838996
4.879       0.000250507691074181
4.880       0.000294224344728700
4.881       0.000343103233240827
4.882       0.000388030515644473
4.883       0.000392856355936951
4.884       0.000387436580455550
4.885       0.000375549670067157
4.886       0.000358313707395461
4.887       0.000336928109557502
4.888       0.000316025596855798
4.889       0.000298198947699752
4.890       0.000285390792246321
4.891       0.000272154895656962
4.892       0.000236498609349267
4.893       0.000186663937252224
4.894       0.000145188737750046
4.895       0.000114855694134386
4.896       0.000094266036634615
4.897       0.000081948054916639
4.898       0.000072550625536225
4.899       0.000064962488082215
4.900       0.000059099061988841
4.901       0.000056603802898059
4.902       0.000058867687675653
4.903       0.000063756858226897
4.904       0.000070430860882750
4.905       0.000077761032009398
4.906       0.000080909275260393
4.907       0.000079407976853303
4.908       0.000077159803521022
4.909       0.000076847569950085
4.910       0.000081128948958724
4.911       0.000089547911681316
4.912       0.000099838412956153
4.913       0.000109568483228344
4.914       0.000115910929834453
4.915       0.000113746841683839
4.916       0.000102756600828383
4.917       0.000084128708065345
4.918       0.000061605632096853
4.919       0.000044251346490387
4.920       0.000040412396417166
4.921       0.000050623276253409
4.922       0.000074685829544702
4.923       0.000110354212834479
4.924       0.000144803825383691
4.925       0.000169402552854372
4.926       0.000183227212673972
4.927       0.000185866737062571
4.928       0.000177182603625259
4.929       0.000159114365145194
4.930       0.000136918735205466
4.931       0.000112933074480459
4.932       0.000089300623529492
4.933       0.000068032183413558
4.934       0.000051656283056582
4.935       0.000039877512230703
4.936       0.000032263684382760
4.937       0.000027994107812618
4.938       0.000026142355188316
4.939       0.000024677192287934
4.940       0.000023151597873410
4.941       0.000021314714341672
4.942       0.000019323805348625
4.943       0.000017399525073748
4.944       0.000015696146092117
4.945       0.000014285200530357
4.946       0.000013211744937502
4.947       0.000012608887546610
4.948       0.000012336465976860
4.949       0.000012378944669633
4.950       0.000012742991254241
4.951       0.000013618546369615
4.952       0.000015194437316488
4.953       0.000017595948864191
4.954       0.000020921264036761
4.955       0.000025264380177630
4.956       0.000030414704609027
4.957       0.000035411900543646
4.958       0.000039623307948216
4.959       0.000042546297060485
4.960       0.000043804177476284
4.961       0.000043594415876771
4.962       0.000043014006657011
4.963       0.000043757548371177
4.964       0.000048476009841744
4.965       0.000058526156137377
4.966       0.000071111200964105
4.967       0.000085936639014392
4.968       0.000102652480562140
4.969       0.000120642880997460
4.970       0.000139328029284541
4.971       0.000158330433574688
4.972       0.000176756056649505
4.973       0.000193030570401140
4.974       0.000201936039417035
4.975       0.000205465358432850
4.976       0.000205744565866092
4.977       0.000204929791298198
4.978       0.000205993383602214
4.979       0.000215322740804685
4.980       0.000231732795979170
4.981       0.000252141580626447
4.982       0.000271502140205764
4.983       0.000283328946930476
4.984       0.000284646731325000
4.985       0.000272656196421250
4.986       0.000246131355425172
4.987       0.000205666185231407
4.988       0.000155986292963539
4.989       0.000112382121539911
4.990       0.000084335725934179
4.991       0.000080326958854973
4.992       0.000092989607349478
4.993       0.000106086571706368
4.994       0.000113447973560488
4.995       0.000108462047604174
4.996       0.000079323119739710
4.997       0.000051880995706175
4.998       0.000051345396132080
4.999       0.000080922444200215
5.000       0.000135584580025938
