# author : Oliver Czoske
# source : E-LIS-MPIA-MET-1208_1-0
# date_created : 2025-06-18
# date_modified : 2025-06-21
# status : Measurement
# type : filter:transmission
# wavelength_unit : um
# center : 11.2853
# comment : PAH_11.25 filter, built by Materion, procured by MPIA
# changes :
#    - 2025-06-21 (OC) cut to 10.8-12.0 um as for PAH_11.25_ref
#
wavelength  transmission
10.80000       0.000943914645049698
10.80100       0.000958247712255805
10.80200       0.000973050928245817
10.80300       0.000988290806211489
10.80400       0.001003920621208300
10.80500       0.001019843418240520
10.80600       0.001035956498140510
10.80700       0.001052173310438360
10.80800       0.001068392783785840
10.80900       0.001084532444525550
10.81000       0.001100489504107600
10.81100       0.001116159967165410
10.81200       0.001131621719209470
10.81300       0.001147102061760470
10.81400       0.001162717333190950
10.81500       0.001178420767952710
10.81600       0.001194152116158420
10.81700       0.001209824573803640
10.81800       0.001225289465823430
10.81900       0.001240434579158820
10.82000       0.001255127722920140
10.82100       0.001269225771627610
10.82200       0.001282647531199190
10.82300       0.001295259350511810
10.82400       0.001306972643826700
10.82500       0.001317933441481360
10.82600       0.001328290198962990
10.82700       0.001338073226468330
10.82800       0.001347278957800030
10.82900       0.001355915840190600
10.83000       0.001363977240009900
10.83100       0.001371449414118180
10.83200       0.001378328536115030
10.83300       0.001384616479176250
10.83400       0.001390300940364510
10.83500       0.001395321668518540
10.83600       0.001399604564951850
10.83700       0.001403093128104140
10.83800       0.001405710783854710
10.83900       0.001407431418647110
10.84000       0.001408383625640400
10.84100       0.001408740401721610
10.84200       0.001408635138228740
10.84300       0.001408223526308710
10.84400       0.001407645779377800
10.84500       0.001407065044330710
10.84600       0.001406671784747080
10.84700       0.001406447923767250
10.84800       0.001406173402098630
10.84900       0.001405683490697320
10.85000       0.001404852893826990
10.85100       0.001403540342988280
10.85200       0.001401843368155990
10.85300       0.001400095333465430
10.85400       0.001398565835487770
10.85500       0.001397527389886130
10.85600       0.001397272298731310
10.85700       0.001398033653942450
10.85800       0.001400161955444340
10.85900       0.001403894511479770
10.86000       0.001409033825163340
10.86100       0.001415265733053510
10.86200       0.001422467320634810
10.86300       0.001430555413800620
10.86400       0.001439471184788740
10.86500       0.001449363114083130
10.86600       0.001460437050958260
10.86700       0.001472814793841730
10.86800       0.001486684795333980
10.86900       0.001502202770584410
10.87000       0.001519488796151190
10.87100       0.001538734651925720
10.87200       0.001559999603040430
10.87300       0.001583237006709870
10.87400       0.001608415565863000
10.87500       0.001635445672557410
10.87600       0.001664202075784330
10.87700       0.001694605413358640
10.87800       0.001726560461830230
10.87900       0.001759976043589240
10.88000       0.001794774478509510
10.88100       0.001830852910308710
10.88200       0.001868140883303390
10.88300       0.001906575132693040
10.88400       0.001946110962506460
10.88500       0.001986842722583590
10.88600       0.002028943790659150
10.88700       0.002072468523365400
10.88800       0.002117346694761930
10.88900       0.002163514679660140
10.89000       0.002210909874201580
10.89100       0.002259448493221910
10.89200       0.002309060146298060
10.89300       0.002359672322763570
10.89400       0.002411217063023610
10.89500       0.002463608293855950
10.89600       0.002516738873405870
10.89700       0.002570566314129440
10.89800       0.002625083098677480
10.89900       0.002680282232480400
10.90000       0.002736261647114600
10.90100       0.002793173224566400
10.90200       0.002851123854193280
10.90300       0.002910243082164370
10.90400       0.002970650543133610
10.90500       0.003032470853204900
10.90600       0.003095882645723580
10.90700       0.003160938372800740
10.90800       0.003227528660457950
10.90900       0.003295558971333820
10.91000       0.003364893985369100
10.91100       0.003435278242205910
10.91200       0.003506654611881380
10.91300       0.003579352911989410
10.91400       0.003653641130730410
10.91500       0.003729699218502410
10.91600       0.003807777790084570
10.91700       0.003888073601803320
10.91800       0.003970869011971860
10.91900       0.004056436404739740
10.92000       0.004144717583614900
10.92100       0.004235505733654280
10.92200       0.004328668021928990
10.92300       0.004424037491685740
10.92400       0.004521455074782300
10.92500       0.004621014746457600
10.92600       0.004712748743502470
10.92700       0.004782402294110310
10.92800       0.004864659149148580
10.92900       0.004972169974631240
10.93000       0.005082790977246180
10.93100       0.005196693482267810
10.93200       0.005313891913862000
10.93300       0.005434127655028490
10.93400       0.005557151042268500
10.93500       0.005682874707434230
10.93600       0.005811275583292640
10.93700       0.005942435527158900
10.93800       0.006076616414175010
10.93900       0.006214098532750120
10.94000       0.008562371568928031
10.94100       0.010098815156089900
10.94200       0.010314105565772299
10.94300       0.010533618335568699
10.94400       0.010758176721667600
10.94500       0.010988160847089600
10.94600       0.011223970852727300
10.94700       0.011466028723922300
10.94800       0.011714340606424000
10.94900       0.011968922269825400
10.95000       0.012229973507426700
10.95100       0.012496980887516600
10.95200       0.012768781095481499
10.95300       0.013044823142703599
10.95400       0.013325647519516299
10.95500       0.013611961352159700
10.95600       0.013904234060556899
10.95700       0.014203208630405100
10.95800       0.014509726740692400
10.95900       0.014823805508363401
10.96000       0.015145747627169500
10.96100       0.015475653802370400
10.96200       0.015813107263215699
10.96300       0.016158167083774700
10.96400       0.016511241775830399
10.96500       0.016871509759150100
10.96600       0.017237495745939999
10.96700       0.017609453170437401
10.96800       0.017988712463433899
10.96900       0.018375667578761901
10.97000       0.018770855296626400
10.97100       0.019175446614851498
10.97200       0.019589628942707500
10.97300       0.020013448375904901
10.97400       0.020447255712530098
10.97500       0.020891121642903500
10.97600       0.021345713357830799
10.97700       0.021811871033606600
10.97800       0.022288820942581101
10.97900       0.022774081357516400
10.98000       0.023266393380321701
10.98100       0.023767091128885202
10.98200       0.024277760855404999
10.98300       0.024799215680593199
10.98400       0.025332550488057499
10.98500       0.025877945996710700
10.98600       0.026436012488654900
10.98700       0.027009163576088301
10.98800       0.027598835240268300
10.98900       0.028206037455832202
10.99000       0.028831601834760998
10.99100       0.029473997660957700
10.99200       0.030128337897875401
10.99300       0.030792096268346100
10.99400       0.031467810353492900
10.99500       0.032158373537647798
10.99600       0.032862923364806597
10.99700       0.033584022478549101
10.99800       0.034323601263185601
10.99900       0.035083712413793898
11.00000       0.035868482798440099
11.00100       0.036680234985311699
11.00200       0.037517978321872598
11.00300       0.038381488373287802
11.00400       0.039269226585661302
11.00500       0.040177159210747597
11.00600       0.041101853497533397
11.00700       0.042043859123571899
11.00800       0.043006350905528699
11.00900       0.043992159409697300
11.01000       0.045004299730568000
11.01100       0.046046503147188403
11.01200       0.047121059308127003
11.01300       0.048230067872395900
11.01400       0.049376760223630398
11.01500       0.050562397005359500
11.01600       0.051785802697473599
11.01700       0.053045669150355600
11.01800       0.054337742575921097
11.01900       0.055655776818630501
11.02000       0.057000718930440897
11.02100       0.058380045237283802
11.02200       0.059798864890884901
11.02300       0.061259554619933702
11.02400       0.062763223117361405
11.02500       0.064310162697129400
11.02600       0.065905892482344797
11.02700       0.067558662650444704
11.02800       0.069270906825217096
11.02900       0.071039339107933600
11.03000       0.072857047077413001
11.03100       0.074729764743764804
11.03200       0.076703745387682404
11.03300       0.078784315743508401
11.03400       0.080935455291708494
11.03500       0.083144964055094306
11.03600       0.085407542934365893
11.03700       0.087725171143418407
11.03800       0.090106725612297794
11.03900       0.092561288697506697
11.04000       0.095098469053020607
11.04100       0.097715659004507002
11.04200       0.100402079249719001
11.04300       0.103153910756695999
11.04400       0.105974972465980005
11.04500       0.108864213135131005
11.04600       0.111820305556300001
11.04700       0.114840649316675994
11.04800       0.117931327630274002
11.04900       0.121093030293402001
11.05000       0.124332618606067993
11.05100       0.127661291338454996
11.05200       0.131083687810012006
11.05300       0.134598973254199006
11.05400       0.138207105819205006
11.05500       0.141906753530520013
11.05600       0.145697186850200000
11.05700       0.149579980369153986
11.05800       0.153551895798215987
11.05900       0.157606856825423997
11.06000       0.161745400951318008
11.06100       0.165973603031340011
11.06200       0.170297080529615008
11.06300       0.174720098485422998
11.06400       0.179246369536983002
11.06500       0.183878041406416004
11.06600       0.188616131150154992
11.06700       0.193462296390570998
11.06800       0.198417316571016994
11.06900       0.203482827287501999
11.07000       0.208660236583710995
11.07100       0.213946997082451990
11.07200       0.219340662811113002
11.07300       0.224841657083203000
11.07400       0.230450986457463008
11.07500       0.236169405983019998
11.07600       0.241995816961846993
11.07700       0.247926694426610000
11.07800       0.253959141866217986
11.07900       0.260090940419771988
11.08000       0.266320978454601009
11.08100       0.272654330690144997
11.08200       0.279098256037557002
11.08300       0.285648963536146994
11.08400       0.292302704853782014
11.08500       0.299061103720035026
11.08600       0.305930125069309999
11.08700       0.312913715380219004
11.08800       0.320004058877159991
11.08900       0.327186193685505999
11.09000       0.334443506276286995
11.09100       0.341761057278930025
11.09200       0.349146710526710979
11.09300       0.356603454171577017
11.09400       0.364123061945520021
11.09500       0.371700586798198007
11.09600       0.379330246168421981
11.09700       0.387000952644199980
11.09800       0.394738184495637023
11.09900       0.402585135546871975
11.10000       0.410530276338804012
11.10100       0.418535081128837028
11.10200       0.426572675833057025
11.10300       0.434624310340694986
11.10400       0.442689739524623982
11.10500       0.450782192860856024
11.10600       0.458887309556359979
11.10700       0.466978056767217986
11.10800       0.475034303125526025
11.10900       0.483052655924609997
11.11000       0.491051821263226995
11.11100       0.499061633604611976
11.11200       0.507108458003272977
11.11300       0.515189309021195974
11.11400       0.523266771864413949
11.11500       0.531317449475352976
11.11600       0.539343525181152028
11.11700       0.547337588438707945
11.11800       0.555290641437978016
11.11900       0.563184920336851969
11.12000       0.570988853014383957
11.12100       0.578689469443589011
11.12200       0.586293107825384019
11.12300       0.593803967132928046
11.12400       0.601236757241309983
11.12500       0.608619392067823006
11.12600       0.615962668212432951
11.12700       0.623251926157934011
11.12800       0.630471051776453018
11.12900       0.637611990594578959
11.13000       0.644661343405644960
11.13100       0.651604652220995950
11.13200       0.658432393865340027
11.13300       0.665138454963312031
11.13400       0.671710744783894032
11.13500       0.678141166433348985
11.13600       0.684422737172895035
11.13700       0.690554985392822007
11.13800       0.696564498746923055
11.13900       0.702477392492880992
11.14000       0.708287306429127961
11.14100       0.713975675246742991
11.14200       0.719536006930326044
11.14300       0.724965159329847952
11.14400       0.730257831060675988
11.14500       0.735419682560938037
11.14600       0.740444467182364008
11.14700       0.745318719311548028
11.14800       0.750043460983512045
11.14900       0.754609437872545974
11.15000       0.759019490469853952
11.15100       0.763280036701374009
11.15200       0.767396692306569039
11.15300       0.771371070656378999
11.15400       0.775205907803581007
11.15500       0.778902402272194982
11.15600       0.782459942398354036
11.15700       0.785881358478725978
11.15800       0.789173535992006014
11.15900       0.792346422513404036
11.16000       0.795408527484852024
11.16100       0.798359305264697006
11.16200       0.801192130974836991
11.16300       0.803902461875715013
11.16400       0.806484470920505014
11.16500       0.808930749765285007
11.16600       0.811244525912709014
11.16700       0.813432861043487998
11.16800       0.815496487635993028
11.16900       0.817437687535559010
11.17000       0.819270695985184982
11.17100       0.821009873710998983
11.17200       0.822671195307628000
11.17300       0.824266175093515963
11.17400       0.825791164837837988
11.17500       0.827243440852174050
11.17600       0.828628673723198039
11.17700       0.829944625232824973
11.17800       0.831176095311041974
11.17900       0.832310724537121960
11.18000       0.833348524953354985
11.18100       0.834292681689723037
11.18200       0.835148091237391976
11.18300       0.835931235842369946
11.18400       0.836660330882977976
11.18500       0.837343968222258983
11.18600       0.837987168121887005
11.18700       0.838593000513652043
11.18800       0.839163498790209017
11.18900       0.839704894385999046
11.19000       0.840218920034439987
11.19100       0.840692280775682033
11.19200       0.841108695374377047
11.19300       0.841467381723692953
11.19400       0.841775929753824981
11.19500       0.842036026884671052
11.19600       0.842249492567690994
11.19700       0.842423895016441993
11.19800       0.842564907879091995
11.19900       0.842682352178440008
11.20000       0.842785346201036956
11.20100       0.842872967879762958
11.20200       0.842947475659414969
11.20300       0.843007417177740970
11.20400       0.843048787016046020
11.20500       0.843070835663822016
11.20600       0.843075438409006006
11.20700       0.843062262896653980
11.20800       0.843024237867352033
11.20900       0.842955150181366020
11.21000       0.842861127382692032
11.21100       0.842753437466881028
11.21200       0.842640045432010987
11.21300       0.842524229566210980
11.21400       0.842402504174773026
11.21500       0.842270415494173030
11.21600       0.842132786322556948
11.21700       0.841996165530196961
11.21800       0.841863061322407957
11.21900       0.841733245753637949
11.22000       0.841601604775155998
11.22100       0.841459886621945041
11.22200       0.841306086345360971
11.22300       0.841145939996698955
11.22400       0.840985560037512014
11.22500       0.840827915818266991
11.22600       0.840672769851198987
11.22700       0.840517904204863053
11.22800       0.840363977419222974
11.22900       0.840214279079539050
11.23000       0.840071932871659044
11.23100       0.839938391431830023
11.23200       0.839812529406985031
11.23300       0.839691757962587992
11.23400       0.839574418552049950
11.23500       0.839460333642403023
11.23600       0.839350118054726035
11.23700       0.839244595207534028
11.23800       0.839144013154915047
11.23900       0.839048095162422958
11.24000       0.838956930870315976
11.24100       0.838871046621450955
11.24200       0.838790399887050953
11.24300       0.838714420220331047
11.24400       0.838643063104335007
11.24500       0.838577079110297996
11.24600       0.838517364171128987
11.24700       0.838465380056609977
11.24800       0.838422998845752998
11.24900       0.838389479392352976
11.25000       0.838361758625374986
11.25100       0.838339232484146990
11.25200       0.838321998955969039
11.25300       0.838309830642863019
11.25400       0.838303410887845990
11.25500       0.838301030598290975
11.25600       0.838300330882436051
11.25700       0.838300895394153978
11.25800       0.838302914845758029
11.25900       0.838307380134120983
11.26000       0.838318107244027999
11.26100       0.838338674107266035
11.26200       0.838367917401123042
11.26300       0.838402365130348048
11.26400       0.838441242765126993
11.26500       0.838486064958230970
11.26600       0.838536931173652023
11.26700       0.838595750471489043
11.26800       0.838662808244635016
11.26900       0.838733880604265014
11.27000       0.838806945825966044
11.27100       0.838880882453032051
11.27200       0.838955361096885954
11.27300       0.839034358263400004
11.27400       0.839121549688009005
11.27500       0.839214752603585024
11.27600       0.839310504830616977
11.27700       0.839407852667052978
11.27800       0.839508043007792026
11.27900       0.839615302033446032
11.28000       0.839733492859018993
11.28100       0.839862900869709050
11.28200       0.840000351570820980
11.28300       0.840142143390716023
11.28400       0.840287216980462048
11.28500       0.840437752749866984
11.28600       0.840595611578604962
11.28700       0.840759342811808974
11.28800       0.840925296250556009
11.28900       0.841090531677931019
11.29000       0.841254786206547034
11.29100       0.841420664874069968
11.29200       0.841591924799068969
11.29300       0.841770936298619987
11.29400       0.841958037171815055
11.29500       0.842152628906201017
11.29600       0.842353827297541047
11.29700       0.842562088950567945
11.29800       0.842778874566117997
11.29900       0.843003153538663952
11.30000       0.843230118313091026
11.30100       0.843455359491655954
11.30200       0.843678164645948026
11.30300       0.843899402456292025
11.30400       0.844119350227706011
11.30500       0.844339365880483972
11.30600       0.844561122589402968
11.30700       0.844785091427044055
11.30800       0.845014415782511019
11.30900       0.845251312634972995
11.31000       0.845495077692051011
11.31100       0.845744599334177005
11.31200       0.845997414390566971
11.31300       0.846247975735144986
11.31400       0.846492522444327045
11.31500       0.846732079090433021
11.31600       0.846967013272306946
11.31700       0.847195555199337980
11.31800       0.847418295979858960
11.31900       0.847638384554179947
11.32000       0.847858221781398025
11.32100       0.848080804032990021
11.32200       0.848308970452361977
11.32300       0.848539990518139997
11.32400       0.848771688263297963
11.32500       0.849002254597541972
11.32600       0.849228097725350017
11.32700       0.849447973075369012
11.32800       0.849663262795326002
11.32900       0.849873194051930958
11.33000       0.850076246529822055
11.33100       0.850274345628007966
11.33200       0.850472126933725980
11.33300       0.850673529622806956
11.33400       0.850879949374475975
11.33500       0.851090347038018002
11.33600       0.851302632339148047
11.33700       0.851515383646291979
11.33800       0.851728119762010016
11.33900       0.851940999749558947
11.34000       0.852155171872357009
11.34100       0.852372402386697980
11.34200       0.852594483533293035
11.34300       0.852824016932775986
11.34400       0.853065118975381953
11.34500       0.853321823682371972
11.34600       0.853595672290950014
11.34700       0.853885110261221048
11.34800       0.854186121201007009
11.34900       0.854495399798123945
11.35000       0.854812470964598003
11.35100       0.855138056751819975
11.35200       0.855474414841836950
11.35300       0.855823827479925026
11.35400       0.856185826636687963
11.35500       0.856561531107908003
11.35600       0.856961880873546966
11.35700       0.857398199676169037
11.35800       0.857872742232562047
11.35900       0.858384114412972021
11.36000       0.858931722240614981
11.36100       0.859503786168610007
11.36200       0.860090233300887963
11.36300       0.860693417083280954
11.36400       0.861314812389859963
11.36500       0.861954862238321962
11.36600       0.862613834816248981
11.36700       0.863282715227367992
11.36800       0.863953954944828961
11.36900       0.864641093308705977
11.37000       0.865362634353508020
11.37100       0.866122517196372010
11.37200       0.866924466971250030
11.37300       0.867771052311962054
11.37400       0.868648035111723948
11.37500       0.869540619111576985
11.37600       0.870450086221383978
11.37700       0.871372314020335992
11.37800       0.872299290900655055
11.37900       0.873227537241592966
11.38000       0.874142072967568962
11.38100       0.875034660924530971
11.38200       0.875908021247056023
11.38300       0.876761618261995945
11.38400       0.877596930840732981
11.38500       0.878431453107711979
11.38600       0.879283750918215978
11.38700       0.880153450217702971
11.38800       0.881027200044256054
11.38900       0.881892318028976052
11.39000       0.882734949039355010
11.39100       0.883539413298401022
11.39200       0.884298636209544964
11.39300       0.885007909074275956
11.39400       0.885655634521809954
11.39500       0.886227452713736041
11.39600       0.886704422346800025
11.39700       0.887068529813570983
11.39800       0.887330257799887945
11.39900       0.887531474093258055
11.40000       0.887696975238535968
11.40100       0.887811813476778955
11.40200       0.887856763357873002
11.40300       0.887819162891596014
11.40400       0.887675081624306972
11.40500       0.887413298229731029
11.40600       0.887038194438402039
11.40700       0.886532035592364043
11.40800       0.885883458578919036
11.40900       0.885068103777606030
11.41000       0.884057416986660960
11.41100       0.882850585180198988
11.41200       0.881466047075669001
11.41300       0.879914856356478037
11.41400       0.878200783323900946
11.41500       0.876326287110885005
11.41600       0.874281115730131009
11.41700       0.872051608216943053
11.41800       0.869623140737668998
11.41900       0.866986244115469984
11.42000       0.864133888743487955
11.42100       0.861068828762463045
11.42200       0.857786520249121054
11.42300       0.854267349372328955
11.42400       0.850493987312923028
11.42500       0.846450064612938036
11.42600       0.842121994396678009
11.42700       0.837517869996361020
11.42800       0.832654036471553005
11.42900       0.827528169421654969
11.43000       0.822129422599082949
11.43100       0.816449968092143985
11.43200       0.810480975452903984
11.43300       0.804235466100791996
11.43400       0.797739632524269049
11.43500       0.791006760076655047
11.43600       0.784029468370689986
11.43700       0.776796545088928037
11.43800       0.769301729124649003
11.43900       0.761546924907279044
11.44000       0.753538476950908032
11.44100       0.745262005124259996
11.44200       0.736686239758270967
11.44300       0.727804437063980014
11.44400       0.718633052244058046
11.44500       0.709183008535874015
11.44600       0.699477462988312038
11.44700       0.689556102754209976
11.44800       0.679428308826303007
11.44900       0.669103561002102998
11.45000       0.658604364558967981
11.45100       0.647950125861697979
11.45200       0.637176173546479041
11.45300       0.626308570334388026
11.45400       0.615310638581334945
11.45500       0.604128460296494030
11.45600       0.592764370701416965
11.45700       0.581238127907113045
11.45800       0.569558470827047025
11.45900       0.557744945913384971
11.46000       0.545826326216144020
11.46100       0.533817650158141976
11.46200       0.521749106615515990
11.46300       0.509662701384741013
11.46400       0.497586204658575004
11.46500       0.485556355229334990
11.46600       0.473593473638516005
11.46700       0.461683452270563011
11.46800       0.449827714230223996
11.46900       0.438042044439242995
11.47000       0.426321050783571021
11.47100       0.414641542054709988
11.47200       0.403000150066616991
11.47300       0.391417135968169017
11.47400       0.379910472095617013
11.47500       0.368501165052862012
11.47600       0.357227525016015013
11.47700       0.346108947505356979
11.47800       0.335165277799091998
11.47900       0.324416991351058004
11.48000       0.313865645029310025
11.48100       0.303526858365287977
11.48200       0.293423911218795019
11.48300       0.283547675179689984
11.48400       0.273872862881959001
11.48500       0.264394911240785013
11.48600       0.255121947158726992
11.48700       0.246055359367801013
11.48800       0.237194211228882013
11.48900       0.228545556204438005
11.49000       0.220117686695686987
11.49100       0.211919818714520009
11.49200       0.203961423092707012
11.49300       0.196248132050313995
11.49400       0.188781723059734008
11.49500       0.181559607269050988
11.49600       0.174574866533489997
11.49700       0.167828403887511995
11.49800       0.161323351351924993
11.49900       0.155059753011144996
11.50000       0.149029200673936990
11.50100       0.143219793932047007
11.50200       0.137620184838099013
11.50300       0.132224650916086012
11.50400       0.127035070587296989
11.50500       0.122051231988614006
11.50600       0.117268592600282995
11.50700       0.112680014268895998
11.50800       0.108274235842258995
11.50900       0.104042617061998993
11.51000       0.099983550877269095
11.51100       0.096096905049044806
11.51200       0.092381779976499004
11.51300       0.088838743935973200
11.51400       0.085465239506014298
11.51500       0.082252040195527301
11.51600       0.079190153829692606
11.51700       0.076273134040484095
11.51800       0.073492852858272797
11.51900       0.070841272415254494
11.52000       0.068311623597590895
11.52100       0.065896212880982602
11.52200       0.063588846398488399
11.52300       0.061384238777812100
11.52400       0.059273963380615399
11.52500       0.057251921827134601
11.52600       0.055322614014542602
11.52700       0.053493307544329100
11.52800       0.051763115238372799
11.52900       0.050128120383995202
11.53000       0.048587963890632600
11.53100       0.047132519481525699
11.53200       0.045750048477520601
11.53300       0.044436638537328897
11.53400       0.043185841466037503
11.53500       0.041996544472619100
11.53600       0.040867211716179200
11.53700       0.039788567735179498
11.53800       0.038754092060187900
11.53900       0.037763816111128903
11.54000       0.036818013982223598
11.54100       0.035917507084578297
11.54200       0.035067934330923499
11.54300       0.034274061725273697
11.54400       0.033532451015155097
11.54500       0.032835090822489497
11.54600       0.032176971195517497
11.54700       0.031555070401520197
11.54800       0.030966826058283398
11.54900       0.030412398083200301
11.55000       0.029889947513238400
11.55100       0.029395192305090100
11.55200       0.028924801188906300
11.55300       0.028474022766003401
11.55400       0.028038727169317199
11.55500       0.027623336741084099
11.55600       0.027237780908315301
11.55700       0.026885098422112300
11.55800       0.026561958861118101
11.55900       0.026265727075721799
11.56000       0.025993929105659199
11.56100       0.025743228658234401
11.56200       0.025512600130338299
11.56300       0.025302715442456301
11.56400       0.025113179805597199
11.56500       0.024941987349049299
11.56600       0.024784414865599801
11.56700       0.024634892624403500
11.56800       0.024491951593197399
11.56900       0.024358095219381599
11.57000       0.024227215971229302
11.57100       0.024072468691924899
11.57200       0.023893132138234699
11.57300       0.023694591340937900
11.57400       0.023476475455198799
11.57500       0.023238725722122499
11.57600       0.022983751006860700
11.57700       0.022711731052126500
11.57800       0.022423698271957899
11.57900       0.022119811051409598
11.58000       0.021796997254043000
11.58100       0.021457331274401099
11.58200       0.021101387474539400
11.58300       0.020726814700491800
11.58400       0.020336878417155400
11.58500       0.019942722437448900
11.58600       0.019548806483535401
11.58700       0.019155176591065800
11.58800       0.018762701987642801
11.58900       0.018373108111037002
11.59000       0.017984553556441799
11.59100       0.017595903287097599
11.59200       0.017207079781632800
11.59300       0.016817839452239799
11.59400       0.016428971463978901
11.59500       0.016040573182649200
11.59600       0.015651232521537200
11.59700       0.015260855712080400
11.59800       0.014871871594795701
11.59900       0.014487217752181500
11.60000       0.014109006401451300
11.60100       0.013739478179850601
11.60200       0.013380093396425400
11.60300       0.013030153099875499
11.60400       0.012688179896374900
11.60500       0.012353358243516700
11.60600       0.012025191785284500
11.60700       0.011703867098097100
11.60800       0.011389491158212200
11.60900       0.011081439791147001
11.61000       0.010779216408216601
11.61100       0.010482292540578499
11.61200       0.010190221924655700
11.61300       0.009903889668070759
11.61400       0.009625458203214700
11.61500       0.009356488438826640
11.61600       0.009097035207614290
11.61700       0.008846435076824029
11.61800       0.008603990105888750
11.61900       0.008369002913542809
11.62000       0.008141085857900960
11.62100       0.007920108853401780
11.62200       0.007705774423724780
11.62300       0.007497780181216380
11.62400       0.007295790943182560
11.62500       0.007098850584035700
11.62600       0.006906453757955950
11.62700       0.006719251918894550
11.62800       0.006538113138879980
11.62900       0.006363264916521060
11.63000       0.006194710482823940
11.63100       0.006032504229142030
11.63200       0.005876233022946930
11.63300       0.005725396357401770
11.63400       0.005579738978297440
11.63500       0.005439131913946400
11.63600       0.005303276645205020
11.63700       0.005172096845092120
11.63800       0.004882417525994500
11.63900       0.004213877804597250
11.64000       0.004117628499686000
11.64100       0.004025088314817850
11.64200       0.003936155124836690
11.64300       0.003850525783274830
11.64400       0.003619153782524980
11.64500       0.003086737672989060
11.64600       0.002682163005141240
11.64700       0.002589618561820940
11.64800       0.002551272663927960
11.64900       0.002514336008451360
11.65000       0.002479025550302940
11.65100       0.002445782129406220
11.65200       0.002414797745252550
11.65300       0.002385848904536140
11.65400       0.002358669292339740
11.65500       0.002333038828679130
11.65600       0.002308696969261230
11.65700       0.002285428524844420
11.65800       0.002262996224283610
11.65900       0.002241155532447530
11.66000       0.002219678217975000
11.66100       0.002198238699058660
11.66200       0.002176706277752520
11.66300       0.002155412553395850
11.66400       0.002134752734336800
11.66500       0.002114862207092140
11.66600       0.002095825725532100
11.66700       0.002077676384049930
11.66800       0.002060201695421320
11.66900       0.002043163571346570
11.67000       0.002026407772189740
11.67100       0.002009724308638860
11.67200       0.001992947253864310
11.67300       0.001975874582428230
11.67400       0.001958273266863570
11.67500       0.001940041715373380
11.67600       0.001921023487603090
11.67700       0.001901131822581730
11.67800       0.001880589610876950
11.67900       0.001859675667883730
11.68000       0.001838461777501740
11.68100       0.001816931267061730
11.68200       0.001795084671362970
11.68300       0.001772912986611530
11.68400       0.001750404398362100
11.68500       0.001727549659771340
11.68600       0.001704337087700070
11.68700       0.001680759559443970
11.68800       0.001656816070054360
11.68900       0.001632508156998000
11.69000       0.001607785197759610
11.69100       0.001582520876227790
11.69200       0.001556629362362010
11.69300       0.001530112163129590
11.69400       0.001502986826461660
11.69500       0.001475317099301540
11.69600       0.001447233586495570
11.69700       0.001418845225390100
11.69800       0.001390256885689280
11.69900       0.001361586318476330
11.70000       0.001332935462992400
11.70100       0.001304424387339190
11.70200       0.001276151997104120
11.70300       0.001248212486980200
11.70400       0.001220713869005020
11.70500       0.001193620053803470
11.70600       0.001166736549190860
11.70700       0.001139926998869390
11.70800       0.001113187439829690
11.70900       0.001086538799769000
11.71000       0.001060003531401950
11.71100       0.001033628357402450
11.71200       0.001007452520291050
11.71300       0.000981516867838261
11.71400       0.000955863061463891
11.71500       0.000930521277614393
11.71600       0.000905544207766285
11.71700       0.000880972161179661
11.71800       0.000856821420604503
11.71900       0.000833107976451086
11.72000       0.000809829442343590
11.72100       0.000786941558783005
11.72200       0.000764405445793204
11.72300       0.000742208446204762
11.72400       0.000720339756296207
11.72500       0.000698785883120556
11.72600       0.000677531130237358
11.72700       0.000656560292756514
11.72800       0.000635859656216181
11.72900       0.000615414792503766
11.73000       0.000595213862267741
11.73100       0.000575239684605516
11.73200       0.000555477007247729
11.73300       0.000535926687762783
11.73400       0.000516593861364295
11.73500       0.000497480485966817
11.73600       0.000478595855116032
11.73700       0.000459953449265721
11.73800       0.000441562576968979
11.73900       0.000423429888397497
11.74000       0.000405560638470970
11.74100       0.000387962726365931
11.74200       0.000370645247805335
11.74300       0.000353620185692460
11.74400       0.000336903165970348
11.74500       0.000320480983733690
11.74600       0.000304307052480968
11.74700       0.000288329811171051
11.74800       0.000272434040336139
11.74900       0.000256450785474788
11.75000       0.000240360104928894
11.75100       0.000224319602241785
11.75200       0.000208471472954663
11.75300       0.000192951572176081
11.75400       0.000177919211264532
11.75500       0.000163493552413352
11.75600       0.000149828473152563
11.75700       0.000137066778768014
11.75800       0.000125337963001709
11.75900       0.000114822708333406
11.76000       0.000105620179492519
11.76100       0.000097768924950059
11.76200       0.000091311110448328
11.76300       0.000086196782496981
11.76400       0.000082250553826206
11.76500       0.000079386538414144
11.76600       0.000077523715967622
11.76700       0.000076582713729191
11.76800       0.000076495262931238
11.76900       0.000077175569407461
11.77000       0.000078552637723939
11.77100       0.000080538731519666
11.77200       0.000083050191508206
11.77300       0.000086031750900287
11.77400       0.000089399178045874
11.77500       0.000093166073261909
11.77600       0.000097587017707693
11.77700       0.000102923054981705
11.77800       0.000109183184893530
11.77900       0.000116257048660612
11.78000       0.000124051463389244
11.78100       0.000132423814316648
11.78200       0.000141222308283215
11.78300       0.000150316208378215
11.78400       0.000159552490242937
11.78500       0.000168800999761354
11.78600       0.000177913782383896
11.78700       0.000186738286326607
11.78800       0.000195201370019021
11.78900       0.000203249853802587
11.79000       0.000210895627866581
11.79100       0.000218325889797477
11.79200       0.000225745369102540
11.79300       0.000233186245100547
11.79400       0.000240590899369189
11.79500       0.000247922953294191
11.79600       0.000255145843121599
11.79700       0.000262219687337431
11.79800       0.000269107296834215
11.79900       0.000275770074505036
11.80000       0.000282179263099286
11.80100       0.000288289485498597
11.80200       0.000294057651851129
11.80300       0.000299475616562281
11.80400       0.000304540689428513
11.80500       0.000309257348232714
11.80600       0.000313659880065549
11.80700       0.000317778242928751
11.80800       0.000321621775798031
11.80900       0.000325209976314300
11.81000       0.000328550776787576
11.81100       0.000331655425174750
11.81200       0.000334543668477148
11.81300       0.000337226112823229
11.81400       0.000339713302938079
11.81500       0.000342016605412825
11.81600       0.000344152201194201
11.81700       0.000346137190970045
11.81800       0.000347991313312673
11.81900       0.000349755682429523
11.82000       0.000351452097649509
11.82100       0.000353052394921619
11.82200       0.000354522415880267
11.82300       0.000355830612394590
11.82400       0.000356931821819532
11.82500       0.000357789209684227
11.82600       0.000358367636558183
11.82700       0.000358628194100149
11.82800       0.000358536020560065
11.82900       0.000358048236880191
11.83000       0.000357129307430924
11.83100       0.000355750482366420
11.83200       0.000353880657160716
11.83300       0.000351524177373289
11.83400       0.000348721189597757
11.83500       0.000345499983458217
11.83600       0.000341877819936699
11.83700       0.000337873023102016
11.83800       0.000333498879263198
11.83900       0.000328769645312414
11.84000       0.000323701045934467
11.84100       0.000318312236191137
11.84200       0.000312618104992668
11.84300       0.000306629696127839
11.84400       0.000300379939628392
11.84500       0.000293887168326609
11.84600       0.000287082919008530
11.84700       0.000279867850769486
11.84800       0.000272198723108324
11.84900       0.000264041415125843
11.85000       0.000255369039289105
11.85100       0.000246262218839471
11.85200       0.000236836525079678
11.85300       0.000227165571254934
11.85400       0.000217350763823287
11.85500       0.000207475274025259
11.85600       0.000197617699262242
11.85700       0.000187878041918318
11.85800       0.000178328082787324
11.85900       0.000169080918357434
11.86000       0.000160205497538909
11.86100       0.000151509745235923
11.86200       0.000142683368510060
11.86300       0.000133616685370305
11.86400       0.000124356559188993
11.86500       0.000114950670280195
11.86600       0.000105523684364200
11.86700       0.000096260493029576
11.86800       0.000087302873836112
11.86900       0.000078804309524935
11.87000       0.000070914557011567
11.87100       0.000063774854120749
11.87200       0.000057547910176037
11.87300       0.000052370554505084
11.87400       0.000048397812123950
11.87500       0.000045757030923691
11.87600       0.000044443480934044
11.87700       0.000044395041914206
11.87800       0.000045535038453708
11.87900       0.000047740670613128
11.88000       0.000050897969046677
11.88100       0.000054895091842637
11.88200       0.000059609222157322
11.88300       0.000064940000930866
11.88400       0.000070773506509650
11.88500       0.000077006364078799
11.88600       0.000083521780806881
11.88700       0.000090174809769916
11.88800       0.000096908113959737
11.88900       0.000103715675590393
11.89000       0.000110589009938697
11.89100       0.000117669344011057
11.89200       0.000125211413846457
11.89300       0.000133297629949250
11.89400       0.000141817286213070
11.89500       0.000150673158527556
11.89600       0.000159793214418516
11.89700       0.000169086293134002
11.89800       0.000178481095872679
11.89900       0.000187883458562299
11.90000       0.000197209040398508
11.90100       0.000206388784313324
11.90200       0.000215304321243989
11.90300       0.000223905062356242
11.90400       0.000232242407503233
11.90500       0.000240361822677282
11.90600       0.000248315394652254
11.90700       0.000256197925722734
11.90800       0.000264054005447878
11.90900       0.000271846880909477
11.91000       0.000279540596915373
11.91100       0.000287115436549301
11.91200       0.000294543400646857
11.91300       0.000301800132578148
11.91400       0.000308861785911690
11.91500       0.000315703742461829
11.91600       0.000322302303301145
11.91700       0.000328623892318802
11.91800       0.000334663103803326
11.91900       0.000340472584651405
11.92000       0.000346107194451009
11.92100       0.000351583193846011
11.92200       0.000356900585321486
11.92300       0.000362050521600682
11.92400       0.000367006587106977
11.92500       0.000371739563909484
11.92600       0.000376218496504405
11.92700       0.000380409464581316
11.92800       0.000384290740416265
11.92900       0.000387834046940566
11.93000       0.000391007226125041
11.93100       0.000393788367113457
11.93200       0.000396145362278038
11.93300       0.000398057831472138
11.93400       0.000399547513020019
11.93500       0.000400641544455693
11.93600       0.000401350769480586
11.93700       0.000401691968554623
11.93800       0.000401678783267802
11.93900       0.000401314813638276
11.94000       0.000400607497236017
11.94100       0.000399566238386013
11.94200       0.000398196652041626
11.94300       0.000396510215147805
11.94400       0.000394515447100917
11.94500       0.000392228809224297
11.94600       0.000389645401553916
11.94700       0.000386741683237699
11.94800       0.000383484395085232
11.94900       0.000379777116265696
11.95000       0.000375509568197020
11.95100       0.000370694243368330
11.95200       0.000365432824777162
11.95300       0.000359806942377708
11.95400       0.000353897390944352
11.95500       0.000347790482797913
11.95600       0.000341564064051683
11.95700       0.000335313040341512
11.95800       0.000329116135055013
11.95900       0.000323056578823366
11.96000       0.000317228998818850
11.96100       0.000311689201769064
11.96200       0.000306483284487832
11.96300       0.000301624861499310
11.96400       0.000297036853753853
11.96500       0.000292620223664802
11.96600       0.000288332249299257
11.96700       0.000284159896160423
11.96800       0.000280091630463553
11.96900       0.000276112399910183
11.97000       0.000272205502949076
11.97100       0.000268356914054316
11.97200       0.000264546738061110
11.97300       0.000260758489084564
11.97400       0.000256973608206791
11.97500       0.000253169279315256
11.97600       0.000249354755308240
11.97700       0.000245570813690421
11.97800       0.000241848236687013
11.97900       0.000238217332143832
11.98000       0.000234718040688503
11.98100       0.000231339407822655
11.98200       0.000228022153297439
11.98300       0.000224728578506576
11.98400       0.000221417603264523
11.98500       0.000218037723575204
11.98600       0.000214560165868904
11.98700       0.000210939261017208
11.98800       0.000207132402683101
11.98900       0.000203107613375698
11.99000       0.000198851430777941
11.99100       0.000194268566538952
11.99200       0.000189054738191696
11.99300       0.000182981237125859
11.99400       0.000176089013662728
11.99500       0.000168448656388306
11.99600       0.000160171561213701
11.99700       0.000151550708278714
11.99800       0.000142845271253522
11.99900       0.000134265078971407
12.00000       0.000126061475210090
