# author : Oliver Czoske
# source : E-LIS-MPIA-MET-1208_1-0
# date_created : 2025-06-18
# date_modified : 2025-06-21
# status : Measurement
# type : filter:transmission
# wavelength_unit : um
# center : 10.5486
# comment : S_IV filter, built by Materion, procured by MPIA
# changes :
#    - 2025-06-21 (OC) cut to 10.29-11.10 um as for S_IV_ref
#
wavelength  transmission
10.29000       0.001025823814984840
10.29100       0.001068948783283790
10.29200       0.001113114043651720
10.29300       0.001158646610247280
10.29400       0.001205883904922210
10.29500       0.001254770848267640
10.29600       0.001305271019794270
10.29700       0.001357518899761320
10.29800       0.001411168630198080
10.29900       0.001465834530244740
10.30000       0.001521543492266300
10.30100       0.001577864135709590
10.30200       0.001634655143400440
10.30300       0.001691813482126660
10.30400       0.001749006835902290
10.30500       0.001806278843823230
10.30600       0.001863871722356800
10.30700       0.001921870607064280
10.30800       0.001980416110288990
10.30900       0.002039796105701370
10.31000       0.002100054909672240
10.31100       0.002161464950676150
10.31200       0.002224211719452860
10.31300       0.002288296365989820
10.31400       0.002353905635079200
10.31500       0.002420952534982980
10.31600       0.002488727975808240
10.31700       0.002556811051906420
10.31800       0.002625652141660660
10.31900       0.002695736051510970
10.32000       0.002767293182277310
10.32100       0.002840941083625540
10.32200       0.002917033669809000
10.32300       0.002995931029727170
10.32400       0.003078445157059130
10.32500       0.003164523946722840
10.32600       0.003253090670711780
10.32700       0.003343561554781770
10.32800       0.003436153524759460
10.32900       0.003530966280462120
10.33000       0.003628176025965320
10.33100       0.003728861506836270
10.33200       0.003833412219356850
10.33300       0.003942445143161780
10.33400       0.004057149942036760
10.33500       0.004177586346680860
10.33600       0.004303227321862170
10.33700       0.004434077014336960
10.33800       0.004569559970095010
10.33900       0.004708329434405020
10.34000       0.004850228877884220
10.34100       0.004997309981228600
10.34200       0.005150400676260820
10.34300       0.005310048894825000
10.34400       0.005478342031505210
10.34500       0.005655303936929150
10.34600       0.005841806505387570
10.34700       0.006039118903097940
10.34800       0.006235524375917680
10.34900       0.006316904078418340
10.35000       0.006487072270610520
10.35100       0.006667612368205900
10.35200       0.006851992520158670
10.35300       0.007041573665927730
10.35400       0.007238495947457850
10.35500       0.007442923723075530
10.35600       0.008285972662818610
10.35700       0.010948111162957000
10.35800       0.012531261601428600
10.35900       0.012964428131771099
10.36000       0.013423793853664099
10.36100       0.013916096075803399
10.36200       0.014448889755703600
10.36300       0.015026656405496800
10.36400       0.015652841808973000
10.36500       0.016331040044986998
10.36600       0.017060744041670801
10.36700       0.017840842649771801
10.36800       0.018671425258560199
10.36900       0.019545785703661198
10.37000       0.020453600033446800
10.37100       0.021395587589644501
10.37200       0.022380147557532499
10.37300       0.023410121294968899
10.37400       0.024485041302337900
10.37500       0.025611645548154999
10.37600       0.026795603739742501
10.37700       0.028034296052991799
10.37800       0.029324982237477901
10.37900       0.030659994151442001
10.38000       0.032022970762234600
10.38100       0.033404605862985499
10.38200       0.034800101918873901
10.38300       0.036193602153044700
10.38400       0.037557122678102003
10.38500       0.038865321208129799
10.38600       0.040118425822512897
10.38700       0.041321519026213900
10.38800       0.042469569691860401
10.38900       0.043573418315982999
10.39000       0.044633841481143598
10.39100       0.045651043603326599
10.39200       0.046659112293946599
10.39300       0.047671027020559399
10.39400       0.048628598997087401
10.39500       0.049439741630426901
10.39600       0.050100669119379000
10.39700       0.050640161795425499
10.39800       0.051073313180694399
10.39900       0.051572866285260602
10.40000       0.052999850441089798
10.40100       0.054702672518967398
10.40200       0.056618579137761998
10.40300       0.058763015555054900
10.40400       0.061093018478256801
10.40500       0.063554418454824499
10.40600       0.066157522575576194
10.40700       0.068939051063157605
10.40800       0.071935514697926806
10.40900       0.075184693701835698
10.41000       0.078733475685425006
10.41100       0.082619782601952393
10.41200       0.086864954085392299
10.41300       0.091478675934645495
10.41400       0.096437367779572000
10.41500       0.101731671187750006
10.41600       0.107380291719899004
10.41700       0.113405213995633997
10.41800       0.119820729382226002
10.41900       0.126643326308382986
10.42000       0.133897291250590994
10.42100       0.141604124421733008
10.42200       0.149776523214797008
10.42300       0.158438429636759998
10.42400       0.167621900354703007
10.42500       0.177329355342039002
10.42600       0.187537738470269000
10.42700       0.198220129206888002
10.42800       0.209353990294588010
10.42900       0.220923296476740999
10.43000       0.232912428656362996
10.43100       0.245285839040405990
10.43200       0.258031112001532004
10.43300       0.271230486070720977
10.43400       0.284953225555341028
10.43500       0.299134018323598982
10.43600       0.313699146147684016
10.43700       0.328531369925940009
10.43800       0.343500862861389977
10.43900       0.358541870278087982
10.44000       0.373609973853973987
10.44100       0.388613658569881004
10.44200       0.403503674733456996
10.44300       0.418515482721716015
10.44400       0.433708779345124973
10.44500       0.448946070836199973
10.44600       0.464128798179047009
10.44700       0.479163721485520000
10.44800       0.493920140091631987
10.44900       0.508303808355577980
10.45000       0.522232262597099983
10.45100       0.535597011494872044
10.45200       0.548361315305897046
10.45300       0.560587517661247037
10.45400       0.572351463736438970
10.45500       0.583703320454759034
10.45600       0.594671954585934026
10.45700       0.605320998922608045
10.45800       0.615707508716397012
10.45900       0.625864461841218023
10.46000       0.635858021027715048
10.46100       0.645697371574868950
10.46200       0.655343456541501945
10.46300       0.664733480926769982
10.46400       0.673793923211703949
10.46500       0.682517512146162963
10.46600       0.690960189041206041
10.46700       0.699194558612632022
10.46800       0.707270510742362024
10.46900       0.715211848590584953
10.47000       0.723044359910488987
10.47100       0.730809006144298001
10.47200       0.738545933538518051
10.47300       0.746229793582586010
10.47400       0.753748310711599978
10.47500       0.761007227859949009
10.47600       0.767991236480412010
10.47700       0.774731354162384034
10.47800       0.781260245855066038
10.47900       0.787597732744330981
10.48000       0.793776764587569961
10.48100       0.799859569749607036
10.48200       0.805919702099316959
10.48300       0.812006323367903016
10.48400       0.818106231889728974
10.48500       0.824171152036754950
10.48600       0.830167682336672041
10.48700       0.836047941568331954
10.48800       0.841749485838285016
10.48900       0.847210281166298040
10.49000       0.852415813110638965
10.49100       0.857395907017377001
10.49200       0.862179800514041972
10.49300       0.866758901533358994
10.49400       0.871153206154772985
10.49500       0.875426339344855031
10.49600       0.879575217914351004
10.49700       0.883573981870078962
10.49800       0.887369894650881008
10.49900       0.890920179588200023
10.50000       0.894180097446088951
10.50100       0.897083683236485019
10.50200       0.899575044227574949
10.50300       0.901647329344733017
10.50400       0.903360257027998048
10.50500       0.904820927142422016
10.50600       0.906093632559369033
10.50700       0.907211804099544050
10.50800       0.908180269847589039
10.50900       0.908996160832717948
10.51000       0.909621252264211977
10.51100       0.909982423053604994
10.51200       0.910026079890960959
10.51300       0.909736304220800984
10.51400       0.909142941970548013
10.51500       0.908327441820415027
10.51600       0.907375599970315028
10.51700       0.906341446282556973
10.51800       0.905253903999629017
10.51900       0.904099257394336053
10.52000       0.902809255681634948
10.52100       0.901319470308493020
10.52200       0.899618044930236005
10.52300       0.897721141131949008
10.52400       0.895649805859637049
10.52500       0.893432233715561019
10.52600       0.891110718644050004
10.52700       0.888732366640332949
10.52800       0.886355020095030977
10.52900       0.883993044099395053
10.53000       0.881585013752044011
10.53100       0.879120880972237950
10.53200       0.876627525189472956
10.53300       0.874137881198173039
10.53400       0.871692913771713984
10.53500       0.869315845192233039
10.53600       0.866992677594261019
10.53700       0.864732310577113972
10.53800       0.862566936915981963
10.53900       0.860526103012582033
10.54000       0.858615414087705031
10.54100       0.856831874609973010
10.54200       0.855177082920380971
10.54300       0.853646474388454979
10.54400       0.852236006951502034
10.54500       0.850940572855118038
10.54600       0.849720163126367001
10.54700       0.848534251264259964
10.54800       0.847381058732121994
10.54900       0.846286185448328010
10.55000       0.845270323069937990
10.55100       0.844328807180020013
10.55200       0.843462576695943045
10.55300       0.842670350924643041
10.55400       0.841947960640917037
10.55500       0.841292776657154961
10.55600       0.840691706212125967
10.55700       0.840128274276927045
10.55800       0.839611814048487948
10.55900       0.839168346220564021
10.56000       0.838809719813337962
10.56100       0.838534552446307035
10.56200       0.838337246071689024
10.56300       0.838210254822666978
10.56400       0.838146508312598959
10.56500       0.838139725984300976
10.56600       0.838180460538312966
10.56700       0.838260070212766051
10.56800       0.838379518633757037
10.56900       0.838543828374693989
10.57000       0.838753866654856961
10.57100       0.839008435674328035
10.57200       0.839303264707143004
10.57300       0.839636736586940047
10.57400       0.840018784262667961
10.57500       0.840451145191861038
10.57600       0.840917122509760029
10.57700       0.841401000121664966
10.57800       0.841882562296548009
10.57900       0.842326062311119950
10.58000       0.842725078558270946
10.58100       0.843085462484870041
10.58200       0.843399425217573051
10.58300       0.843663269097022051
10.58400       0.843912872540475978
10.58500       0.844207314620299965
10.58600       0.844575970945327992
10.58700       0.845020625316508012
10.58800       0.845542159673958960
10.58900       0.846129614333980040
10.59000       0.846724700334692049
10.59100       0.847280887853839038
10.59200       0.847790724812171992
10.59300       0.848182968783130042
10.59400       0.848436882383502011
10.59500       0.848530792511037024
10.59600       0.848431849672448002
10.59700       0.848184711366177013
10.59800       0.847874056247545971
10.59900       0.847532572494457015
10.60000       0.847114226479568022
10.60100       0.846568156409527983
10.60200       0.845863901836404031
10.60300       0.844948673579978049
10.60400       0.843766439566827953
10.60500       0.842278036096242966
10.60600       0.840468340628810040
10.60700       0.838361617186642039
10.60800       0.835960098876495028
10.60900       0.833224335346631984
10.61000       0.830128766085969971
10.61100       0.826678321513909964
10.61200       0.822887194203068995
10.61300       0.818746568255662055
10.61400       0.814227158862237954
10.61500       0.809312781655293967
10.61600       0.804048561078744006
10.61700       0.798500745833080949
10.61800       0.792635521905686979
10.61900       0.786350073036586994
10.62000       0.779591778160877991
10.62100       0.772344626975979054
10.62200       0.764577419485092946
10.62300       0.756261224583368974
10.62400       0.747403218504771982
10.62500       0.738035195663969024
10.62600       0.728201911936253055
10.62700       0.717995084100096048
10.62800       0.707514300528898965
10.62900       0.696800831817256050
10.63000       0.685886168240528948
10.63100       0.674814300089308983
10.63200       0.663588109081970967
10.63300       0.652183756007644999
10.63400       0.640588598932837039
10.63500       0.628758047864180991
10.63600       0.616471738145378034
10.63700       0.603580246527599007
10.63800       0.590247676354096029
10.63900       0.576760181500873048
10.64000       0.563240878895100994
10.64100       0.549819769677241998
10.64200       0.536553733960232981
10.64300       0.523478410638830050
10.64400       0.510695324551391994
10.64500       0.498122658059913015
10.64600       0.485426005955986006
10.64700       0.472435275090844986
10.64800       0.459179799555955004
10.64900       0.445837279691148003
10.65000       0.432619497012155019
10.65100       0.419632377984498983
10.65200       0.406957809988910013
10.65300       0.394648118131697978
10.65400       0.382717241613732995
10.65500       0.371075339183775998
10.65600       0.359581439473813991
10.65700       0.348191704690833992
10.65800       0.336931431778325019
10.65900       0.325878104224174014
10.66000       0.315128438122527998
10.66100       0.304747672801071012
10.66200       0.294792927536250027
10.66300       0.285303818451467017
10.66400       0.276289854790717992
10.66500       0.267723119564393985
10.66600       0.259530174794591006
10.66700       0.251624395166131998
10.66800       0.243924210661091989
10.66900       0.236352293752205012
10.67000       0.228866887317209999
10.67100       0.221457511058729989
10.67200       0.214104968507243004
10.67300       0.206782445207566001
10.67400       0.199519720467875999
10.67500       0.192421535248627013
10.67600       0.185546432422810992
10.67700       0.178910593118630001
10.67800       0.172527094425873995
10.67900       0.166377409218298994
10.68000       0.160382880834007008
10.68100       0.154423913338170987
10.68200       0.148476170654533002
10.68300       0.142558503637588013
10.68400       0.136769587399989012
10.68500       0.131215245307473000
10.68600       0.125896030212715004
10.68700       0.120805114775131006
10.68800       0.115955357235208001
10.68900       0.111222662261390007
10.69000       0.106208115535636999
10.69100       0.101126078679187006
10.69200       0.096164963677985299
10.69300       0.091332559198079394
10.69400       0.086676643851148996
10.69500       0.082226166912128903
10.69600       0.077982526379209105
10.69700       0.073970130725634006
10.69800       0.070215423326743603
10.69900       0.066711557715812803
10.70000       0.063413293541955795
10.70100       0.060266948323658198
10.70200       0.057241007979207802
10.70300       0.054319156116598301
10.70400       0.051505665542020303
10.70500       0.048802275292729298
10.70600       0.046204717563714602
10.70700       0.043729580856048500
10.70800       0.041404526980613802
10.70900       0.039245818049558102
10.71000       0.037260485603724199
10.71100       0.035450129505988998
10.71200       0.033803753907694301
10.71300       0.032296742537941001
10.71400       0.030906546488822101
10.71500       0.029618394231697199
10.71600       0.028417555460475100
10.71700       0.027291951240876199
10.71800       0.026231282216311800
10.71900       0.025222462626452100
10.72000       0.024258544756571999
10.72100       0.023350245771824901
10.72200       0.022516207013087101
10.72300       0.021760806129021801
10.72400       0.021073895301580801
10.72500       0.020444542821077299
10.72600       0.019862591107966000
10.72700       0.019312412548561801
10.72800       0.018783504633213401
10.72900       0.018268639072499801
10.73000       0.017752297416147499
10.73100       0.017230627265591100
10.73200       0.016706239534147301
10.73300       0.016186018621856299
10.73400       0.015676161420850900
10.73500       0.015185906174108000
10.73600       0.014719387866044500
10.73700       0.014272588969765500
10.73800       0.013840720033699400
10.73900       0.013422434457202899
10.74000       0.012615316079006801
10.74100       0.011078705617610899
10.74200       0.010696750387028300
10.74300       0.010324392855848500
10.74400       0.009961817592937020
10.74500       0.008684633109176330
10.74600       0.006681243934571590
10.74700       0.006323523351312140
10.74800       0.006121610205932270
10.74900       0.005930037529656260
10.75000       0.005747901433354130
10.75100       0.005573569100019380
10.75200       0.005406396146336870
10.75300       0.005245060755055380
10.75400       0.005088365110289760
10.75500       0.004936104239532610
10.75600       0.004787588724834310
10.75700       0.004642772220301960
10.75800       0.004503579243567920
10.75900       0.004371678302818480
10.76000       0.004246480351899780
10.76100       0.004126785147329230
10.76200       0.004012364635379570
10.76300       0.003902206689335720
10.76400       0.003795693924866230
10.76500       0.003692341074809980
10.76600       0.003590828477898490
10.76700       0.003490885388415690
10.76800       0.003392764007146280
10.76900       0.003296411657562890
10.77000       0.003202107631877780
10.77100       0.003110762550382120
10.77200       0.003022583509116330
10.77300       0.002937248592670640
10.77400       0.002854559453790210
10.77500       0.002774509446783810
10.77600       0.002696857842377390
10.77700       0.002621603293512460
10.77800       0.002548559354032750
10.77900       0.002477505737099930
10.78000       0.002408505800893470
10.78100       0.002341601006375370
10.78200       0.002276784467386330
10.78300       0.002214161215313040
10.78400       0.002153817708720810
10.78500       0.002095764519086550
10.78600       0.002040083030614430
10.78700       0.001986792064381680
10.78800       0.001935931743720310
10.78900       0.001887565706168660
10.79000       0.001841715203247000
10.79100       0.001798542492910950
10.79200       0.001758130687481430
10.79300       0.001720652417584460
10.79400       0.001686426860653900
10.79500       0.001655351059820450
10.79600       0.001626943389516130
10.79700       0.001600992736215060
10.79800       0.001577213983892350
10.79900       0.001555225347253500
10.80000       0.001534844829503140
10.80100       0.001515560191926750
10.80200       0.001497109190065150
10.80300       0.001479668253827340
10.80400       0.001463286782511840
10.80500       0.001448143881820960
10.80600       0.001434922824101600
10.80700       0.001424020186723020
10.80800       0.001414818805052560
10.80900       0.001406716557183620
10.81000       0.001399518389277350
10.81100       0.001392515986215740
10.81200       0.001385525195221030
10.81300       0.001378054594084050
10.81400       0.001369339427850320
10.81500       0.001359404427090470
10.81600       0.001348456600681670
10.81700       0.001336444651211410
10.81800       0.001323666670317110
10.81900       0.001310573598130550
10.82000       0.001297149344753220
10.82100       0.001283311136532660
10.82200       0.001269044602892900
10.82300       0.001254330848781900
10.82400       0.001239144914231580
10.82500       0.001223489066399800
10.82600       0.001207315082418110
10.82700       0.001190654642537450
10.82800       0.001173319198656290
10.82900       0.001154886019418850
10.83000       0.001135344955246140
10.83100       0.001115016436390560
10.83200       0.001094041110073750
10.83300       0.001072574832162280
10.83400       0.001051056344406300
10.83500       0.001029547733425590
10.83600       0.001008409035307270
10.83700       0.000987925241473148
10.83800       0.000968164058270021
10.83900       0.000949480085948057
10.84000       0.000931919431927136
10.84100       0.000915081731119871
10.84200       0.000898713161524900
10.84300       0.000882845497230306
10.84400       0.000867470485065691
10.84500       0.000852590852509383
10.84600       0.000838239663683571
10.84700       0.000824440513384428
10.84800       0.000811214208554262
10.84900       0.000798581202384213
10.85000       0.000786560350406085
10.85100       0.000775249857934923
10.85200       0.000764721982103880
10.85300       0.000755011690050669
10.85400       0.000746206213389569
10.85500       0.000738312132994884
10.85600       0.000731094463579995
10.85700       0.000724429595392317
10.85800       0.000718200209948339
10.85900       0.000712171535338021
10.86000       0.000706316836171061
10.86100       0.000700411539962087
10.86200       0.000694258867276046
10.86300       0.000687893083054808
10.86400       0.000681341733159091
10.86500       0.000674571534599294
10.86600       0.000667761751817084
10.86700       0.000661063560821934
10.86800       0.000654435646319437
10.86900       0.000647808641067824
10.87000       0.000641169306980785
10.87100       0.000634488852798445
10.87200       0.000627728696363114
10.87300       0.000620887821052935
10.87400       0.000613911091306943
10.87500       0.000606767648293191
10.87600       0.000599503644668806
10.87700       0.000592161420083365
10.87800       0.000584736724988003
10.87900       0.000577232732121138
10.88000       0.000569659825872371
10.88100       0.000561997442054180
10.88200       0.000554224642751552
10.88300       0.000546340764415273
10.88400       0.000538324091407180
10.88500       0.000530155616249500
10.88600       0.000521833224163049
10.88700       0.000513336914874069
10.88800       0.000504684842513023
10.88900       0.000495979684519643
10.89000       0.000487276123561725
10.89100       0.000478509113360268
10.89200       0.000469639054976198
10.89300       0.000460645325756875
10.89400       0.000451436514539341
10.89500       0.000441980259338406
10.89600       0.000432227487369347
10.89700       0.000422126588738622
10.89800       0.000411621591810588
10.89900       0.000400556454274531
10.90000       0.000388866888421852
10.90100       0.000376346922591864
10.90200       0.000362635108180243
10.90300       0.000347836776950300
10.90400       0.000332468661933538
10.90500       0.000316659428217264
10.90600       0.000300768801001772
10.90700       0.000285204478113310
10.90800       0.000270098166724325
10.90900       0.000255993282996553
10.91000       0.000243072235374980
10.91100       0.000231494911441907
10.91200       0.000221614954000776
10.91300       0.000213375558932485
10.91400       0.000206217759320088
10.91500       0.000199920504755091
10.91600       0.000194546559259809
10.91700       0.000190051750899596
10.91800       0.000186456383541388
10.91900       0.000183740447989297
10.92000       0.000181923720397919
10.92100       0.000180979675005474
10.92200       0.000180855363715753
10.92300       0.000181546013554891
10.92400       0.000183402821140176
10.92500       0.000186583350753340
10.92600       0.000191099847889342
10.92700       0.000197169105936382
10.92800       0.000204800203302852
10.92900       0.000213370565033788
10.93000       0.000222543560832469
10.93100       0.000232169377226032
10.93200       0.000241707934828111
10.93300       0.000251051353083578
10.93400       0.000259711899943990
10.93500       0.000267308449596507
10.93600       0.000273873050136750
10.93700       0.000279245195961723
10.93800       0.000283422544897979
10.93900       0.000286785200161219
10.94000       0.000289571019732086
10.94100       0.000291836778896055
10.94200       0.000293754678737032
10.94300       0.000295399010993288
10.94400       0.000296924249397885
10.94500       0.000298445041012556
10.94600       0.000300053724972920
10.94700       0.000301958292244456
10.94800       0.000304211427225646
10.94900       0.000306813219462423
10.95000       0.000309807575915769
10.95100       0.000313111596965621
10.95200       0.000316586890639133
10.95300       0.000320205096852523
10.95400       0.000323870971519070
10.95500       0.000327533442986042
10.95600       0.000331135859222537
10.95700       0.000334558315910706
10.95800       0.000337798806397338
10.95900       0.000340757245859545
10.96000       0.000343323238031795
10.96100       0.000345552651607878
10.96200       0.000347548811252953
10.96300       0.000349319717099339
10.96400       0.000350881780278516
10.96500       0.000352269525612807
10.96600       0.000353469210602796
10.96700       0.000354444268793299
10.96800       0.000355185584763435
10.96900       0.000355694130848669
10.97000       0.000355944197792717
10.97100       0.000355928022967472
10.97200       0.000355615186496710
10.97300       0.000355003479725950
10.97400       0.000354002527569574
10.97500       0.000352499002578711
10.97600       0.000350541541812875
10.97700       0.000348249315270974
10.97800       0.000345644147972866
10.97900       0.000342823898599139
10.98000       0.000339918304258190
10.98100       0.000336942227294107
10.98200       0.000334035615792792
10.98300       0.000331261023956881
10.98400       0.000328680992248590
10.98500       0.000326412466912472
10.98600       0.000324425323688760
10.98700       0.000322601077083418
10.98800       0.000320895377302888
10.98900       0.000319300934868892
10.99000       0.000317787269130398
10.99100       0.000316356249652495
10.99200       0.000315003033496969
10.99300       0.000313717734690267
10.99400       0.000312494455208645
10.99500       0.000311323495066292
10.99600       0.000310212164053686
10.99700       0.000309166708738188
10.99800       0.000308187912559045
10.99900       0.000307327229597002
11.00000       0.000306660247804181
11.00100       0.000306173875580931
11.00200       0.000305781012287614
11.00300       0.000305465171352111
11.00400       0.000305158669496481
11.00500       0.000304796988266188
11.00600       0.000304370120481995
11.00700       0.000303783719955352
11.00800       0.000303033898936359
11.00900       0.000302032282500428
11.01000       0.000300680332099816
11.01100       0.000298992952851934
11.01200       0.000296925373924773
11.01300       0.000294429743478243
11.01400       0.000291635523616985
11.01500       0.000288703103979382
11.01600       0.000285625870585698
11.01700       0.000282591858399496
11.01800       0.000279670679048376
11.01900       0.000276913908006542
11.02000       0.000274531829073374
11.02100       0.000272497679764897
11.02200       0.000270901503781977
11.02300       0.000269801923066009
11.02400       0.000269097606867236
11.02500       0.000268607022551725
11.02600       0.000268325632189458
11.02700       0.000268284295927978
11.02800       0.000268490626003735
11.02900       0.000268956451967062
11.03000       0.000269714762832230
11.03100       0.000270762722918049
11.03200       0.000272111505479778
11.03300       0.000273763856392804
11.03400       0.000275788529314085
11.03500       0.000278307403125143
11.03600       0.000281356069140391
11.03700       0.000285017013757348
11.03800       0.000289385228143091
11.03900       0.000294305614546471
11.04000       0.000299532058316961
11.04100       0.000304970988213846
11.04200       0.000310415447123590
11.04300       0.000315731137546620
11.04400       0.000320781196821454
11.04500       0.000325299224844505
11.04600       0.000329230356353183
11.04700       0.000332558990532653
11.04800       0.000335204777553385
11.04900       0.000337307988033678
11.05000       0.000339156007426539
11.05100       0.000340796230742891
11.05200       0.000342116736300030
11.05300       0.000343079685449428
11.05400       0.000343644704377904
11.05500       0.000343742186322523
11.05600       0.000343360747547112
11.05700       0.000342428297828695
11.05800       0.000340928180977980
11.05900       0.000338796460506920
11.06000       0.000335820440663465
11.06100       0.000331961625415753
11.06200       0.000327228771977606
11.06300       0.000321550592897887
11.06400       0.000315027708202159
11.06500       0.000308047093182079
11.06600       0.000300605876659185
11.06700       0.000292942176666033
11.06800       0.000285304508191697
11.06900       0.000277701966705110
11.07000       0.000270474829553891
11.07100       0.000263716051294563
11.07200       0.000257438804822319
11.07300       0.000251734331443036
11.07400       0.000246529530685276
11.07500       0.000241555144486497
11.07600       0.000236723030041588
11.07700       0.000232074338597198
11.07800       0.000227581267565724
11.07900       0.000223246038028015
11.08000       0.000219050047114464
11.08100       0.000214979537877621
11.08200       0.000211024855370993
11.08300       0.000207163516352152
11.08400       0.000203394623184514
11.08500       0.000199738933824009
11.08600       0.000196203464939280
11.08700       0.000192803889721593
11.08800       0.000189563582191049
11.08900       0.000186475940841473
11.09000       0.000183503609312345
11.09100       0.000180635359741096
11.09200       0.000177846272666506
11.09300       0.000175121574396503
11.09400       0.000172443483599603
11.09500       0.000169792772141637
11.09600       0.000167173856106768
11.09700       0.000164478243837217
11.09800       0.000161590851637042
11.09900       0.000158509906011947
11.10000       0.000155217221392404
