# author : Oliver Czoske
# source : E-LIS-MPIA-MET-1208_1-0
# date_created : 2025-02-12
# date_modified : 2025-02-12
# status : Measurement
# type : filter:transmission
# wavelength_unit : um
# center : 3.300
# comment : PAH_3.3 filter, built by Materion, procured by MPIA
# changes :
#
wavelength  transmission
2.000       0.000905505346415078
2.001       0.000503216266962481
2.002       0.000348098189709489
2.003       0.000523371348272461
2.004       0.000433028806713143
2.005       0.000244533003367076
2.006       0.000216266752841296
2.007       0.000380001147437747
2.008       0.000678640873209124
2.009       0.000641532519035037
2.010       0.000311283090322689
2.011       0.000181283969564774
2.012       0.000181818288409591
2.013       0.000151934980245336
2.014       0.000148203933682652
2.015       0.000124206398286114
2.016       0.000188041279411882
2.017       0.000366737220461766
2.018       0.000450668526552643
2.019       0.000429725525247851
2.020       0.000379852808502806
2.021       0.000440612755391590
2.022       0.000532292199211498
2.023       0.000560258454588292
2.024       0.000574339697710848
2.025       0.000499011138936079
2.026       0.000656432186051714
2.027       0.000652896453150975
2.028       0.000238389681819884
2.029       0.000093347777967656
2.030       0.000118231080195519
2.031       0.000312950363401954
2.032       0.000531443074887394
2.033       0.000448206414729257
2.034       0.000272016179419743
2.035       0.000302920702897114
2.036       0.000243465242921737
2.037       0.000126431026610502
2.038       0.000139788430592563
2.039       0.000321938264459365
2.040       0.000498890617809333
2.041       0.000300250257091017
2.042       0.000133853382113261
2.043       0.000221954433871241
2.044       0.000218144984796054
2.045       0.000145195390127861
2.046       0.000120018703189794
2.047       0.000197048028501567
2.048       0.000372155802308982
2.049       0.000412087086539489
2.050       0.000354232304427687
2.051       0.000401460941510279
2.052       0.000506195249063091
2.053       0.000555881244537357
2.054       0.000435672438312051
2.055       0.000192285709949780
2.056       0.000076170283447821
2.057       0.000159903286075125
2.058       0.000324539113707389
2.059       0.000350221621414334
2.060       0.000367952703902233
2.061       0.000410324513376165
2.062       0.000429265129010634
2.063       0.000304608929622585
2.064       0.000116989047848182
2.065       0.000095832061125123
2.066       0.000349541094462946
2.067       0.000919185723440963
2.068       0.000868874634356587
2.069       0.000320411997958292
2.070       0.000145919329717983
2.071       0.000168437216520625
2.072       0.000267032660142108
2.073       0.000466181193877091
2.074       0.000805404756206718
2.075       0.000644021173526688
2.076       0.000331794213782544
2.077       0.000238603279778052
2.078       0.000319006703146718
2.079       0.000311385256844904
2.080       0.000195927712808130
2.081       0.000256147972057919
2.082       0.000355942073980764
2.083       0.000362744505623798
2.084       0.000259471793444377
2.085       0.000162714866173225
2.086       0.000178359088823077
2.087       0.000179958806466124
2.088       0.000138782909439042
2.089       0.000149100404635241
2.090       0.000186114879617810
2.091       0.000227992814969158
2.092       0.000253606111455494
2.093       0.000198616503297805
2.094       0.000208825152296366
2.095       0.000336382880672059
2.096       0.000337876282644756
2.097       0.000503690697292170
2.098       0.000461803495311497
2.099       0.000273983450245763
2.100       0.000184511190987169
2.101       0.000178451135548402
2.102       0.000132995334208380
2.103       0.000111126537225182
2.104       0.000130399024253394
2.105       0.000339046988526381
2.106       0.000300998347160963
2.107       0.000215917982131955
2.108       0.000494724654565681
2.109       0.000720524008844259
2.110       0.000516198037585291
2.111       0.000327238404242702
2.112       0.000605223340923056
2.113       0.000663340450388017
2.114       0.000363921686522328
2.115       0.000209895649724373
2.116       0.000268703918198970
2.117       0.000323877283966476
2.118       0.000474509971912729
2.119       0.000653916643172492
2.120       0.000523201650110661
2.121       0.000342517476179804
2.122       0.000257400937808072
2.123       0.000139798236761579
2.124       0.000111689939108664
2.125       0.000226979611905320
2.126       0.000412875263369861
2.127       0.000563830885430883
2.128       0.000595385515294811
2.129       0.000470607927649913
2.130       0.000263203859850958
2.131       0.000141823158919890
2.132       0.000283700741593895
2.133       0.000624176466558657
2.134       0.000578830358806015
2.135       0.000290628742515953
2.136       0.000210355993219682
2.137       0.000166904990576727
2.138       0.000113989432100003
2.139       0.000236694428647710
2.140       0.000240237593783360
2.141       0.000138260304218707
2.142       0.000184488191479204
2.143       0.000274263021213167
2.144       0.000248871176716070
2.145       0.000346226694603768
2.146       0.000434455060983302
2.147       0.000324228097317469
2.148       0.000197747654432007
2.149       0.000332870537709473
2.150       0.000435377802220846
2.151       0.000325352325368122
2.152       0.000232793965850492
2.153       0.000445183737660226
2.154       0.000782645641389190
2.155       0.000920846802901013
2.156       0.000859369696199347
2.157       0.000766021519077897
2.158       0.000775195051521724
2.159       0.000924469356745505
2.160       0.001083677239026250
2.161       0.001011270093388750
2.162       0.000613484351830618
2.163       0.000204154922756716
2.164       0.000107732931232743
2.165       0.000155395130582145
2.166       0.000231424164824745
2.167       0.000355503161721726
2.168       0.000482743032308663
2.169       0.000534054274894794
2.170       0.000535823551357227
2.171       0.000378349833718872
2.172       0.000163707571091520
2.173       0.000096371661303869
2.174       0.000163500120361759
2.175       0.000219231935294745
2.176       0.000240452886540225
2.177       0.000443748462653160
2.178       0.000470604434616773
2.179       0.000295117837042835
2.180       0.000195681146296756
2.181       0.000238041078867213
2.182       0.000279653643038759
2.183       0.000196476942622925
2.184       0.000109937745494004
2.185       0.000097752751520283
2.186       0.000110194627249406
2.187       0.000140651580807796
2.188       0.000368417609530436
2.189       0.000551129084777197
2.190       0.000508031959605082
2.191       0.000375398344558575
2.192       0.000262915262319668
2.193       0.000268554050201625
2.194       0.000412654517472633
2.195       0.000619757304466784
2.196       0.000688111141344500
2.197       0.000533171127681475
2.198       0.000301311978180507
2.199       0.000123490000116744
2.200       0.000109776070603501
2.201       0.000134141572415378
2.202       0.000165159125313397
2.203       0.000292585274711210
2.204       0.000344485198560340
2.205       0.000264746902035928
2.206       0.000173066808359795
2.207       0.000187532236634980
2.208       0.000211018601923901
2.209       0.000125030094083101
2.210       0.000101386273940032
2.211       0.000158732976830722
2.212       0.000216298516999988
2.213       0.000170102357317431
2.214       0.000111045551032543
2.215       0.000144991946635281
2.216       0.000218648149936468
2.217       0.000273809616474344
2.218       0.000339033589966231
2.219       0.000289322823331439
2.220       0.000220195413230789
2.221       0.000204092481424892
2.222       0.000199617121239165
2.223       0.000219414079275032
2.224       0.000516606225617111
2.225       0.000620611174148328
2.226       0.000588764162158483
2.227       0.000481055901906891
2.228       0.000298362957953768
2.229       0.000287872987824650
2.230       0.000403453381853991
2.231       0.000424525836730666
2.232       0.000349317897202939
2.233       0.000336977561643484
2.234       0.000434132361727846
2.235       0.000449738971724581
2.236       0.000264177348117012
2.237       0.000095568500009246
2.238       0.000167751235408242
2.239       0.000398534098317027
2.240       0.000339848252596919
2.241       0.000224264305632271
2.242       0.000289912595723696
2.243       0.000331248293327239
2.244       0.000159698988041468
2.245       0.000044327392467403
2.246       0.000055578317873062
2.247       0.000152649977437858
2.248       0.000271295417114792
2.249       0.000201966809569687
2.250       0.000098550382734625
2.251       0.000070345185670347
2.252       0.000098888766435851
2.253       0.000112460608888866
2.254       0.000116760216645917
2.255       0.000320865264647141
2.256       0.000427444466227035
2.257       0.000416108731394971
2.258       0.000326260191875982
2.259       0.000544942640530732
2.260       0.000714070310580739
2.261       0.000599477315253616
2.262       0.000332947948842865
2.263       0.000151846938763356
2.264       0.000150329615934308
2.265       0.000406319262724497
2.266       0.000607264050867862
2.267       0.000545276655690929
2.268       0.000421348338864397
2.269       0.000394107343275413
2.270       0.000455834524549448
2.271       0.000402158853925083
2.272       0.000282253117308173
2.273       0.000200493387111311
2.274       0.000123200871106871
2.275       0.000106470558918881
2.276       0.000167676849486209
2.277       0.000214446623722067
2.278       0.000196007128719339
2.279       0.000299205654491763
2.280       0.000321391687154782
2.281       0.000315926586670581
2.282       0.000348699558644971
2.283       0.000349945187802791
2.284       0.000292032396758457
2.285       0.000470806004015167
2.286       0.000504378345035528
2.287       0.000370551597936974
2.288       0.000256258932468001
2.289       0.000162796199344145
2.290       0.000166887059118159
2.291       0.000134262234765620
2.292       0.000099839358192886
2.293       0.000222859142594012
2.294       0.000347578554423661
2.295       0.000359401238878038
2.296       0.000321667426894781
2.297       0.000268475594242590
2.298       0.000345534074286502
2.299       0.000510672978359272
2.300       0.000532708363724349
2.301       0.000383383978960927
2.302       0.000244518925293119
2.303       0.000226527096411078
2.304       0.000289641742462765
2.305       0.000315929636690999
2.306       0.000219439088597062
2.307       0.000100341760942230
2.308       0.000115844176196256
2.309       0.000203402523285240
2.310       0.000233559917591566
2.311       0.000245551252500011
2.312       0.000217836179084607
2.313       0.000195373282584097
2.314       0.000174128371271939
2.315       0.000143051931817642
2.316       0.000175678180946687
2.317       0.000407913330144449
2.318       0.000445848736587318
2.319       0.000436416399780579
2.320       0.000294004869490050
2.321       0.000218155388176874
2.322       0.000323326577587324
2.323       0.000198711971685417
2.324       0.000055200222000756
2.325       0.000072982226175383
2.326       0.000162484051887540
2.327       0.000264091802998662
2.328       0.000272019153114408
2.329       0.000156489348036692
2.330       0.000079722049856346
2.331       0.000210808895267256
2.332       0.000431411298230322
2.333       0.000532587771239421
2.334       0.000579326832317359
2.335       0.000538701019784843
2.336       0.000331501533194500
2.337       0.000157062402873165
2.338       0.000143791460035986
2.339       0.000264644520433455
2.340       0.000426278422267112
2.341       0.000435560464215168
2.342       0.000302238504580943
2.343       0.000316165240581701
2.344       0.000556247192482373
2.345       0.000632089671576477
2.346       0.000349720050434876
2.347       0.000118404730952648
2.348       0.000042551717414380
2.349       0.000029026084257611
2.350       0.000089219849546046
2.351       0.000238316414569006
2.352       0.000326453488937326
2.353       0.000549804353108807
2.354       0.000768834769712179
2.355       0.000765608000749846
2.356       0.000598102696824754
2.357       0.000343039537402001
2.358       0.000157554520025471
2.359       0.000110763584211597
2.360       0.000125465050944844
2.361       0.000173235336148991
2.362       0.000207767572687430
2.363       0.000248138947069043
2.364       0.000335509319625116
2.365       0.000264521148768737
2.366       0.000138938386786441
2.367       0.000090958072746124
2.368       0.000117199163324491
2.369       0.000204306468436666
2.370       0.000264911283490904
2.371       0.000339382705490554
2.372       0.000431776582898724
2.373       0.000475951318048409
2.374       0.000444054939171629
2.375       0.000354880270941604
2.376       0.000296348268570529
2.377       0.000315287700661762
2.378       0.000306232171428458
2.379       0.000250456735775756
2.380       0.000266515632870917
2.381       0.000255363102593276
2.382       0.000191752532176681
2.383       0.000250064854014187
2.384       0.000337661596898436
2.385       0.000399312610460112
2.386       0.000399908734154783
2.387       0.000335642659857499
2.388       0.000253471037409858
2.389       0.000186197169402463
2.390       0.000147931339234214
2.391       0.000142407303787275
2.392       0.000214691437704084
2.393       0.000380997934299299
2.394       0.000561256402653476
2.395       0.000298898808652970
2.396       0.000102466605424428
2.397       0.000122613630773843
2.398       0.000167786017126983
2.399       0.000136145573738977
2.400       0.000092337527145436
2.401       0.000114078012614552
2.402       0.000132880446712270
2.403       0.000333735005517921
2.404       0.000497023151609211
2.405       0.000463556592120828
2.406       0.000303808320002985
2.407       0.000178589710494559
2.408       0.000227315362732461
2.409       0.000358498003420360
2.410       0.000439816446208996
2.411       0.000510446960880040
2.412       0.000433640774558930
2.413       0.000185040006656090
2.414       0.000043986879661007
2.415       0.000037751639457441
2.416       0.000070604299833937
2.417       0.000071873050613201
2.418       0.000060478582057010
2.419       0.000082907459615284
2.420       0.000130044562434734
2.421       0.000125650003173230
2.422       0.000055527268174344
2.423       0.000019760222276590
2.424       0.000033882513070974
2.425       0.000134885300844156
2.426       0.000324370473068658
2.427       0.000322255915141512
2.428       0.000302759607650277
2.429       0.000264978009026473
2.430       0.000431641628305890
2.431       0.000689001051584426
2.432       0.000781032370833865
2.433       0.000696736628252370
2.434       0.000570398722977039
2.435       0.000421870988348061
2.436       0.000245430575303796
2.437       0.000198289429931935
2.438       0.000180898586514364
2.439       0.000124721758194307
2.440       0.000160085430616297
2.441       0.000208666264166865
2.442       0.000188227400760230
2.443       0.000184946719240353
2.444       0.000314679377645510
2.445       0.000465161951187509
2.446       0.000411540390786558
2.447       0.000207433741606255
2.448       0.000065383876965558
2.449       0.000044442201566831
2.450       0.000063669431538203
2.451       0.000072147518985560
2.452       0.000117677118778858
2.453       0.000164850397899777
2.454       0.000130070880509509
2.455       0.000079706319139769
2.456       0.000049438952680739
2.457       0.000029467093214580
2.458       0.000061023126700227
2.459       0.000196564609313943
2.460       0.000183698491322937
2.461       0.000083410379393328
2.462       0.000058556497792101
2.463       0.000057690960569835
2.464       0.000076007231794073
2.465       0.000107696935828919
2.466       0.000136583353328640
2.467       0.000290129261705019
2.468       0.000305927148181562
2.469       0.000229620781029893
2.470       0.000126314575256803
2.471       0.000075453225755022
2.472       0.000070335654844797
2.473       0.000069654898606015
2.474       0.000075718009273862
2.475       0.000082615393743829
2.476       0.000077795179403442
2.477       0.000064687170598439
2.478       0.000057335906284253
2.479       0.000093472739799649
2.480       0.000179932008163408
2.481       0.000208756852384293
2.482       0.000236638104463033
2.483       0.000396063967335270
2.484       0.000517684197538837
2.485       0.000440599354367632
2.486       0.000318852034786266
2.487       0.000259967147741166
2.488       0.000210464369989588
2.489       0.000220995761653409
2.490       0.000277621354385194
2.491       0.000217623964130276
2.492       0.000139687846339526
2.493       0.000213533604313254
2.494       0.000507579527401658
2.495       0.000753695590964609
2.496       0.000407589706250100
2.497       0.000089299882007121
2.498       0.000050713835999569
2.499       0.000117050598384405
2.500       0.000094528649433351
2.501       0.000100074754291218
2.502       0.000241365267995175
2.503       0.000282100575855523
2.504       0.000171984989625784
2.505       0.000152170217302003
2.506       0.000106225884893035
2.507       0.000061554887945771
2.508       0.000076329867558067
2.509       0.000085719764494676
2.510       0.000091005699681412
2.511       0.000095416191759830
2.512       0.000075667139943392
2.513       0.000079099787195655
2.514       0.000151566305485212
2.515       0.000223319360895174
2.516       0.000338771122218418
2.517       0.000315722418951392
2.518       0.000157894183790863
2.519       0.000128759968058612
2.520       0.000164325996747455
2.521       0.000133733336811465
2.522       0.000089551594520204
2.523       0.000066782163709478
2.524       0.000054184397417303
2.525       0.000050145860791214
2.526       0.000135776884172101
2.527       0.000314284286338951
2.528       0.000375196347646170
2.529       0.000398215871774840
2.530       0.000446841215195892
2.531       0.000606745333438075
2.532       0.000567881941866022
2.533       0.000267960287826718
2.534       0.000127130434132289
2.535       0.000133338606190130
2.536       0.000095066258547438
2.537       0.000038960307566963
2.538       0.000068017742984372
2.539       0.000169003601562856
2.540       0.000188149383514261
2.541       0.000158665129737404
2.542       0.000128951937482524
2.543       0.000080011648437878
2.544       0.000109417358351932
2.545       0.000125381862223981
2.546       0.000177799087458907
2.547       0.000244135664721340
2.548       0.000174745880839766
2.549       0.000116318536889204
2.550       0.000154679375395955
2.551       0.000242071667097499
2.552       0.000294794759627584
2.553       0.000240537519061834
2.554       0.000159209390502679
2.555       0.000164255394721438
2.556       0.000264318032927646
2.557       0.000283798808973057
2.558       0.000211696708054376
2.559       0.000310218678269414
2.560       0.000449403955067373
2.561       0.000371671388464390
2.562       0.000254672047606430
2.563       0.000301069359810058
2.564       0.000324473226498367
2.565       0.000254515983065973
2.566       0.000197094534888767
2.567       0.000175294349383487
2.568       0.000122682942162194
2.569       0.000166435593202841
2.570       0.000411031954240970
2.571       0.000576010970980173
2.572       0.000370501835780801
2.573       0.000175366256588816
2.574       0.000214165081563245
2.575       0.000267769823301463
2.576       0.000291887244962971
2.577       0.000254538334611559
2.578       0.000294408059231643
2.579       0.000419017602809824
2.580       0.000400975489003363
2.581       0.000258397936964305
2.582       0.000158905064695347
2.583       0.000139278347126428
2.584       0.000159139098307698
2.585       0.000131844460780794
2.586       0.000067740701163388
2.587       0.000038626665557453
2.588       0.000055168385300619
2.589       0.000112381640870268
2.590       0.000172393279343902
2.591       0.000165707686462915
2.592       0.000196488028742253
2.593       0.000302354148388528
2.594       0.000289773003662008
2.595       0.000246480379468082
2.596       0.000298465953513766
2.597       0.000233785524405283
2.598       0.000119441933888464
2.599       0.000079281777467351
2.600       0.000170453977185070
2.601       0.000305672216981245
2.602       0.000263703247163183
2.603       0.000150779325267136
2.604       0.000145794636945695
2.605       0.000212611242191824
2.606       0.000215866889436464
2.607       0.000138023531528031
2.608       0.000059996849288590
2.609       0.000043620591571609
2.610       0.000083391739856970
2.611       0.000111014231960666
2.612       0.000083110328324976
2.613       0.000127342043742429
2.614       0.000230207892242651
2.615       0.000246647013212919
2.616       0.000290912156225093
2.617       0.000431344111554155
2.618       0.000519719601149188
2.619       0.000355202423817258
2.620       0.000167827534100051
2.621       0.000228201818932683
2.622       0.000335061314927221
2.623       0.000247243081737902
2.624       0.000112294525897227
2.625       0.000075905327363197
2.626       0.000104092213122076
2.627       0.000223045957070511
2.628       0.000320780825721040
2.629       0.000243843355341222
2.630       0.000122748741122336
2.631       0.000103645096141969
2.632       0.000179172073032752
2.633       0.000235580790863277
2.634       0.000179919483678126
2.635       0.000243239076896606
2.636       0.000536674241260915
2.637       0.000513428723747378
2.638       0.000272366217808795
2.639       0.000171323891801273
2.640       0.000226630673961115
2.641       0.000324538728619761
2.642       0.000390789949889947
2.643       0.000316196253076717
2.644       0.000204060947432028
2.645       0.000176114934013833
2.646       0.000148840403917480
2.647       0.000099114701727965
2.648       0.000057280701320397
2.649       0.000044987850833213
2.650       0.000178698059212445
2.651       0.000231965510323576
2.652       0.000173171072675671
2.653       0.000154344703997319
2.654       0.000122588764075504
2.655       0.000077842206069059
2.656       0.000059999467509227
2.657       0.000066876712252452
2.658       0.000095422188469613
2.659       0.000188012273264426
2.660       0.000227681823431270
2.661       0.000143511711976629
2.662       0.000058008164502105
2.663       0.000081770526222713
2.664       0.000150717184404209
2.665       0.000133911159941880
2.666       0.000065181492489186
2.667       0.000047961692572464
2.668       0.000086260222844803
2.669       0.000124091424413275
2.670       0.000092572442096289
2.671       0.000077607619572540
2.672       0.000200061011592423
2.673       0.000452730042355465
2.674       0.000534546366427149
2.675       0.000457007378170282
2.676       0.000379793932953620
2.677       0.000323813404428636
2.678       0.000210131412243297
2.679       0.000163495331954748
2.680       0.000124139346028063
2.681       0.000128359799453082
2.682       0.000241111181467524
2.683       0.000187638444622995
2.684       0.000078674995720673
2.685       0.000068081060679834
2.686       0.000332176062160183
2.687       0.000624349532514556
2.688       0.000568945680855970
2.689       0.000284561234772163
2.690       0.000223209904569949
2.691       0.000433790935123191
2.692       0.000522041576872787
2.693       0.000363496751146997
2.694       0.000239996998436631
2.695       0.000254080611129998
2.696       0.000268833145131715
2.697       0.000221686951755590
2.698       0.000172446787591221
2.699       0.000166570556264751
2.700       0.000178272630989997
2.701       0.000157907048631958
2.702       0.000154864609458974
2.703       0.000177637127024677
2.704       0.000155240846123811
2.705       0.000198298582903711
2.706       0.000285838413401490
2.707       0.000321449515820145
2.708       0.000339314830946069
2.709       0.000367156569448898
2.710       0.000387774116064485
2.711       0.000360473952309787
2.712       0.000203906766469530
2.713       0.000140689844926628
2.714       0.000269541405126139
2.715       0.000533466595910137
2.716       0.000633325501538832
2.717       0.000556877650513543
2.718       0.000388903139819208
2.719       0.000167887979692694
2.720       0.000056658737999787
2.721       0.000122235625529155
2.722       0.000220433528079184
2.723       0.000214887344876874
2.724       0.000114839522583454
2.725       0.000051078531645723
2.726       0.000039244082341506
2.727       0.000044234304385087
2.728       0.000049884163975866
2.729       0.000062995030271858
2.730       0.000190495647798272
2.731       0.000401961223367442
2.732       0.000523704370225309
2.733       0.000477847207672910
2.734       0.000358949779408979
2.735       0.000218668288120227
2.736       0.000119829231731622
2.737       0.000184145670662383
2.738       0.000285739489210263
2.739       0.000252937361266636
2.740       0.000171040547516238
2.741       0.000115751202568071
2.742       0.000128012786056828
2.743       0.000215560879299526
2.744       0.000318926082433502
2.745       0.000369520287056349
2.746       0.000358905856964784
2.747       0.000342285514783963
2.748       0.000423543754110411
2.749       0.000485692845204735
2.750       0.000326266816252807
2.751       0.000160828212341924
2.752       0.000111207210701798
2.753       0.000118946443396550
2.754       0.000110896369742576
2.755       0.000114705315771103
2.756       0.000150111438129166
2.757       0.000163963195616248
2.758       0.000217995285679201
2.759       0.000307781566186105
2.760       0.000439257012751770
2.761       0.000378880935436643
2.762       0.000188677435886797
2.763       0.000135046048140644
2.764       0.000240543799493509
2.765       0.000313053006380348
2.766       0.000287698762116761
2.767       0.000258123854608605
2.768       0.000244349067110732
2.769       0.000193982228132800
2.770       0.000107628471283483
2.771       0.000042193129096646
2.772       0.000027755804216873
2.773       0.000042043670463392
2.774       0.000087828913145571
2.775       0.000195244994406263
2.776       0.000328957585909839
2.777       0.000406578593584839
2.778       0.000378460061967373
2.779       0.000264517959732091
2.780       0.000146912735625448
2.781       0.000080365801445159
2.782       0.000111057021735417
2.783       0.000328964839277579
2.784       0.000534096516769333
2.785       0.000499447649769114
2.786       0.000236512913225018
2.787       0.000094897970177629
2.788       0.000127373120507035
2.789       0.000115939718482450
2.790       0.000053391596292640
2.791       0.000019680395577822
2.792       0.000042303446440087
2.793       0.000152605058436617
2.794       0.000382318306893947
2.795       0.000542533841882298
2.796       0.000433808605752484
2.797       0.000236773145166236
2.798       0.000164933707433410
2.799       0.000105942527628411
2.800       0.000053324824378559
2.801       0.000054051675045776
2.802       0.000087249495513905
2.803       0.000120056608905406
2.804       0.000122624471441922
2.805       0.000126129584913620
2.806       0.000172095897960856
2.807       0.000325059991300836
2.808       0.000497950926493240
2.809       0.000538085103750169
2.810       0.000477895744571633
2.811       0.000378108234098340
2.812       0.000292974396757240
2.813       0.000264888306042644
2.814       0.000249280342242100
2.815       0.000231596082606901
2.816       0.000227629274399715
2.817       0.000163045751781721
2.818       0.000109282205790873
2.819       0.000127992009853847
2.820       0.000122130840982962
2.821       0.000104541467580061
2.822       0.000150319842721375
2.823       0.000146919404148460
2.824       0.000095942552695627
2.825       0.000065183493599900
2.826       0.000044113072744933
2.827       0.000034139014881151
2.828       0.000029251985449577
2.829       0.000039105249640875
2.830       0.000050397957105729
2.831       0.000039013472945958
2.832       0.000026719887859253
2.833       0.000059085955478710
2.834       0.000089459945802818
2.835       0.000093006784133657
2.836       0.000105104496888032
2.837       0.000131685526392200
2.838       0.000171067386552787
2.839       0.000259649125361305
2.840       0.000326512465932363
2.841       0.000295176551442733
2.842       0.000199444104519664
2.843       0.000117817425881184
2.844       0.000083064795196930
2.845       0.000080465110801354
2.846       0.000094773709950057
2.847       0.000109530022106515
2.848       0.000110567304646050
2.849       0.000092568988341008
2.850       0.000074668444226544
2.851       0.000103819858616211
2.852       0.000185671644543695
2.853       0.000211583035503241
2.854       0.000142579579235413
2.855       0.000136887149765674
2.856       0.000267199636513005
2.857       0.000224137641861188
2.858       0.000088986856786544
2.859       0.000051801573450080
2.860       0.000060415986582511
2.861       0.000070389115762928
2.862       0.000081009983846955
2.863       0.000131706775166301
2.864       0.000234759015496466
2.865       0.000348765881074575
2.866       0.000425826935751022
2.867       0.000416971653342896
2.868       0.000314468688216718
2.869       0.000239788399569091
2.870       0.000183823768895669
2.871       0.000125109240460719
2.872       0.000110244645162579
2.873       0.000097191114109357
2.874       0.000067021581941204
2.875       0.000045454759120531
2.876       0.000029009411000612
2.877       0.000014179887711657
2.878       0.000010983886864392
2.879       0.000025242788799028
2.880       0.000070101699267855
2.881       0.000172093780336724
2.882       0.000263304295388150
2.883       0.000268355364006503
2.884       0.000222574294691275
2.885       0.000132765360636333
2.886       0.000069890955957233
2.887       0.000069841132025364
2.888       0.000076665430257581
2.889       0.000055319578444068
2.890       0.000031555681896805
2.891       0.000022774328492146
2.892       0.000039897950209103
2.893       0.000140936329774577
2.894       0.000267774572670409
2.895       0.000338071955231889
2.896       0.000329026425090626
2.897       0.000232417664481899
2.898       0.000146162461792249
2.899       0.000162287248407361
2.900       0.000249786815183117
2.901       0.000219122792003756
2.902       0.000134632583510819
2.903       0.000145787808828679
2.904       0.000129821404434377
2.905       0.000071878973825545
2.906       0.000063460269223832
2.907       0.000091428059228141
2.908       0.000106374549302814
2.909       0.000117183733805731
2.910       0.000129816120355147
2.911       0.000121483449603874
2.912       0.000203421085738564
2.913       0.000298351573595118
2.914       0.000270194225497983
2.915       0.000197006119556059
2.916       0.000155872708571869
2.917       0.000117663142418345
2.918       0.000070257052151385
2.919       0.000046903167843428
2.920       0.000045698829711376
2.921       0.000045872794316355
2.922       0.000057186292772481
2.923       0.000091107982922223
2.924       0.000187166364491120
2.925       0.000339117559467528
2.926       0.000324327480863806
2.927       0.000209057845015181
2.928       0.000131283502885021
2.929       0.000097068869432032
2.930       0.000090039039301434
2.931       0.000148829252628713
2.932       0.000203890921462280
2.933       0.000267375817173759
2.934       0.000240000999897960
2.935       0.000120171763605958
2.936       0.000077302814148111
2.937       0.000245585898772882
2.938       0.000458570466911779
2.939       0.000498406697819212
2.940       0.000372739789062493
2.941       0.000173334486932242
2.942       0.000072790919339177
2.943       0.000044655398251631
2.944       0.000023755482287953
2.945       0.000020237464517802
2.946       0.000050083537610102
2.947       0.000119805347608581
2.948       0.000227273207762446
2.949       0.000244135159581327
2.950       0.000202720425593994
2.951       0.000222275884777523
2.952       0.000221245827737485
2.953       0.000155549382500841
2.954       0.000121656872512393
2.955       0.000149991530750682
2.956       0.000207291345962118
2.957       0.000263370887806119
2.958       0.000285449227848969
2.959       0.000321651151899249
2.960       0.000341493154722358
2.961       0.000186601488076032
2.962       0.000075817542139367
2.963       0.000082692127550313
2.964       0.000174962494063069
2.965       0.000289431667228113
2.966       0.000276085412070665
2.967       0.000233595346266949
2.968       0.000205912323268553
2.969       0.000142721414707808
2.970       0.000085112241523327
2.971       0.000072068073967367
2.972       0.000077599033182916
2.973       0.000131976343886953
2.974       0.000254201642769514
2.975       0.000324200602052321
2.976       0.000261854376296999
2.977       0.000146465131577567
2.978       0.000103000112358817
2.979       0.000096696469319042
2.980       0.000071575903931031
2.981       0.000049210537743864
2.982       0.000048130111150485
2.983       0.000057330119830983
2.984       0.000058562166324300
2.985       0.000051066448398651
2.986       0.000051223801547704
2.987       0.000067037437964740
2.988       0.000122653639674203
2.989       0.000251406895301176
2.990       0.000334646162017310
2.991       0.000254249052526523
2.992       0.000173463817280256
2.993       0.000213932580042653
2.994       0.000249291226475420
2.995       0.000198065182596158
2.996       0.000153197728374813
2.997       0.000204968836292396
2.998       0.000282496899921880
2.999       0.000218599122457752
3.000       0.000086054912150191
3.001       0.000061467497136869
3.002       0.000047167334049344
3.003       0.000035772131283940
3.004       0.000102753400868238
3.005       0.000307233658269679
3.006       0.000443125243810683
3.007       0.000411460289915400
3.008       0.000404786697322759
3.009       0.000274878721554850
3.010       0.000120927108121005
3.011       0.000050962551073480
3.012       0.000031608362179306
3.013       0.000037968907722945
3.014       0.000066853786918300
3.015       0.000096333974348370
3.016       0.000103791711521806
3.017       0.000103319768297574
3.018       0.000101141827067310
3.019       0.000088093420321650
3.020       0.000076088969122898
3.021       0.000070004147589548
3.022       0.000053755782026280
3.023       0.000040471105122716
3.024       0.000060432544399927
3.025       0.000121497165136625
3.026       0.000185133482440702
3.027       0.000205720593299021
3.028       0.000197250737995133
3.029       0.000187130758183305
3.030       0.000184926573324351
3.031       0.000171704134447351
3.032       0.000137632354053521
3.033       0.000164659585604437
3.034       0.000283038124886059
3.035       0.000327345445360758
3.036       0.000270144455180726
3.037       0.000152838340098715
3.038       0.000084146887040434
3.039       0.000070743415460258
3.040       0.000072209690521501
3.041       0.000097289195388012
3.042       0.000092315807737109
3.043       0.000085342759396919
3.044       0.000135905656070828
3.045       0.000170642470789503
3.046       0.000128295733680256
3.047       0.000059647550958081
3.048       0.000023665466863977
3.049       0.000020982487876312
3.050       0.000044899233202555
3.051       0.000085306804171847
3.052       0.000107345999993042
3.053       0.000083394589227653
3.054       0.000040717786611744
3.055       0.000014990079226604
3.056       0.000009573090070379
3.057       0.000018050879170319
3.058       0.000050051047676525
3.059       0.000129181508377374
3.060       0.000192729744440540
3.061       0.000170776158484209
3.062       0.000112089874744536
3.063       0.000075075387013582
3.064       0.000065843676862366
3.065       0.000071051051856709
3.066       0.000076087713485485
3.067       0.000078177004339774
3.068       0.000091438990076985
3.069       0.000103961570037149
3.070       0.000106682640072881
3.071       0.000095831961610692
3.072       0.000084445357252765
3.073       0.000088033140234946
3.074       0.000092494309307627
3.075       0.000078131046603966
3.076       0.000055472005722840
3.077       0.000094669714563012
3.078       0.000187406621482145
3.079       0.000255194137446096
3.080       0.000212338947243540
3.081       0.000126431349173228
3.082       0.000094822970556454
3.083       0.000101969068092941
3.084       0.000107766752047717
3.085       0.000131437175408089
3.086       0.000207626636005265
3.087       0.000349797431683507
3.088       0.000450628054636582
3.089       0.000463005560063040
3.090       0.000432493929746924
3.091       0.000405787774066094
3.092       0.000310924069796492
3.093       0.000159225100340887
3.094       0.000065961119132013
3.095       0.000047884714275170
3.096       0.000055464456756832
3.097       0.000079794362059085
3.098       0.000152665423137854
3.099       0.000302358604095998
3.100       0.000396432312548239
3.101       0.000279755666176995
3.102       0.000124192646535515
3.103       0.000055048943557332
3.104       0.000036638987682771
3.105       0.000033859582413690
3.106       0.000066433167903557
3.107       0.000112807498587247
3.108       0.000084181517697623
3.109       0.000057956495474883
3.110       0.000066157307795640
3.111       0.000070241687387717
3.112       0.000076122200027569
3.113       0.000084492281054203
3.114       0.000063922250191251
3.115       0.000033181516309544
3.116       0.000022371640090554
3.117       0.000106734297130595
3.118       0.000206081498325295
3.119       0.000255568895579608
3.120       0.000264888050266415
3.121       0.000218415509564057
3.122       0.000194500709182993
3.123       0.000174196690343756
3.124       0.000126038134926343
3.125       0.000100126941435456
3.126       0.000129235842530079
3.127       0.000177378213592400
3.128       0.000166836979502261
3.129       0.000109082999605464
3.130       0.000078289877185771
3.131       0.000143445362449146
3.132       0.000278285011127144
3.133       0.000283839375928574
3.134       0.000131454599835212
3.135       0.000027575798482199
3.136       0.000011274651917607
3.137       0.000021972163758821
3.138       0.000030469375477564
3.139       0.000031277878172448
3.140       0.000033530370513667
3.141       0.000039144245779541
3.142       0.000040085851975237
3.143       0.000055748751041154
3.144       0.000121209638072384
3.145       0.000141076197752915
3.146       0.000086583917129152
3.147       0.000054523164647977
3.148       0.000062202174261117
3.149       0.000060634639785027
3.150       0.000046512304464091
3.151       0.000046119522908287
3.152       0.000086779129552461
3.153       0.000176094985249009
3.154       0.000227056507441384
3.155       0.000285068641537128
3.156       0.000598390695793150
3.157       0.000825901064027301
3.158       0.000831901460004170
3.159       0.000777095345591172
3.160       0.000631249413591606
3.161       0.000406960392227762
3.162       0.000214239562902341
3.163       0.000105562812195759
3.164       0.000079428124437507
3.165       0.000110138927846753
3.166       0.000175149542494479
3.167       0.000280873411488636
3.168       0.000425890826885489
3.169       0.000567592125432281
3.170       0.000666807533642122
3.171       0.000742131857094458
3.172       0.000843633531893651
3.173       0.000982029487684000
3.174       0.001110175072621460
3.175       0.001160673791563300
3.176       0.001081614757128310
3.177       0.000872002161591001
3.178       0.000618826657016736
3.179       0.000464078175927807
3.180       0.000458190596650143
3.181       0.000481045896799620
3.182       0.000413258688142293
3.183       0.000288592441461566
3.184       0.000252350698643877
3.185       0.000369926599483206
3.186       0.000552519794329132
3.187       0.000747551846180805
3.188       0.000921423849893688
3.189       0.001011659802209940
3.190       0.001025061303531560
3.191       0.001029519219582440
3.192       0.001034657715765440
3.193       0.001003778118634750
3.194       0.000964318594235125
3.195       0.000987152001686115
3.196       0.001085527049889730
3.197       0.001206475809887140
3.198       0.001334934442200400
3.199       0.001516921767568350
3.200       0.001783031186152080
3.201       0.002128498464467390
3.202       0.002522079589847510
3.203       0.002903449523443010
3.204       0.003199610947516970
3.205       0.003353597174678590
3.206       0.003355836672659430
3.207       0.003261572616300610
3.208       0.003156028017027860
3.209       0.003098333762232690
3.210       0.003115153595197900
3.211       0.003224549096447650
3.212       0.003439908746324160
3.213       0.003751246598594940
3.214       0.004125201749097360
3.215       0.004530964037380510
3.216       0.004953430884058420
3.217       0.005391928020639150
3.218       0.005858489946494180
3.219       0.006382763299735970
3.220       0.007002427541202390
3.221       0.007703081619211180
3.222       0.008416656881262700
3.223       0.009100135254352710
3.224       0.009767344911288060
3.225       0.010451939926635800
3.226       0.011170063154297701
3.227       0.011928790312702100
3.228       0.012749196377151800
3.229       0.013656042111810200
3.230       0.014666102301141799
3.231       0.015804306048860600
3.232       0.017114515665526599
3.233       0.018616706610109699
3.234       0.020272715667259099
3.235       0.022033947972760301
3.236       0.023903074023303699
3.237       0.025938065641361700
3.238       0.028220050557928599
3.239       0.030820319022122799
3.240       0.033776641535991900
3.241       0.037064361469601799
3.242       0.040602244895030302
3.243       0.044336259092764500
3.244       0.048323724674380800
3.245       0.052715097679250499
3.246       0.057637316686143698
3.247       0.063109422517943201
3.248       0.069108243018764198
3.249       0.075666309783724003
3.250       0.082860549122809601
3.251       0.090767631068466401
3.252       0.099477329341073797
3.253       0.109149061524398003
3.254       0.119903948396618998
3.255       0.131735749375308991
3.256       0.144539171379789999
3.257       0.158271102594355006
3.258       0.173060043268818992
3.259       0.189112460117890013
3.260       0.206507937214822995
3.261       0.225198617811194990
3.262       0.245103574493854004
3.263       0.266165860334013016
3.264       0.288338007336363999
3.265       0.311562871252774987
3.266       0.335756253820151007
3.267       0.360807781221140988
3.268       0.386571821123383008
3.269       0.412871277350064014
3.270       0.439496373078298974
3.271       0.466189031837274004
3.272       0.492661070238568977
3.273       0.518665928878291993
3.274       0.544045847374321045
3.275       0.568694967245718996
3.276       0.592499043407442971
3.277       0.615318264666740000
3.278       0.637013258606387023
3.279       0.657488033445545961
3.280       0.676696118516219025
3.281       0.694592560451773977
3.282       0.711121401220729976
3.283       0.726281689431381050
3.284       0.740167645783757044
3.285       0.752923826929162043
3.286       0.764680646954211007
3.287       0.775506987623692967
3.288       0.785416482310388964
3.289       0.794396901442038006
3.290       0.802473709126861001
3.291       0.809740140202983016
3.292       0.816309824477243984
3.293       0.822253742266034982
3.294       0.827603868408993026
3.295       0.832404072971959952
3.296       0.836787855386662005
3.297       0.840917912595183004
3.298       0.844852736711105945
3.299       0.848538881180677995
3.300       0.851929512441592984
3.301       0.855088659407678975
3.302       0.858194474505274973
3.303       0.861391303473666992
3.304       0.864683892542705945
3.305       0.867995354584342960
3.306       0.871270469015775983
3.307       0.874538747796907989
3.308       0.877884054632765976
3.309       0.881348752801138002
3.310       0.884894561597770024
3.311       0.888447745904513031
3.312       0.891955536711609986
3.313       0.895422714314927037
3.314       0.898905810965797025
3.315       0.902463982410408039
3.316       0.906132654483617017
3.317       0.909931831559033011
3.318       0.913868515017836947
3.319       0.917925151739355960
3.320       0.922028571396252050
3.321       0.926045452240674027
3.322       0.929831116629681986
3.323       0.933298127887426054
3.324       0.936426250728120024
3.325       0.939175165710363968
3.326       0.941384557267148980
3.327       0.942746672201109970
3.328       0.942896092798719998
3.329       0.941472027852916948
3.330       0.938181865147092009
3.331       0.932798200057093019
3.332       0.925263930707796001
3.333       0.915509124810618968
3.334       0.903302875680580986
3.335       0.888348996220458043
3.336       0.870439690441358049
3.337       0.849568368601425039
3.338       0.825828994715663955
3.339       0.799296978000981984
3.340       0.770057696121995039
3.341       0.738283642870782963
3.342       0.704406044792420971
3.343       0.668983091653387985
3.344       0.632515425377008000
3.345       0.595442632765199042
3.346       0.558189017731578030
3.347       0.521202690719547945
3.348       0.484955760047682982
3.349       0.449855465575722979
3.350       0.416169116195505007
3.351       0.384062636061742013
3.352       0.353664374812425020
3.353       0.325076285933533993
3.354       0.298346025832188000
3.355       0.273470383477729007
3.356       0.250446093789336022
3.357       0.229233653369832008
3.358       0.209777861295023987
3.359       0.191992892502881013
3.360       0.175718127227603993
3.361       0.160760254605576997
3.362       0.146957624561984995
3.363       0.134240468525576001
3.364       0.122616218321496995
3.365       0.112084357455700001
3.366       0.102581594187085998
3.367       0.093999138428326703
3.368       0.086239697202163498
3.369       0.079264830497457694
3.370       0.073073192304004705
3.371       0.067635704875641495
3.372       0.062791828250953002
3.373       0.058309418168302998
3.374       0.054004750186182400
3.375       0.049824038747988901
3.376       0.045885526810217001
3.377       0.042362841637601199
3.378       0.039341709089187701
3.379       0.036776154484311298
3.380       0.034503971655873898
3.381       0.032343318199965901
3.382       0.030186027292406201
3.383       0.028001205736087401
3.384       0.025814103859346502
3.385       0.023699051673563801
3.386       0.021754215984258501
3.387       0.020069293645986100
3.388       0.018684627772594300
3.389       0.017547277137492000
3.390       0.016536137413747400
3.391       0.015536977263477700
3.392       0.014505470471068101
3.393       0.013493118985224300
3.394       0.012589206454689099
3.395       0.011837036148580400
3.396       0.011196466345567500
3.397       0.010581141602640899
3.398       0.009934083475037880
3.399       0.009271135740892779
3.400       0.008679583812838400
3.401       0.008225195072081529
3.402       0.007895692773770670
3.403       0.007627901105054960
3.404       0.007347696545474960
3.405       0.007011198171579250
3.406       0.006629955301394210
3.407       0.006239535700837130
3.408       0.005885055903241950
3.409       0.005584689200864080
3.410       0.005319541048620650
3.411       0.005059895648966690
3.412       0.004776936818474020
3.413       0.004469512559673870
3.414       0.004162535261574840
3.415       0.003900784613075300
3.416       0.003734217126660000
3.417       0.003687110348469060
3.418       0.003744781921291460
3.419       0.003851657643770270
3.420       0.003907673767860470
3.421       0.003812855070074890
3.422       0.003552050091991440
3.423       0.003216028107540850
3.424       0.002926937191491840
3.425       0.002754596507580200
3.426       0.002699326788931710
3.427       0.002721141240847190
3.428       0.002762447459445320
3.429       0.002761844595680630
3.430       0.002671109135604090
3.431       0.002472828460399310
3.432       0.002183259166866460
3.433       0.001860196690541160
3.434       0.001578865237177540
3.435       0.001387949963585270
3.436       0.001292591665598000
3.437       0.001246227063922330
3.438       0.001169839432777210
3.439       0.001010849849094160
3.440       0.000796584715493043
3.441       0.000607615962539665
3.442       0.000520084589618469
3.443       0.000557416068896699
3.444       0.000685687902406862
3.445       0.000829278495293351
3.446       0.000938982376713415
3.447       0.001008296452482850
3.448       0.001049304706941910
3.449       0.001065302616005900
3.450       0.001047459394675130
3.451       0.000995595561264689
3.452       0.000945800283519038
3.453       0.000905359217781870
3.454       0.000838579489178037
3.455       0.000757292497328366
3.456       0.000725757023024947
3.457       0.000745981150399838
3.458       0.000744559469309680
3.459       0.000724490123516608
3.460       0.000768950134115765
3.461       0.000873233910073656
3.462       0.000929664889608828
3.463       0.000846742695539027
3.464       0.000682804328493658
3.465       0.000571202581592434
3.466       0.000554175567535661
3.467       0.000569069904122997
3.468       0.000541279090397889
3.469       0.000443429844301679
3.470       0.000344951390083392
3.471       0.000298476805166689
3.472       0.000310027409365643
3.473       0.000369575527845334
3.474       0.000435803301050142
3.475       0.000434266832730693
3.476       0.000370918458154956
3.477       0.000312937788399054
3.478       0.000327417127466895
3.479       0.000504768187389759
3.480       0.000683275388510207
3.481       0.000702864095762867
3.482       0.000634690800374593
3.483       0.000574123584991121
3.484       0.000546897461105485
3.485       0.000546151121193623
3.486       0.000560419591675118
3.487       0.000575658043016070
3.488       0.000554086923018171
3.489       0.000509085065945936
3.490       0.000452679344122492
3.491       0.000343101887485431
3.492       0.000201968047456869
3.493       0.000102500299838104
3.494       0.000063993990640082
3.495       0.000068229737539546
3.496       0.000099315414205325
3.497       0.000142181743316788
3.498       0.000163944444520836
3.499       0.000167612383843671
3.500       0.000243851961362396
3.501       0.000370893760440805
3.502       0.000445775767212275
3.503       0.000461716467279882
3.504       0.000422308264002302
3.505       0.000285097905467380
3.506       0.000165084540847293
3.507       0.000115229066755110
3.508       0.000109367149285149
3.509       0.000115870737742278
3.510       0.000087855151772259
3.511       0.000069365598025188
3.512       0.000051674362116241
3.513       0.000040488733299180
3.514       0.000057079105732577
3.515       0.000085441665503144
3.516       0.000100375344500934
3.517       0.000096184135219606
3.518       0.000081169356741316
3.519       0.000075295500622088
3.520       0.000096630439111026
3.521       0.000158969992272939
3.522       0.000252004823578456
3.523       0.000236709198260909
3.524       0.000154132192703937
3.525       0.000116697157616689
3.526       0.000109465188498019
3.527       0.000095552186051478
3.528       0.000078440253107888
3.529       0.000080102167580705
3.530       0.000131836892880099
3.531       0.000213482051359848
3.532       0.000257222692300246
3.533       0.000239140197754284
3.534       0.000156140009645422
3.535       0.000059595067807672
3.536       0.000016516159651120
3.537       0.000009657423533173
3.538       0.000010160344257918
3.539       0.000011039971426622
3.540       0.000011886518237182
3.541       0.000010943498924492
3.542       0.000011738105870154
3.543       0.000020302511169350
3.544       0.000033056340451330
3.545       0.000054818692901026
3.546       0.000091782632950510
3.547       0.000130064237915978
3.548       0.000161573588730243
3.549       0.000207256479803547
3.550       0.000259164631577713
3.551       0.000303405273137741
3.552       0.000262974257882853
3.553       0.000190252397642920
3.554       0.000152282459892364
3.555       0.000152608865891385
3.556       0.000182048139441615
3.557       0.000256788412833497
3.558       0.000464240420939177
3.559       0.000638841804223078
3.560       0.000670924474844535
3.561       0.000542174640420168
3.562       0.000361298865083515
3.563       0.000260127803082461
3.564       0.000219820162882842
3.565       0.000187277728949428
3.566       0.000154325659611057
3.567       0.000137655013907150
3.568       0.000147396390521734
3.569       0.000175637575585655
3.570       0.000205868735332224
3.571       0.000228756866923557
3.572       0.000239755856647504
3.573       0.000216344306104121
3.574       0.000141561708282834
3.575       0.000065387861496902
3.576       0.000027925500482001
3.577       0.000017288257033482
3.578       0.000013966719608233
3.579       0.000011527773347314
3.580       0.000018693523280981
3.581       0.000064197929828397
3.582       0.000086446737457367
3.583       0.000077124043192198
3.584       0.000072054036066167
3.585       0.000060725274731104
3.586       0.000049637295945725
3.587       0.000053134186057922
3.588       0.000087924572630377
3.589       0.000122255064865170
3.590       0.000139629803654125
3.591       0.000139166157216368
3.592       0.000125365152785835
3.593       0.000110518195704477
3.594       0.000111085809133472
3.595       0.000138963711053430
3.596       0.000195954938174064
3.597       0.000273707535067946
3.598       0.000346363269700667
3.599       0.000364774378622260
3.600       0.000320067529066798
3.601       0.000243408575151260
3.602       0.000160795998479457
3.603       0.000104246774834060
3.604       0.000083375598042987
3.605       0.000072602756868274
3.606       0.000069350291281229
3.607       0.000087686250113642
3.608       0.000101818028919905
3.609       0.000093288761710379
3.610       0.000095563196516463
3.611       0.000125769862928837
3.612       0.000146032513411942
3.613       0.000111660650733952
3.614       0.000046304258624619
3.615       0.000013856916619231
3.616       0.000006703259241818
3.617       0.000007647217914996
3.618       0.000024085751861760
3.619       0.000067326680910335
3.620       0.000141429719289876
3.621       0.000210199672644379
3.622       0.000233556125177649
3.623       0.000224178368633025
3.624       0.000212208541387426
3.625       0.000204535354855873
3.626       0.000191278908424401
3.627       0.000162166865963070
3.628       0.000117399207049396
3.629       0.000074467596856725
3.630       0.000055428011802923
3.631       0.000070250508862529
3.632       0.000102374143408523
3.633       0.000102985662342320
3.634       0.000071653028228397
3.635       0.000056116722143441
3.636       0.000063208635701681
3.637       0.000060807987074106
3.638       0.000041599817379737
3.639       0.000027849117073236
3.640       0.000033078570731857
3.641       0.000053322167865355
3.642       0.000079153045482172
3.643       0.000103452069089557
3.644       0.000130860448131806
3.645       0.000186055557222370
3.646       0.000302646509177440
3.647       0.000463379518458984
3.648       0.000524888557093428
3.649       0.000502554983826398
3.650       0.000432606237492306
3.651       0.000272316155055297
3.652       0.000105529131547155
3.653       0.000029299339505268
3.654       0.000019373099538675
3.655       0.000041202742077515
3.656       0.000077937951955931
3.657       0.000112301069953982
3.658       0.000128711960354438
3.659       0.000125135286441480
3.660       0.000113937066968467
3.661       0.000109635928851037
3.662       0.000109435054640559
3.663       0.000102842552269812
3.664       0.000092326957330656
3.665       0.000090469509618041
3.666       0.000096386503808804
3.667       0.000099468712706433
3.668       0.000094185795277604
3.669       0.000081204205615575
3.670       0.000061079741891554
3.671       0.000040377765600327
3.672       0.000026009031424287
3.673       0.000016650545604284
3.674       0.000010865702158323
3.675       0.000011912446476147
3.676       0.000027230818871238
3.677       0.000063126910379241
3.678       0.000108202975022981
3.679       0.000129113258833052
3.680       0.000108584314461341
3.681       0.000083333402875613
3.682       0.000094093011620472
3.683       0.000135220686334037
3.684       0.000146050950282521
3.685       0.000120680340343488
3.686       0.000103087271710413
3.687       0.000118180497589881
3.688       0.000145459078170707
3.689       0.000155914672581180
3.690       0.000144049712971800
3.691       0.000123350736499370
3.692       0.000066617237131250
3.693       0.000055224491723835
3.694       0.000088353756544507
3.695       0.000118676912524998
3.696       0.000132675049305711
3.697       0.000134476735560701
3.698       0.000137424125369157
3.699       0.000147589392275965
3.700       0.000134335148636686
3.701       0.000099415305258865
3.702       0.000078563293323570
3.703       0.000071765701457491
3.704       0.000058216059064226
3.705       0.000041757837735287
3.706       0.000047411955554695
3.707       0.000069288539765039
3.708       0.000068837628768012
3.709       0.000058047812766401
3.710       0.000067809698560087
3.711       0.000080496766210407
3.712       0.000091048045808145
3.713       0.000136802926352125
3.714       0.000228392569274538
3.715       0.000272497356261212
3.716       0.000196601181656098
3.717       0.000101588326271940
3.718       0.000043742229800775
3.719       0.000016404091454689
3.720       0.000010674296830705
3.721       0.000013109797727985
3.722       0.000019183163746099
3.723       0.000040770508508064
3.724       0.000077689858338170
3.725       0.000093518330982256
3.726       0.000062240792817136
3.727       0.000027305296471422
3.728       0.000030465671149796
3.729       0.000079952175349451
3.730       0.000126924175626486
3.731       0.000156750761700561
3.732       0.000179252527649318
3.733       0.000197826813094243
3.734       0.000217783802693758
3.735       0.000241204283154370
3.736       0.000261343860189306
3.737       0.000249195368949767
3.738       0.000204841488238461
3.739       0.000161222725031551
3.740       0.000140082010553780
3.741       0.000145836875135384
3.742       0.000175761354357984
3.743       0.000198964184920637
3.744       0.000198057239720342
3.745       0.000190555402763689
3.746       0.000181065911642263
3.747       0.000151269056679892
3.748       0.000107881329796611
3.749       0.000086749573201921
3.750       0.000091260672495146
3.751       0.000107259702648368
3.752       0.000117946448983879
3.753       0.000107616869336913
3.754       0.000078134416391207
3.755       0.000057472097495397
3.756       0.000072915855579517
3.757       0.000152479856942167
3.758       0.000287512302045823
3.759       0.000387640687755486
3.760       0.000369195789772792
3.761       0.000304341383415174
3.762       0.000233443100131792
3.763       0.000171411950721512
3.764       0.000138991980056541
3.765       0.000131802008630007
3.766       0.000129825764093551
3.767       0.000114317382358911
3.768       0.000077361594040454
3.769       0.000039659386392221
3.770       0.000029791880573907
3.771       0.000051086637533809
3.772       0.000106140055008030
3.773       0.000192499457537076
3.774       0.000276093874863492
3.775       0.000291052166093694
3.776       0.000216098693197997
3.777       0.000132194871357794
3.778       0.000123186494239230
3.779       0.000155109488450073
3.780       0.000169616792444826
3.781       0.000165869842949098
3.782       0.000155512661447026
3.783       0.000154217586188294
3.784       0.000175686312509304
3.785       0.000200544529254748
3.786       0.000196326242081366
3.787       0.000164307584145512
3.788       0.000126796900947523
3.789       0.000098811804361845
3.790       0.000083208727904051
3.791       0.000077213670844432
3.792       0.000074612843120915
3.793       0.000073475772459852
3.794       0.000086578771432047
3.795       0.000138084486844381
3.796       0.000200071013018582
3.797       0.000191674944702125
3.798       0.000117081865313506
3.799       0.000057971213960284
3.800       0.000036478925043576
3.801       0.000066955947753383
3.802       0.000144136481764867
3.803       0.000223592151547103
3.804       0.000244624793061754
3.805       0.000205960891775353
3.806       0.000143886586295827
3.807       0.000097029317079056
3.808       0.000088789576432994
3.809       0.000132075319869834
3.810       0.000200898675577266
3.811       0.000281064105593420
3.812       0.000367768674438884
3.813       0.000441141733110662
3.814       0.000482795972514716
3.815       0.000489758591839518
3.816       0.000472345716887451
3.817       0.000427731851334656
3.818       0.000336726026043788
3.819       0.000215383014410153
3.820       0.000113619679192933
3.821       0.000058477697057496
3.822       0.000058351459538600
3.823       0.000108607552501749
3.824       0.000155575755314358
3.825       0.000133000935965327
3.826       0.000083413094303569
3.827       0.000051092336676842
3.828       0.000040707551181051
3.829       0.000043294157844004
3.830       0.000046232097721649
3.831       0.000038708676686094
3.832       0.000026120227502001
3.833       0.000018742984351418
3.834       0.000024023947430125
3.835       0.000048000578457733
3.836       0.000085782279240498
3.837       0.000106788443012387
3.838       0.000112129084403735
3.839       0.000119622979488414
3.840       0.000127266490687891
3.841       0.000123293788023497
3.842       0.000105029795494316
3.843       0.000079738474327060
3.844       0.000052052690858201
3.845       0.000027275430406690
3.846       0.000017612715786524
3.847       0.000029594779001135
3.848       0.000058411524487878
3.849       0.000099805537622871
3.850       0.000148425904182625
3.851       0.000186137813159779
3.852       0.000194391393168628
3.853       0.000174198437958656
3.854       0.000137538755592637
3.855       0.000098722743100604
3.856       0.000072907122191518
3.857       0.000061546809428672
3.858       0.000056353115090922
3.859       0.000051664106417243
3.860       0.000041482560367998
3.861       0.000027946958374450
3.862       0.000028373194817969
3.863       0.000049254057919598
3.864       0.000079764766258247
3.865       0.000117466579416498
3.866       0.000159816927676443
3.867       0.000171576862101661
3.868       0.000120018049311221
3.869       0.000073000532771456
3.870       0.000052144816061278
3.871       0.000047200706528215
3.872       0.000068225881397890
3.873       0.000121347959263440
3.874       0.000167797485718324
3.875       0.000197247398992711
3.876       0.000193927090194265
3.877       0.000148785723392414
3.878       0.000097539020065956
3.879       0.000072702439878607
3.880       0.000104803894630051
3.881       0.000218031114556427
3.882       0.000256720996922324
3.883       0.000175702556941493
3.884       0.000098317130122372
3.885       0.000079449535531389
3.886       0.000088787343467185
3.887       0.000097205569572358
3.888       0.000095735133282020
3.889       0.000083458637334589
3.890       0.000065633009365018
3.891       0.000054356334660721
3.892       0.000054221286086356
3.893       0.000055965638009390
3.894       0.000051890358355601
3.895       0.000041913536852796
3.896       0.000030251671516185
3.897       0.000021248353192060
3.898       0.000016105481664046
3.899       0.000014458901504301
3.900       0.000017109823453043
3.901       0.000024474812326578
3.902       0.000043936728731708
3.903       0.000095792558330088
3.904       0.000179950912826021
3.905       0.000220216390171772
3.906       0.000199829443049915
3.907       0.000194318023812319
3.908       0.000202686218877150
3.909       0.000193231424798559
3.910       0.000158771300704352
3.911       0.000106650961525456
3.912       0.000068264541679242
3.913       0.000057166439478936
3.914       0.000050265246603738
3.915       0.000038459949098041
3.916       0.000033443141222352
3.917       0.000049190977351857
3.918       0.000078823917056880
3.919       0.000088607343506828
3.920       0.000066323263483353
3.921       0.000036605746425972
3.922       0.000022304543351729
3.923       0.000023436498571488
3.924       0.000028283777806254
3.925       0.000034468392277259
3.926       0.000056714799253343
3.927       0.000096114079100873
3.928       0.000122768192806905
3.929       0.000115906878952535
3.930       0.000094017164180823
3.931       0.000088569935492101
3.932       0.000112427300183182
3.933       0.000170712268602435
3.934       0.000218832553851384
3.935       0.000206998896977340
3.936       0.000177199248015292
3.937       0.000154263842119987
3.938       0.000139686660167643
3.939       0.000109296541489279
3.940       0.000088834323319638
3.941       0.000105466462440904
3.942       0.000132918209913499
3.943       0.000133394961982017
3.944       0.000117633177059276
3.945       0.000118707109719132
3.946       0.000117397524954242
3.947       0.000095268682060987
3.948       0.000058965353081669
3.949       0.000027354681707725
3.950       0.000010757504023483
3.951       0.000007871282736713
3.952       0.000020177312148276
3.953       0.000045012126989652
3.954       0.000061192572543847
3.955       0.000052901300790276
3.956       0.000036304888578614
3.957       0.000031807589026612
3.958       0.000041492426393425
3.959       0.000056565549231648
3.960       0.000056911905036840
3.961       0.000036196863499594
3.962       0.000014774840296120
3.963       0.000012670488240583
3.964       0.000035963026715435
3.965       0.000088503836437159
3.966       0.000186995669447576
3.967       0.000305424845202407
3.968       0.000349358134721343
3.969       0.000309890222106507
3.970       0.000253433297445343
3.971       0.000194511806429765
3.972       0.000131781823785537
3.973       0.000104109280296416
3.974       0.000115560542292573
3.975       0.000134634699899647
3.976       0.000123318780431564
3.977       0.000072427996862579
3.978       0.000026213865457286
3.979       0.000008650479593558
3.980       0.000006471794056712
3.981       0.000008375218286515
3.982       0.000011189215378463
3.983       0.000014018576315941
3.984       0.000016055589709563
3.985       0.000017929544729902
3.986       0.000023246194116953
3.987       0.000034453283988621
3.988       0.000052288873494677
3.989       0.000065759204190718
3.990       0.000060422200078188
3.991       0.000043449875052046
3.992       0.000045563447198541
3.993       0.000088121461536528
3.994       0.000157918942394419
3.995       0.000190278754819188
3.996       0.000161207827994309
3.997       0.000103632132238768
3.998       0.000052253400327135
3.999       0.000030994372882849
4.000       0.000032746526228120
4.001       0.000039597818383034
4.002       0.000042787931786483
4.003       0.000043780684313048
4.004       0.000052467002503533
4.005       0.000078571321163595
4.006       0.000113638792979653
4.007       0.000143920053231397
4.008       0.000156672890364376
4.009       0.000145387330727484
4.010       0.000111139896041279
4.011       0.000078798483667195
4.012       0.000077806738782431
4.013       0.000112615414698147
4.014       0.000151156007875519
4.015       0.000170370113718732
4.016       0.000163705114783752
4.017       0.000139034770973392
4.018       0.000113861228913811
4.019       0.000103626538886735
4.020       0.000103197835272415
4.021       0.000102903707135387
4.022       0.000099002990585094
4.023       0.000093537121752828
4.024       0.000089331680386023
4.025       0.000087579754607977
4.026       0.000089895875829780
4.027       0.000096504171372420
4.028       0.000100900879008386
4.029       0.000097682670609292
4.030       0.000089617776071194
4.031       0.000079303746350443
4.032       0.000065167035840530
4.033       0.000046904041613158
4.034       0.000028623798431909
4.035       0.000015837929554396
4.036       0.000011799146931535
4.037       0.000025688987047523
4.038       0.000070353900477355
4.039       0.000135263799311502
4.040       0.000189523197102998
4.041       0.000210054620827141
4.042       0.000197393181635391
4.043       0.000168469995542486
4.044       0.000130029064684095
4.045       0.000091542298862768
4.046       0.000073347925990799
4.047       0.000072556966328533
4.048       0.000067491737198076
4.049       0.000044110480525328
4.050       0.000020970002668139
4.051       0.000013950474630098
4.052       0.000018018974049142
4.053       0.000027532315861264
4.054       0.000039521152893095
4.055       0.000052466727614567
4.056       0.000057508095453433
4.057       0.000058391181722218
4.058       0.000068374952468676
4.059       0.000102221547845421
4.060       0.000179149349382068
4.061       0.000221731955606028
4.062       0.000183143894225191
4.063       0.000148122189060684
4.064       0.000161758060838818
4.065       0.000193394063832925
4.066       0.000207447139441846
4.067       0.000187600396482940
4.068       0.000138085648342390
4.069       0.000080930448251609
4.070       0.000046114919541207
4.071       0.000045250471760572
4.072       0.000068481825461625
4.073       0.000102299164212671
4.074       0.000123096055200410
4.075       0.000111401739421521
4.076       0.000079051368879812
4.077       0.000049469313135445
4.078       0.000037509287795119
4.079       0.000046066182527255
4.080       0.000070716043907251
4.081       0.000101984696231960
4.082       0.000116222477433883
4.083       0.000100120607841106
4.084       0.000068528706427484
4.085       0.000046810444495546
4.086       0.000049610344436117
4.087       0.000067745799053664
4.088       0.000092306183593030
4.089       0.000139456789268383
4.090       0.000228474876410423
4.091       0.000287199132694871
4.092       0.000306157526753476
4.093       0.000308905191998408
4.094       0.000292401445004295
4.095       0.000243580053649883
4.096       0.000184649729453618
4.097       0.000136901469563050
4.098       0.000100043863096533
4.099       0.000066688551036254
4.100       0.000041372476098533
4.101       0.000037169508729794
4.102       0.000067676425858004
4.103       0.000125255117244649
4.104       0.000171896579553299
4.105       0.000182420509950985
4.106       0.000164204395245643
4.107       0.000132388542747025
4.108       0.000097457238229570
4.109       0.000065210952923916
4.110       0.000040089048087624
4.111       0.000026648221825430
4.112       0.000028465397790087
4.113       0.000044012069828611
4.114       0.000060806031683069
4.115       0.000061381790655408
4.116       0.000045040153374143
4.117       0.000024404506673376
4.118       0.000009297705418174
4.119       0.000004105319668289
4.120       0.000005699723401552
4.121       0.000009377182958382
4.122       0.000011970265489893
4.123       0.000012464612568388
4.124       0.000011818383492691
4.125       0.000011016850066620
4.126       0.000010080435703716
4.127       0.000008972891665179
4.128       0.000012275460509078
4.129       0.000031487048408010
4.130       0.000071131912364269
4.131       0.000099618935495552
4.132       0.000092998137487588
4.133       0.000067604386942088
4.134       0.000047170827966264
4.135       0.000035068345627214
4.136       0.000025615488371183
4.137       0.000021067536402729
4.138       0.000033345542466007
4.139       0.000074300781231884
4.140       0.000147147204478504
4.141       0.000243755026908543
4.142       0.000296219266929326
4.143       0.000260604405838194
4.144       0.000205030241070492
4.145       0.000177490485684689
4.146       0.000165559786039347
4.147       0.000158997249425915
4.148       0.000158119462019637
4.149       0.000156461018334135
4.150       0.000141820466525888
4.151       0.000110404699710659
4.152       0.000075318648467104
4.153       0.000049834380951685
4.154       0.000036157078049381
4.155       0.000029349153494406
4.156       0.000024394120067703
4.157       0.000021101085091419
4.158       0.000020363779673657
4.159       0.000020631126344281
4.160       0.000020147761407783
4.161       0.000020990688564567
4.162       0.000032063146920711
4.163       0.000056249162434796
4.164       0.000083535298099541
4.165       0.000087725564882436
4.166       0.000090169778123372
4.167       0.000130610131089226
4.168       0.000174699586899280
4.169       0.000208878111041755
4.170       0.000218694346363625
4.171       0.000214850557755483
4.172       0.000219236732838385
4.173       0.000232833664469856
4.174       0.000250408750039011
4.175       0.000277004725441371
4.176       0.000303726078339533
4.177       0.000298194614247932
4.178       0.000251881183156555
4.179       0.000186642717332486
4.180       0.000120893698615288
4.181       0.000065783382092260
4.182       0.000029455326773800
4.183       0.000016253244845346
4.184       0.000014112458646002
4.185       0.000009384124595259
4.186       0.000000994741204338
4.187       0.000001749111473253
4.188       0.000020350345458081
4.189       0.000054670046238908
4.190       0.000094738565428132
4.191       0.000121503355129171
4.192       0.000136969333402480
4.193       0.000125624309706918
4.194       0.000091752101500947
4.195       0.000068461096010386
4.196       0.000071279710946684
4.197       0.000092795073750970
4.198       0.000119103336874163
4.199       0.000138191820203082
4.200       0.000157214105968098
4.201       0.000258745738914046
4.202       0.000390270500122303
4.203       0.000433381969999628
4.204       0.000401320432368651
4.205       0.000340589951895842
4.206       0.000264211947031245
4.207       0.000194556981959748
4.208       0.000155690289755567
4.209       0.000141773508002402
4.210       0.000119589901337980
4.211       0.000075331516329324
4.212       0.000044819085448539
4.213       0.000046236188109339
4.214       0.000050421661258434
4.215       0.000043411915222856
4.216       0.000039770834551774
4.217       0.000053177418182920
4.218       0.000094598426858106
4.219       0.000168793128953681
4.220       0.000231558130459331
4.221       0.000205795282336385
4.222       0.000127297217203670
4.223       0.000076156112393394
4.224       0.000055717344771694
4.225       0.000049965815655063
4.226       0.000055075558401570
4.227       0.000068827958217763
4.228       0.000091432758516197
4.229       0.000123720187437865
4.230       0.000169510750677365
4.231       0.000228920239707942
4.232       0.000311655764549890
4.233       0.000423713268228210
4.234       0.000472507047346575
4.235       0.000458789802527129
4.236       0.000373001730491651
4.237       0.000225032301220729
4.238       0.000109633684052757
4.239       0.000056581144868562
4.240       0.000042909158401992
4.241       0.000049984905282151
4.242       0.000070966390677996
4.243       0.000111084434410630
4.244       0.000202890756830165
4.245       0.000353508801351099
4.246       0.000482916766571473
4.247       0.000534427287103081
4.248       0.000514238718189786
4.249       0.000465130419442322
4.250       0.000433311791074351
4.251       0.000424799544129089
4.252       0.000406526264615403
4.253       0.000341489889195301
4.254       0.000249590342866035
4.255       0.000176885656202774
4.256       0.000135704246562313
4.257       0.000109861295021565
4.258       0.000102389493091523
4.259       0.000105153469477561
4.260       0.000101743016227843
4.261       0.000095701878138545
4.262       0.000092620385730264
4.263       0.000092906476945426
4.264       0.000089564262571083
4.265       0.000055435405862309
4.266       0.000020574784065558
4.267       0.000021666667182133
4.268       0.000028963351862076
4.269       0.000036048042262003
4.270       0.000052819196592627
4.271       0.000078567479253083
4.272       0.000115390350241273
4.273       0.000161836976787066
4.274       0.000197588514644978
4.275       0.000234565222493016
4.276       0.000274378908071471
4.277       0.000267256943880911
4.278       0.000216667886792754
4.279       0.000160287550384941
4.280       0.000113990023154709
4.281       0.000079063254983414
4.282       0.000058038597674656
4.283       0.000049759497929094
4.284       0.000044941319403136
4.285       0.000037192253852784
4.286       0.000027693490924040
4.287       0.000021543682873729
4.288       0.000030565589833567
4.289       0.000057364929709869
4.290       0.000075052550507007
4.291       0.000067173866869635
4.292       0.000056614929951147
4.293       0.000055607384231337
4.294       0.000057997001805907
4.295       0.000060180996464687
4.296       0.000059997292564244
4.297       0.000060346524264924
4.298       0.000058469819648570
4.299       0.000050049943387705
4.300       0.000056247617996344
4.301       0.000092885396317272
4.302       0.000135561345957963
4.303       0.000173335026060623
4.304       0.000201578696242447
4.305       0.000207574056916243
4.306       0.000186864658007352
4.307       0.000146271555552385
4.308       0.000104504923874954
4.309       0.000076487087563165
4.310       0.000064281543917272
4.311       0.000059602866642430
4.312       0.000054776234488876
4.313       0.000050150248005594
4.314       0.000060947364767972
4.315       0.000105763862207564
4.316       0.000185061416250853
4.317       0.000283469856956320
4.318       0.000382630242726001
4.319       0.000443855889037309
4.320       0.000451001711472825
4.321       0.000426517081908162
4.322       0.000407445317234217
4.323       0.000417214334510099
4.324       0.000426256749905896
4.325       0.000389525846178768
4.326       0.000309536811910593
4.327       0.000245050097904459
4.328       0.000284295598428130
4.329       0.000445648891036377
4.330       0.000601992364907655
4.331       0.000661087418268411
4.332       0.000668647895068258
4.333       0.000657178604993522
4.334       0.000627823880881478
4.335       0.000580722394273120
4.336       0.000514071925479642
4.337       0.000431002011344939
4.338       0.000336391718175955
4.339       0.000239410140908558
4.340       0.000147451332360993
4.341       0.000079215973109753
4.342       0.000057609574293493
4.343       0.000088166366884079
4.344       0.000159319576204409
4.345       0.000245940416549351
4.346       0.000266604539253118
4.347       0.000220665112869556
4.348       0.000165760554763472
4.349       0.000129822953225764
4.350       0.000111201419864190
4.351       0.000104219298376354
4.352       0.000106886831354857
4.353       0.000118096875607647
4.354       0.000134721283152811
4.355       0.000145670909346717
4.356       0.000139590719296402
4.357       0.000115039079319645
4.358       0.000079922563941182
4.359       0.000046600025895904
4.360       0.000023519476555892
4.361       0.000011684351326376
4.362       0.000009338661175052
4.363       0.000015784903350490
4.364       0.000034872614722695
4.365       0.000082409505874348
4.366       0.000169806171944342
4.367       0.000248933780494009
4.368       0.000279413291984186
4.369       0.000273416117465869
4.370       0.000212292058611840
4.371       0.000167535504017685
4.372       0.000154366298142410
4.373       0.000140507830892020
4.374       0.000117344988039281
4.375       0.000090590582965927
4.376       0.000073527342937328
4.377       0.000065637990077944
4.378       0.000061500396684375
4.379       0.000061478431784523
4.380       0.000065621790291924
4.381       0.000079291071631432
4.382       0.000115588429826896
4.383       0.000196013499730752
4.384       0.000279613322872685
4.385       0.000332627739300956
4.386       0.000367492367755018
4.387       0.000399179474791567
4.388       0.000432220990306570
4.389       0.000468007496019940
4.390       0.000508705122428704
4.391       0.000548654544219207
4.392       0.000525754620874452
4.393       0.000434615496327062
4.394       0.000349360514027119
4.395       0.000301230555271148
4.396       0.000263465166798871
4.397       0.000199206775935101
4.398       0.000121363878233083
4.399       0.000063707932167784
4.400       0.000046679836280020
4.401       0.000065240141581963
4.402       0.000086610991530511
4.403       0.000088108976796935
4.404       0.000076776044715843
4.405       0.000064036360525543
4.406       0.000052699940268949
4.407       0.000041910599181238
4.408       0.000030598420791381
4.409       0.000019683378374255
4.410       0.000016457674716183
4.411       0.000025122116311227
4.412       0.000037778959097352
4.413       0.000048773497760862
4.414       0.000056848202678733
4.415       0.000063314907498897
4.416       0.000071808513362318
4.417       0.000088821703394013
4.418       0.000116248567384375
4.419       0.000132943994983890
4.420       0.000099753186253521
4.421       0.000054854787385677
4.422       0.000049800336182064
4.423       0.000086122316150017
4.424       0.000145288095952545
4.425       0.000207648240275082
4.426       0.000255276012639638
4.427       0.000274691863629169
4.428       0.000261925412205696
4.429       0.000232413504218237
4.430       0.000198727273434923
4.431       0.000157355042889662
4.432       0.000113685598198771
4.433       0.000080546309833784
4.434       0.000064423942928417
4.435       0.000073623950826523
4.436       0.000109206858831618
4.437       0.000149911356191662
4.438       0.000183779901459902
4.439       0.000207948714718201
4.440       0.000216542008504048
4.441       0.000199562659921465
4.442       0.000128171453061099
4.443       0.000072944314095214
4.444       0.000052247715644535
4.445       0.000046985542529204
4.446       0.000058204361409117
4.447       0.000080804672125817
4.448       0.000108047417430646
4.449       0.000139808173644534
4.450       0.000164277705970509
4.451       0.000167592635456362
4.452       0.000158732781248089
4.453       0.000149247030415162
4.454       0.000129957647181350
4.455       0.000091639488242395
4.456       0.000067572296236058
4.457       0.000080978140528903
4.458       0.000122385723334062
4.459       0.000176180400464576
4.460       0.000225493875449068
4.461       0.000260768909443043
4.462       0.000279148628569779
4.463       0.000277386837360179
4.464       0.000254481367924414
4.465       0.000215190789255082
4.466       0.000168792360472902
4.467       0.000128956927074070
4.468       0.000106348923313904
4.469       0.000093506162397193
4.470       0.000083758474641607
4.471       0.000089763174702821
4.472       0.000110474910298808
4.473       0.000138902499049604
4.474       0.000170493165534774
4.475       0.000194947666254802
4.476       0.000199086987707604
4.477       0.000172933041260759
4.478       0.000129700694848578
4.479       0.000093757350774104
4.480       0.000085828900169820
4.481       0.000108189244739626
4.482       0.000150933838592410
4.483       0.000197938261913500
4.484       0.000225993612440176
4.485       0.000218904136379122
4.486       0.000166784325313807
4.487       0.000109539316503232
4.488       0.000087560255885903
4.489       0.000097548688316504
4.490       0.000127722643476463
4.491       0.000165645608292464
4.492       0.000194316296971808
4.493       0.000197532518780463
4.494       0.000165217767872344
4.495       0.000113654384950312
4.496       0.000067989406958541
4.497       0.000046260996073473
4.498       0.000060863372082581
4.499       0.000111375463225483
4.500       0.000179819020994954
4.501       0.000240668269860134
4.502       0.000268830557061700
4.503       0.000255668430000994
4.504       0.000219086079957242
4.505       0.000181323036762049
4.506       0.000153556773271155
4.507       0.000140711282577352
4.508       0.000142635719077133
4.509       0.000154929633525341
4.510       0.000174431359117072
4.511       0.000195514395824561
4.512       0.000213385512553468
4.513       0.000228361076950997
4.514       0.000237616105165848
4.515       0.000239907537788795
4.516       0.000234488942161236
4.517       0.000223171266805766
4.518       0.000211047783471141
4.519       0.000204844276709509
4.520       0.000219853127502667
4.521       0.000223784137976964
4.522       0.000182627850845385
4.523       0.000130291575333369
4.524       0.000094479099640471
4.525       0.000085992347616035
4.526       0.000117287549684042
4.527       0.000179491498750017
4.528       0.000252036458900651
4.529       0.000321049725980127
4.530       0.000377348084110635
4.531       0.000416945160311516
4.532       0.000440780341023544
4.533       0.000451179804396989
4.534       0.000450689473550488
4.535       0.000442140747978520
4.536       0.000428479241115345
4.537       0.000412062249539186
4.538       0.000393619173362558
4.539       0.000372889179108798
4.540       0.000350673251125047
4.541       0.000329295561121004
4.542       0.000311909152497028
4.543       0.000291461402162380
4.544       0.000246946751585375
4.545       0.000185696836782712
4.546       0.000142855644833739
4.547       0.000117417631036454
4.548       0.000093789985835577
4.549       0.000070192214771073
4.550       0.000049057234546887
4.551       0.000033531010381699
4.552       0.000036341806459832
4.553       0.000063809272877774
4.554       0.000087449444006446
4.555       0.000072214520015435
4.556       0.000045416015958158
4.557       0.000036781139865608
4.558       0.000045403957852942
4.559       0.000067058202377429
4.560       0.000096521703651181
4.561       0.000124027121709280
4.562       0.000134063984251189
4.563       0.000117996586661978
4.564       0.000088847681564003
4.565       0.000060081749648888
4.566       0.000039974776520776
4.567       0.000031520363947390
4.568       0.000031012036460032
4.569       0.000032389419083844
4.570       0.000032759450620165
4.571       0.000032189926404168
4.572       0.000031243925514147
4.573       0.000031760090428906
4.574       0.000037117911587524
4.575       0.000051611522602454
4.576       0.000081196546389023
4.577       0.000124040983083828
4.578       0.000162213597212801
4.579       0.000181214872690391
4.580       0.000181945362447773
4.581       0.000166422272275840
4.582       0.000139848614889082
4.583       0.000100623509607017
4.584       0.000043236570284988
4.585       0.000021462753723364
4.586       0.000034764274372517
4.587       0.000063691487549922
4.588       0.000110465826942685
4.589       0.000142671154456028
4.590       0.000137274401863383
4.591       0.000114242755547903
4.592       0.000089485771502959
4.593       0.000052303282786603
4.594       0.000022355960612549
4.595       0.000010083839761303
4.596       0.000007365403396751
4.597       0.000008386739520406
4.598       0.000009547802604065
4.599       0.000008800942496806
4.600       0.000008851095199250
4.601       0.000013088076560704
4.602       0.000023476452201937
4.603       0.000039984785199884
4.604       0.000057609004151624
4.605       0.000071031755160593
4.606       0.000078923597008965
4.607       0.000083557547784947
4.608       0.000091691269847163
4.609       0.000124408694282097
4.610       0.000154524906431960
4.611       0.000141666548634012
4.612       0.000110442346451828
4.613       0.000090361439847267
4.614       0.000094204425847337
4.615       0.000123246683702588
4.616       0.000170877598196145
4.617       0.000219680019994006
4.618       0.000238375385178506
4.619       0.000225847501113957
4.620       0.000211123855907526
4.621       0.000218177394904637
4.622       0.000266707628211349
4.623       0.000323447104881941
4.624       0.000318218202799508
4.625       0.000277789827498792
4.626       0.000233520778445434
4.627       0.000195072901836846
4.628       0.000167538772883669
4.629       0.000158353943369102
4.630       0.000171379696880899
4.631       0.000179581877255711
4.632       0.000169412253064202
4.633       0.000157570444125558
4.634       0.000143235782140677
4.635       0.000110597241003846
4.636       0.000069365932606313
4.637       0.000039126373406057
4.638       0.000025835401506830
4.639       0.000028602309837096
4.640       0.000041226720925408
4.641       0.000051524403407277
4.642       0.000052664962663455
4.643       0.000044417040270361
4.644       0.000029953759699372
4.645       0.000017062005184636
4.646       0.000010749777957269
4.647       0.000009731526407073
4.648       0.000014957295404162
4.649       0.000034562951118616
4.650       0.000079567830475247
4.651       0.000146153125692772
4.652       0.000204294442128550
4.653       0.000226822275452648
4.654       0.000216399094445499
4.655       0.000188373684448961
4.656       0.000155429242262473
4.657       0.000123511616958699
4.658       0.000092656961243831
4.659       0.000065054364663322
4.660       0.000045908212414736
4.661       0.000037542787834573
4.662       0.000040169381631792
4.663       0.000059067833256071
4.664       0.000054282757498733
4.665       0.000032696747015434
4.666       0.000022107518108647
4.667       0.000023346086755992
4.668       0.000025940067297059
4.669       0.000024110249417408
4.670       0.000019521501221243
4.671       0.000016047692578545
4.672       0.000016363270125040
4.673       0.000022452598927303
4.674       0.000035898328262493
4.675       0.000057577466343509
4.676       0.000085558931705115
4.677       0.000114532856128141
4.678       0.000138161801411268
4.679       0.000147193267429154
4.680       0.000135408465329501
4.681       0.000109125409600147
4.682       0.000079991514544575
4.683       0.000055405806616587
4.684       0.000038254913586791
4.685       0.000029873118136962
4.686       0.000034474736817371
4.687       0.000052957053633229
4.688       0.000075410502076864
4.689       0.000092602361843150
4.690       0.000100360493286461
4.691       0.000089958062066284
4.692       0.000065738804833182
4.693       0.000050291039182228
4.694       0.000055757459903744
4.695       0.000084770267171103
4.696       0.000136049827988205
4.697       0.000181573562714976
4.698       0.000182653523987955
4.699       0.000156896164660497
4.700       0.000135945214882693
4.701       0.000129019156271705
4.702       0.000136243925658343
4.703       0.000150937013466301
4.704       0.000165196972776283
4.705       0.000171516683427865
4.706       0.000165932867077473
4.707       0.000148332143417071
4.708       0.000124812298196289
4.709       0.000111007758460686
4.710       0.000110055552250847
4.711       0.000110212503644380
4.712       0.000109142983079777
4.713       0.000107856653464628
4.714       0.000108362674177970
4.715       0.000110021697665455
4.716       0.000099314102611950
4.717       0.000071980871739458
4.718       0.000042499438363097
4.719       0.000022084626184277
4.720       0.000011898523666995
4.721       0.000009780058777980
4.722       0.000013039231382121
4.723       0.000019116645360431
4.724       0.000026140161042972
4.725       0.000033132847800169
4.726       0.000040817071790496
4.727       0.000051573506405125
4.728       0.000067146003519480
4.729       0.000080872281999614
4.730       0.000080753181662733
4.731       0.000074859616323412
4.732       0.000082060211521281
4.733       0.000108419896783618
4.734       0.000157904078532167
4.735       0.000228888997040155
4.736       0.000266008853013214
4.737       0.000292817236413279
4.738       0.000334231831230603
4.739       0.000383268669930076
4.740       0.000365712986684308
4.741       0.000348793022651790
4.742       0.000379820864916447
4.743       0.000416211945324152
4.744       0.000420770082235150
4.745       0.000401247129634186
4.746       0.000374275792539708
4.747       0.000345365101214579
4.748       0.000319275624572443
4.749       0.000300082900124149
4.750       0.000290483116833655
4.751       0.000286165384979321
4.752       0.000270228716401880
4.753       0.000241554742471173
4.754       0.000216519439183591
4.755       0.000204814039040185
4.756       0.000210822122029768
4.757       0.000234687499224839
4.758       0.000271170343070892
4.759       0.000314474627208544
4.760       0.000356637110070196
4.761       0.000387188483476478
4.762       0.000402944789030642
4.763       0.000404075177187564
4.764       0.000383072241312760
4.765       0.000311042011125195
4.766       0.000197921983214111
4.767       0.000105640764820225
4.768       0.000048043448340696
4.769       0.000019137633509081
4.770       0.000019914970883321
4.771       0.000040146941396174
4.772       0.000064809997854257
4.773       0.000090828303859120
4.774       0.000121047249876716
4.775       0.000157676375494825
4.776       0.000196271082187560
4.777       0.000190921350053219
4.778       0.000153199787714497
4.779       0.000115338086560807
4.780       0.000074851837788076
4.781       0.000048385584448654
4.782       0.000044600578649950
4.783       0.000056391927534552
4.784       0.000076774860630846
4.785       0.000101443057993589
4.786       0.000131501542410595
4.787       0.000147876156670085
4.788       0.000139370220597637
4.789       0.000116396640174071
4.790       0.000086977895703055
4.791       0.000060376873565623
4.792       0.000046226236731055
4.793       0.000045240456457695
4.794       0.000053580890452570
4.795       0.000066447480222387
4.796       0.000078317470512429
4.797       0.000087860224650682
4.798       0.000095643953938386
4.799       0.000102526385354018
4.800       0.000109079558749264
4.801       0.000112235080158288
4.802       0.000109986217051945
4.803       0.000103199067600875
4.804       0.000092469082913459
4.805       0.000080224210761329
4.806       0.000068434194021021
4.807       0.000057005764185665
4.808       0.000042362143069061
4.809       0.000022477347749267
4.810       0.000011386597147362
4.811       0.000017135347047594
4.812       0.000042446196405199
4.813       0.000093209614824952
4.814       0.000171771613434180
4.815       0.000268684882517578
4.816       0.000373181581111770
4.817       0.000465479806352975
4.818       0.000493600172542408
4.819       0.000424165888235573
4.820       0.000283558810812323
4.821       0.000152343668621269
4.822       0.000089577122105916
4.823       0.000083463909550441
4.824       0.000095967537026204
4.825       0.000107097535209336
4.826       0.000110577142417209
4.827       0.000104446690651440
4.828       0.000091263682593864
4.829       0.000075269566522526
4.830       0.000059670236138995
4.831       0.000046296640227185
4.832       0.000035480586457519
4.833       0.000026794224048436
4.834       0.000019704104755346
4.835       0.000024464382481548
4.836       0.000071360609868620
4.837       0.000171321752812204
4.838       0.000270311774173637
4.839       0.000316092458180872
4.840       0.000327546995733202
4.841       0.000321171802639318
4.842       0.000300703189383161
4.843       0.000268286869274104
4.844       0.000231272535088811
4.845       0.000200641738929003
4.846       0.000179390557133716
4.847       0.000159560886935639
4.848       0.000137007962353233
4.849       0.000118508887614735
4.850       0.000105575358043515
4.851       0.000096229584259311
4.852       0.000090861330123811
4.853       0.000087357823021213
4.854       0.000078314101741660
4.855       0.000060779090863633
4.856       0.000040542097746871
4.857       0.000025307503977674
4.858       0.000017636347927466
4.859       0.000015796965055865
4.860       0.000016252929897387
4.861       0.000015704523012831
4.862       0.000014141861755355
4.863       0.000014386912068502
4.864       0.000018951419117511
4.865       0.000029615519658507
4.866       0.000048068625438338
4.867       0.000074868772824310
4.868       0.000107739535160800
4.869       0.000139264042211235
4.870       0.000161487442330244
4.871       0.000173684538450479
4.872       0.000174883583130029
4.873       0.000165001646273061
4.874       0.000147962583314135
4.875       0.000128457710287216
4.876       0.000108055490898123
4.877       0.000086678079222149
4.878       0.000065464786995290
4.879       0.000057008273544918
4.880       0.000062776998883081
4.881       0.000084424056181753
4.882       0.000112501142413762
4.883       0.000119896801373136
4.884       0.000113359986508611
4.885       0.000104281689112785
4.886       0.000095082780497573
4.887       0.000083416310226403
4.888       0.000069949661557850
4.889       0.000062090132437461
4.890       0.000063888123402134
4.891       0.000077658370329165
4.892       0.000107433318115774
4.893       0.000147706614577664
4.894       0.000185028050460639
4.895       0.000210622893375520
4.896       0.000218499282304520
4.897       0.000207003288658705
4.898       0.000181185561088176
4.899       0.000146203776214521
4.900       0.000109940137727693
4.901       0.000084030380749306
4.902       0.000070954877033902
4.903       0.000064515572758449
4.904       0.000064386004311825
4.905       0.000072274650054806
4.906       0.000080845035258015
4.907       0.000086247424341424
4.908       0.000100897603072275
4.909       0.000136397294738855
4.910       0.000190544902814227
4.911       0.000255715356720476
4.912       0.000314840755854195
4.913       0.000347387092671486
4.914       0.000334122929136899
4.915       0.000286697753317244
4.916       0.000240707245753702
4.917       0.000224628421597027
4.918       0.000206021885199525
4.919       0.000171772370964607
4.920       0.000138290242154893
4.921       0.000108010236382711
4.922       0.000086710367508500
4.923       0.000084478942734934
4.924       0.000099524438651411
4.925       0.000130467426010389
4.926       0.000195424671362743
4.927       0.000265175873517376
4.928       0.000280046171089267
4.929       0.000246727592211254
4.930       0.000199946576096705
4.931       0.000144451739738927
4.932       0.000091035572876597
4.933       0.000058870383203555
4.934       0.000050106602953640
4.935       0.000062681632531314
4.936       0.000084244858630483
4.937       0.000088610866537803
4.938       0.000071158272851438
4.939       0.000052061608573906
4.940       0.000049662988015734
4.941       0.000067242280175239
4.942       0.000099805953025583
4.943       0.000140219301592137
4.944       0.000163419549957300
4.945       0.000128566504394800
4.946       0.000068614216281071
4.947       0.000038314330924785
4.948       0.000033269725629748
4.949       0.000034982732892297
4.950       0.000039646595331167
4.951       0.000046362208257295
4.952       0.000054888899305841
4.953       0.000063873004879644
4.954       0.000071339065947015
4.955       0.000077874313459569
4.956       0.000082884945785958
4.957       0.000085017158328667
4.958       0.000096034585964536
4.959       0.000144290929982971
4.960       0.000225851777760411
4.961       0.000270558712714475
4.962       0.000269453324344915
4.963       0.000246582155058322
4.964       0.000214563260857281
4.965       0.000191646602578172
4.966       0.000188726046799332
4.967       0.000200405537007980
4.968       0.000202632690973811
4.969       0.000180053598306251
4.970       0.000143637655752316
4.971       0.000107123582165053
4.972       0.000076142432633014
4.973       0.000054298270486836
4.974       0.000042979073933788
4.975       0.000041500360969754
4.976       0.000047202091656991
4.977       0.000054052742128913
4.978       0.000058453109031385
4.979       0.000059780717583743
4.980       0.000057184989193566
4.981       0.000050183919465582
4.982       0.000041098476793455
4.983       0.000033197597958404
4.984       0.000027651264030398
4.985       0.000025078618080862
4.986       0.000025958922464252
4.987       0.000028798937787719
4.988       0.000031751214054838
4.989       0.000034056663199517
4.990       0.000034771001703693
4.991       0.000033303751630570
4.992       0.000030611793032556
4.993       0.000027732597365734
4.994       0.000024798504631995
4.995       0.000022263890853209
4.996       0.000020423702037980
4.997       0.000018791221256717
4.998       0.000016811940429389
4.999       0.000016316267686630
5.000       0.000021798683519224
