# author : Oliver Czoske
# source : E-LIS-MPIA-MET-1208_1-0
# date_created : 2025-06-18
# date_modified : 2025-06-18
# status : Measurement
# type : filter:transmission
# wavelength_unit : um
# center : 3.445
# comment : PAH_3.3_ref filter, built by Materion, procured by MPIA
# changes :
#
wavelength  transmission
2.000       0.000513446011029983
2.001       0.000270712474166906
2.002       0.000200203317798991
2.003       0.000292394800078748
2.004       0.000265787956918395
2.005       0.000176235473391340
2.006       0.000193048738949486
2.007       0.000354639181087357
2.008       0.000549439915527340
2.009       0.000529655580249200
2.010       0.000423575405778420
2.011       0.000272057926438640
2.012       0.000170914570652464
2.013       0.000279198839971531
2.014       0.000333441357525555
2.015       0.000420369643502949
2.016       0.000346921548688761
2.017       0.000165875084827294
2.018       0.000098331529071932
2.019       0.000073527889377228
2.020       0.000127220240684359
2.021       0.000166887465888332
2.022       0.000303938150767236
2.023       0.000715331276931352
2.024       0.000925802555191948
2.025       0.000910247669816566
2.026       0.000754647868895120
2.027       0.000432438001112201
2.028       0.000238401447257369
2.029       0.000155273629880687
2.030       0.000242382422411036
2.031       0.000645389810476571
2.032       0.000927481080033182
2.033       0.000972637656984798
2.034       0.000757397871963938
2.035       0.000342484536985432
2.036       0.000209206382630306
2.037       0.000144530180125807
2.038       0.000211685009092855
2.039       0.000439871128045000
2.040       0.000578400110029714
2.041       0.000508638116635346
2.042       0.000592713830617290
2.043       0.000582738786373327
2.044       0.000507007519586378
2.045       0.000409160814647980
2.046       0.000581490430168391
2.047       0.000670605336698341
2.048       0.000609199072886507
2.049       0.000507372058769551
2.050       0.000429872915098273
2.051       0.000382910912629680
2.052       0.000260249335173213
2.053       0.000110114805516121
2.054       0.000063769732838379
2.055       0.000089249408214108
2.056       0.000075581185581652
2.057       0.000054608901002826
2.058       0.000097017560052037
2.059       0.000185462375547410
2.060       0.000215997081707706
2.061       0.000163372108489906
2.062       0.000127380893455709
2.063       0.000239938190067207
2.064       0.000256623691021696
2.065       0.000204227744696625
2.066       0.000220393779216936
2.067       0.000247695414670290
2.068       0.000399353023134985
2.069       0.000548439430514538
2.070       0.000549058062200292
2.071       0.000759825061342978
2.072       0.000986385342490542
2.073       0.001029018151245530
2.074       0.001031551414304030
2.075       0.000964352389959122
2.076       0.000810669936659680
2.077       0.000604570485079226
2.078       0.000308895244896801
2.079       0.000107221662573084
2.080       0.000099436309221407
2.081       0.000167132836392268
2.082       0.000153336707126438
2.083       0.000131756182025270
2.084       0.000142394492268678
2.085       0.000162805617983153
2.086       0.000237144512135218
2.087       0.000307999858318225
2.088       0.000251181499098807
2.089       0.000150210468371395
2.090       0.000123338998567935
2.091       0.000119388845666521
2.092       0.000107660996164570
2.093       0.000091966757232082
2.094       0.000139679610207832
2.095       0.000313290866813198
2.096       0.000430366880833866
2.097       0.000331326017175171
2.098       0.000175796777040056
2.099       0.000176485901518808
2.100       0.000283851558674979
2.101       0.000243644677751065
2.102       0.000095603816838277
2.103       0.000061894966315784
2.104       0.000155483176888127
2.105       0.000360919933398707
2.106       0.000397396815387974
2.107       0.000240874541478149
2.108       0.000225894465877521
2.109       0.000261061096474585
2.110       0.000183640650127992
2.111       0.000082694196309558
2.112       0.000083793015125191
2.113       0.000125168124730013
2.114       0.000160560606957367
2.115       0.000164860360554769
2.116       0.000131590761741268
2.117       0.000167231646907295
2.118       0.000280327898740981
2.119       0.000297581156032151
2.120       0.000207129798741879
2.121       0.000198346716786507
2.122       0.000273360077671987
2.123       0.000258338746808411
2.124       0.000287066611880382
2.125       0.000572526395775319
2.126       0.000714272460997367
2.127       0.000641202784587860
2.128       0.000592726343047627
2.129       0.000558078609688317
2.130       0.000417459769507744
2.131       0.000268913047327318
2.132       0.000292161034190302
2.133       0.000262347738625865
2.134       0.000227662377824678
2.135       0.000296715002476203
2.136       0.000340962590263144
2.137       0.000409429937314132
2.138       0.000501558232770136
2.139       0.000521726801996802
2.140       0.000469565800768457
2.141       0.000340615765947266
2.142       0.000333000642994075
2.143       0.000473536254378015
2.144       0.000636924874291067
2.145       0.000779046680648543
2.146       0.000563068916253240
2.147       0.000175353740715201
2.148       0.000046347728944407
2.149       0.000018642072942082
2.150       0.000037261305542324
2.151       0.000074784132618841
2.152       0.000127678751879301
2.153       0.000259151683578873
2.154       0.000354125095555297
2.155       0.000273566209153928
2.156       0.000270957904267694
2.157       0.000253504328675047
2.158       0.000107056715961840
2.159       0.000056409286970410
2.160       0.000081832761745199
2.161       0.000182206858650558
2.162       0.000366864323329552
2.163       0.000708419308696084
2.164       0.000793006708214694
2.165       0.000660356983016350
2.166       0.000649116843203179
2.167       0.000421167045840387
2.168       0.000145399033987609
2.169       0.000080772294428350
2.170       0.000153180630971389
2.171       0.000251226944172012
2.172       0.000368800854007229
2.173       0.000435159401709656
2.174       0.000367760663919942
2.175       0.000247553721702709
2.176       0.000081863871605276
2.177       0.000062226758225398
2.178       0.000136997881488188
2.179       0.000248463799972525
2.180       0.000236233639865663
2.181       0.000222776748459164
2.182       0.000374266389566502
2.183       0.000444604849115585
2.184       0.000404872957094842
2.185       0.000401019929264529
2.186       0.000368738661878934
2.187       0.000316677064791715
2.188       0.000221451726322208
2.189       0.000354135420484625
2.190       0.000516926444117494
2.191       0.000397666811931929
2.192       0.000336011495443267
2.193       0.000531195695784803
2.194       0.000633779114009927
2.195       0.000601856662416731
2.196       0.000564782536766950
2.197       0.000353750090353988
2.198       0.000151955299360684
2.199       0.000119067021767609
2.200       0.000153912083234287
2.201       0.000266124996272932
2.202       0.000417270764823757
2.203       0.000457550029894206
2.204       0.000490730432626429
2.205       0.000563561763092843
2.206       0.000570566191674393
2.207       0.000474155595223014
2.208       0.000395245524674445
2.209       0.000399093305686507
2.210       0.000425569243421593
2.211       0.000402295274283704
2.212       0.000273647722406178
2.213       0.000105991772765254
2.214       0.000081485635210377
2.215       0.000151601270893087
2.216       0.000225631608576776
2.217       0.000307609070962896
2.218       0.000319766378857500
2.219       0.000284004010853121
2.220       0.000272672373938604
2.221       0.000338078767031014
2.222       0.000451372310399278
2.223       0.000433909576472991
2.224       0.000322354270639829
2.225       0.000290740385176236
2.226       0.000140294115745371
2.227       0.000090460325661512
2.228       0.000218141353902190
2.229       0.000604464889366163
2.230       0.000550111300010481
2.231       0.000762752244973533
2.232       0.000772389010000984
2.233       0.000595768171404609
2.234       0.000369432588175844
2.235       0.000218222821164016
2.236       0.000346048797775667
2.237       0.000485698801267531
2.238       0.000317463547209018
2.239       0.000152660988789688
2.240       0.000118449770550533
2.241       0.000209738483439526
2.242       0.000351484850376976
2.243       0.000340793402819565
2.244       0.000379096478073659
2.245       0.000506505145211777
2.246       0.000377024292347317
2.247       0.000152564179458081
2.248       0.000122222306165168
2.249       0.000196733394301207
2.250       0.000337556481367879
2.251       0.000273080135996973
2.252       0.000312881846379287
2.253       0.000366837628223621
2.254       0.000281259608705065
2.255       0.000151397918989136
2.256       0.000154896884260625
2.257       0.000176534630741076
2.258       0.000142212537264069
2.259       0.000286131524891542
2.260       0.000664788820990359
2.261       0.000769689526707001
2.262       0.000668057228771113
2.263       0.000478147365468251
2.264       0.000286306195431629
2.265       0.000229420166804051
2.266       0.000113752539906170
2.267       0.000093126160800150
2.268       0.000227224107958723
2.269       0.000420671743385920
2.270       0.000522322432648131
2.271       0.000600109615859379
2.272       0.000694066180339556
2.273       0.000578625356154827
2.274       0.000179859363986984
2.275       0.000118738645718944
2.276       0.000147205065499589
2.277       0.000413896914846945
2.278       0.000656373274981283
2.279       0.000589863515813582
2.280       0.000299355188345063
2.281       0.000244850710845790
2.282       0.000417689966617785
2.283       0.000551241358513810
2.284       0.000410059009600117
2.285       0.000535459454125163
2.286       0.000460814135179843
2.287       0.000147697312612050
2.288       0.000042457993182185
2.289       0.000069653525084798
2.290       0.000104336885487166
2.291       0.000165848806360159
2.292       0.000182403377764484
2.293       0.000313033633301780
2.294       0.000293868203784631
2.295       0.000245381317603571
2.296       0.000344724199885960
2.297       0.000563599579146257
2.298       0.000475881413186052
2.299       0.000558411403829229
2.300       0.000493889186211988
2.301       0.000396303565915718
2.302       0.000314501722182226
2.303       0.000215444175621832
2.304       0.000273336782419170
2.305       0.000327325436487419
2.306       0.000382812011995026
2.307       0.000447159247976812
2.308       0.000401557013815723
2.309       0.000227315401852397
2.310       0.000194007346927566
2.311       0.000097311455658153
2.312       0.000055717341352615
2.313       0.000074685889266235
2.314       0.000174034415324625
2.315       0.000266157678385670
2.316       0.000350129247962239
2.317       0.000410766554260034
2.318       0.000308667739195689
2.319       0.000214645599747917
2.320       0.000165619731102448
2.321       0.000128721430461488
2.322       0.000154362432796568
2.323       0.000238302956416532
2.324       0.000221010444384329
2.325       0.000271311898438098
2.326       0.000422399750786853
2.327       0.000455257505341616
2.328       0.000371489746255615
2.329       0.000180902056581167
2.330       0.000084473090014137
2.331       0.000154751628389238
2.332       0.000276098821738353
2.333       0.000323080958219757
2.334       0.000448647878258490
2.335       0.000428505459199036
2.336       0.000283157701251924
2.337       0.000160873574563833
2.338       0.000113046190929472
2.339       0.000087310424269453
2.340       0.000072210854399037
2.341       0.000065171787533957
2.342       0.000064825642854482
2.343       0.000123708855020055
2.344       0.000288093627014901
2.345       0.000341164308251374
2.346       0.000239464540960410
2.347       0.000105640709749832
2.348       0.000030845559783603
2.349       0.000020756504647168
2.350       0.000051629546304180
2.351       0.000082676863219319
2.352       0.000077289917052178
2.353       0.000156835557270196
2.354       0.000365535625959257
2.355       0.000488264205839917
2.356       0.000361945358924365
2.357       0.000202829202805538
2.358       0.000165261808838704
2.359       0.000181797394505920
2.360       0.000183983848305411
2.361       0.000165811419223366
2.362       0.000152751257643186
2.363       0.000159507709202270
2.364       0.000190250992043534
2.365       0.000231737118688548
2.366       0.000229637112016429
2.367       0.000157133729500908
2.368       0.000096777573054124
2.369       0.000113287333102591
2.370       0.000180768558493249
2.371       0.000359780507370289
2.372       0.000416879842745910
2.373       0.000281669103444678
2.374       0.000301112958083632
2.375       0.000360039126015232
2.376       0.000259333256888053
2.377       0.000238617522497049
2.378       0.000229958149095266
2.379       0.000119072301052681
2.380       0.000065472166609015
2.381       0.000112476919222379
2.382       0.000154899337449180
2.383       0.000165741820459368
2.384       0.000159829195054521
2.385       0.000204487851030499
2.386       0.000354854849594410
2.387       0.000483144692936005
2.388       0.000525582054423920
2.389       0.000495412121317790
2.390       0.000412960701168585
2.391       0.000317291549530974
2.392       0.000228241550931985
2.393       0.000154103986867576
2.394       0.000103694736361022
2.395       0.000087475885656395
2.396       0.000093582215401042
2.397       0.000090963220806588
2.398       0.000075303464775713
2.399       0.000066876192091218
2.400       0.000089991171591974
2.401       0.000192299119358530
2.402       0.000378823341754153
2.403       0.000431983886825027
2.404       0.000288316995659621
2.405       0.000157844759858916
2.406       0.000119470145055450
2.407       0.000206562085654921
2.408       0.000301280249993013
2.409       0.000410422460028703
2.410       0.000576223729216729
2.411       0.000698165406666753
2.412       0.000685980811641063
2.413       0.000565174299807292
2.414       0.000395207741931469
2.415       0.000201881210681432
2.416       0.000093490834975618
2.417       0.000129723238469936
2.418       0.000187770423143486
2.419       0.000170937147386016
2.420       0.000142352752123792
2.421       0.000202227586403481
2.422       0.000256481087258835
2.423       0.000257952764768768
2.424       0.000290926385601790
2.425       0.000283749037080588
2.426       0.000233468497152042
2.427       0.000256841427967388
2.428       0.000251561619615301
2.429       0.000204402111005170
2.430       0.000181787937968594
2.431       0.000185883037413251
2.432       0.000218572594999841
2.433       0.000262632262398463
2.434       0.000299048162532838
2.435       0.000309243926993469
2.436       0.000242635313326744
2.437       0.000148434224409341
2.438       0.000232086962205558
2.439       0.000494094841877096
2.440       0.000551219642852707
2.441       0.000435597204392860
2.442       0.000407151540094811
2.443       0.000374848688099449
2.444       0.000320018998803476
2.445       0.000295952640376990
2.446       0.000375805106970273
2.447       0.000521448088844578
2.448       0.000415147057931442
2.449       0.000251884285662168
2.450       0.000190624128387162
2.451       0.000136652000298942
2.452       0.000116673956252381
2.453       0.000089891207191245
2.454       0.000047363644641134
2.455       0.000032908595821696
2.456       0.000054700844534031
2.457       0.000073782665149180
2.458       0.000097512835767005
2.459       0.000120126931374454
2.460       0.000122266285862864
2.461       0.000137510376061863
2.462       0.000184309894379953
2.463       0.000363959898038502
2.464       0.000538814989890668
2.465       0.000427262789179983
2.466       0.000312256539503702
2.467       0.000270000100425175
2.468       0.000247081916365213
2.469       0.000225466248172296
2.470       0.000176891940640245
2.471       0.000290269113458475
2.472       0.000347075302700561
2.473       0.000279869860920212
2.474       0.000197341617271946
2.475       0.000285858772156714
2.476       0.000335619803149778
2.477       0.000429119481648759
2.478       0.000391815849273502
2.479       0.000233634812409220
2.480       0.000253646374504278
2.481       0.000223865500845660
2.482       0.000182961353362668
2.483       0.000203563113429145
2.484       0.000125916973427065
2.485       0.000077891539037533
2.486       0.000096896066363886
2.487       0.000121407619168332
2.488       0.000110282685319513
2.489       0.000228930034847141
2.490       0.000429123589787514
2.491       0.000378415839239310
2.492       0.000201430175634065
2.493       0.000077886729102826
2.494       0.000062902011631031
2.495       0.000056124343450897
2.496       0.000041876417625389
2.497       0.000033881585059459
2.498       0.000109634052521734
2.499       0.000282026919159545
2.500       0.000318295792330919
2.501       0.000244851653554229
2.502       0.000214666846848510
2.503       0.000378654893736452
2.504       0.000445053649340277
2.505       0.000313503464695386
2.506       0.000182616297075291
2.507       0.000162859053509379
2.508       0.000217888123641707
2.509       0.000165905442910654
2.510       0.000170950443995566
2.511       0.000304031280724093
2.512       0.000430806415713636
2.513       0.000334247922268299
2.514       0.000313745015141212
2.515       0.000357133856931612
2.516       0.000363807033541413
2.517       0.000290002421392044
2.518       0.000130507534374654
2.519       0.000120683534097495
2.520       0.000106200111893190
2.521       0.000078620630449472
2.522       0.000059262191032625
2.523       0.000106572482214295
2.524       0.000156414313524873
2.525       0.000120760447183038
2.526       0.000043504859457659
2.527       0.000073076927696647
2.528       0.000209095272836653
2.529       0.000197399295773115
2.530       0.000127302914407407
2.531       0.000062190132537290
2.532       0.000037789217038488
2.533       0.000081026372334370
2.534       0.000209161778232603
2.535       0.000282211088450612
2.536       0.000322081381586528
2.537       0.000300420104079907
2.538       0.000352108047809108
2.539       0.000405991147666679
2.540       0.000416141505787559
2.541       0.000355406126138227
2.542       0.000396753128609650
2.543       0.000497214384234612
2.544       0.000338749545020167
2.545       0.000230303582752667
2.546       0.000130962497338460
2.547       0.000039915735947020
2.548       0.000024718037259029
2.549       0.000036664723433862
2.550       0.000040470415105631
2.551       0.000101192602881550
2.552       0.000297003201528714
2.553       0.000295051972849514
2.554       0.000112767686727383
2.555       0.000084699507789349
2.556       0.000082390720527792
2.557       0.000111686334845262
2.558       0.000205660155513432
2.559       0.000215198608697620
2.560       0.000120037224721509
2.561       0.000093312651873401
2.562       0.000157391201280582
2.563       0.000171166812509421
2.564       0.000090620620753878
2.565       0.000098803607266773
2.566       0.000175196632225941
2.567       0.000195598279204179
2.568       0.000123665936890241
2.569       0.000149940473031213
2.570       0.000230578607043369
2.571       0.000269276763695744
2.572       0.000236310744285734
2.573       0.000173271415542797
2.574       0.000085087336020875
2.575       0.000055778083393077
2.576       0.000047345228805153
2.577       0.000039923580683276
2.578       0.000065658078032098
2.579       0.000083322431928268
2.580       0.000164643951670485
2.581       0.000262217168082723
2.582       0.000195882122513216
2.583       0.000270787306817288
2.584       0.000492683863766802
2.585       0.000514032586230118
2.586       0.000348147386638298
2.587       0.000172601910356396
2.588       0.000083900272702914
2.589       0.000035365643298830
2.590       0.000033449046719272
2.591       0.000068179226992343
2.592       0.000118477228131894
2.593       0.000147451095210652
2.594       0.000129470757908826
2.595       0.000087859113404885
2.596       0.000085602274799146
2.597       0.000165256230092690
2.598       0.000145967649362116
2.599       0.000117359460823571
2.600       0.000097219459176269
2.601       0.000101646626225305
2.602       0.000243192981572105
2.603       0.000363510513943788
2.604       0.000451579608553576
2.605       0.000496241469509748
2.606       0.000486854344768056
2.607       0.000423382937244476
2.608       0.000246852077748771
2.609       0.000127936473795887
2.610       0.000092398930809493
2.611       0.000081703163441735
2.612       0.000119129987340372
2.613       0.000168924648878951
2.614       0.000142475701848888
2.615       0.000226537116405245
2.616       0.000339587954135911
2.617       0.000188685569492864
2.618       0.000066971514892489
2.619       0.000037691021643630
2.620       0.000048337011959554
2.621       0.000115570844103630
2.622       0.000201934536744608
2.623       0.000303568840072932
2.624       0.000409126334605991
2.625       0.000450322777035717
2.626       0.000331347448026209
2.627       0.000142311610031587
2.628       0.000065627730386701
2.629       0.000077558909357067
2.630       0.000083394137323316
2.631       0.000082100168163318
2.632       0.000111535336193125
2.633       0.000156296611915713
2.634       0.000170152346792754
2.635       0.000130016284793699
2.636       0.000058642467999179
2.637       0.000024880463200424
2.638       0.000021200565515799
2.639       0.000025175566707856
2.640       0.000044143168864100
2.641       0.000069807118554678
2.642       0.000093930313907392
2.643       0.000120808055971163
2.644       0.000114297313197537
2.645       0.000101568593821461
2.646       0.000123500052118627
2.647       0.000144168449211488
2.648       0.000106096952355611
2.649       0.000060102205095596
2.650       0.000067382089410706
2.651       0.000098226843784743
2.652       0.000163303510370361
2.653       0.000260553329868879
2.654       0.000308575268277676
2.655       0.000289261676628114
2.656       0.000250913230738462
2.657       0.000245072521617609
2.658       0.000285855562316827
2.659       0.000296689857235244
2.660       0.000242877290183269
2.661       0.000180030469516073
2.662       0.000185169575975190
2.663       0.000213129313159588
2.664       0.000288730519205860
2.665       0.000386165111062903
2.666       0.000398580411720029
2.667       0.000330640234539104
2.668       0.000226987095476361
2.669       0.000150913509518430
2.670       0.000096783905211118
2.671       0.000059688320210915
2.672       0.000107248896457413
2.673       0.000288513707616067
2.674       0.000461668377636719
2.675       0.000432089106354394
2.676       0.000215921552370935
2.677       0.000064023326638234
2.678       0.000075352837590789
2.679       0.000090104765135037
2.680       0.000097722044090615
2.681       0.000162708186907168
2.682       0.000255052175125184
2.683       0.000275223372164568
2.684       0.000192643845181972
2.685       0.000108374937319014
2.686       0.000115785476358099
2.687       0.000164958029832171
2.688       0.000195465823323970
2.689       0.000229108243298880
2.690       0.000197444438990502
2.691       0.000080085388038165
2.692       0.000027866385084105
2.693       0.000012548925017808
2.694       0.000018766195530817
2.695       0.000061810298690262
2.696       0.000136034354641462
2.697       0.000193422598472694
2.698       0.000215123384792570
2.699       0.000242903490621504
2.700       0.000289382781299415
2.701       0.000280989336544357
2.702       0.000181416661835743
2.703       0.000084485303340945
2.704       0.000066085414220596
2.705       0.000110253930652116
2.706       0.000145613728205332
2.707       0.000123763555692970
2.708       0.000117576604033567
2.709       0.000164765967606118
2.710       0.000306948134319474
2.711       0.000448753210681871
2.712       0.000440203159285169
2.713       0.000347852507347257
2.714       0.000217442250322331
2.715       0.000143111513388555
2.716       0.000107708488476507
2.717       0.000088791031996494
2.718       0.000098486454670983
2.719       0.000120866619200272
2.720       0.000193738897034029
2.721       0.000241748491187944
2.722       0.000225709740634406
2.723       0.000170868436915342
2.724       0.000152742179474183
2.725       0.000187125216445760
2.726       0.000207419105050108
2.727       0.000173216418341532
2.728       0.000092958159419954
2.729       0.000033499729837537
2.730       0.000023684831342741
2.731       0.000033475300014574
2.732       0.000079004650268111
2.733       0.000256935663855096
2.734       0.000496788873972101
2.735       0.000539694227548029
2.736       0.000573204569197905
2.737       0.000586646518860423
2.738       0.000537643533572107
2.739       0.000354134897105785
2.740       0.000117373467063874
2.741       0.000120658056701077
2.742       0.000107675350862813
2.743       0.000101352322850537
2.744       0.000151826001223904
2.745       0.000222556407450641
2.746       0.000238078405952580
2.747       0.000170552846656791
2.748       0.000125930255901116
2.749       0.000185203079731133
2.750       0.000291660658311030
2.751       0.000235356259907782
2.752       0.000127080980081268
2.753       0.000073773460316543
2.754       0.000070723495573369
2.755       0.000062346281586267
2.756       0.000071935129602491
2.757       0.000130584999798566
2.758       0.000233994063542631
2.759       0.000301275503026506
2.760       0.000290248361659584
2.761       0.000192889479371253
2.762       0.000242198108403313
2.763       0.000356701745526641
2.764       0.000328837080585898
2.765       0.000319075771917365
2.766       0.000535931331089978
2.767       0.000444000874309625
2.768       0.000228664064126471
2.769       0.000089437050504224
2.770       0.000071047642370342
2.771       0.000096196420027694
2.772       0.000091302810226901
2.773       0.000075245988311851
2.774       0.000132496370030821
2.775       0.000248331321429540
2.776       0.000361494507907290
2.777       0.000391207873966981
2.778       0.000357813612960056
2.779       0.000162388772519451
2.780       0.000084412082791349
2.781       0.000057580309123319
2.782       0.000061463320475630
2.783       0.000180875461053942
2.784       0.000333738321282306
2.785       0.000248875846550409
2.786       0.000237859914613170
2.787       0.000265666834901673
2.788       0.000207157365537697
2.789       0.000157224642183013
2.790       0.000109195585260818
2.791       0.000108261024563627
2.792       0.000173969578519843
2.793       0.000189921399532042
2.794       0.000223099213026628
2.795       0.000207856531905734
2.796       0.000190473917761613
2.797       0.000121419199728912
2.798       0.000078473565867265
2.799       0.000162050061220831
2.800       0.000380000168400341
2.801       0.000579016808818889
2.802       0.000656349276051432
2.803       0.000695544262463134
2.804       0.000684432554589276
2.805       0.000565037326694440
2.806       0.000349443898227997
2.807       0.000230064653350612
2.808       0.000210820833424386
2.809       0.000303316500447459
2.810       0.000387457909798383
2.811       0.000317397655039242
2.812       0.000142329219850967
2.813       0.000064547291993590
2.814       0.000064941060602782
2.815       0.000067413770227620
2.816       0.000035493819382996
2.817       0.000016645797248263
2.818       0.000010644710781998
2.819       0.000017115641311155
2.820       0.000059117672229242
2.821       0.000141682546915489
2.822       0.000199154504609944
2.823       0.000200750161824914
2.824       0.000140433572626608
2.825       0.000089009449801725
2.826       0.000224519611600082
2.827       0.000364706498479028
2.828       0.000252257489462226
2.829       0.000175433420094781
2.830       0.000185946063437997
2.831       0.000135351813902014
2.832       0.000114322329281880
2.833       0.000073428423312316
2.834       0.000042576891983129
2.835       0.000063800227676918
2.836       0.000077366800746825
2.837       0.000103399520318570
2.838       0.000103715106343077
2.839       0.000044140703506827
2.840       0.000028797642841980
2.841       0.000025276797080791
2.842       0.000040846823973095
2.843       0.000108608181577735
2.844       0.000126321981687882
2.845       0.000084170745225778
2.846       0.000048009517772042
2.847       0.000033461095110696
2.848       0.000045453986433633
2.849       0.000045873720668700
2.850       0.000082268215820691
2.851       0.000266425385386904
2.852       0.000355137599808014
2.853       0.000375462122049863
2.854       0.000292732153609754
2.855       0.000388729183896236
2.856       0.000448104761916708
2.857       0.000398141385915762
2.858       0.000186201439396183
2.859       0.000080763825330288
2.860       0.000062927814100555
2.861       0.000081277183591653
2.862       0.000082425280011997
2.863       0.000050748202423560
2.864       0.000041727770322495
2.865       0.000053787377098741
2.866       0.000096045228355213
2.867       0.000144377689724390
2.868       0.000148563619483663
2.869       0.000115598027245020
2.870       0.000081571511351552
2.871       0.000080897706396009
2.872       0.000082170579845369
2.873       0.000097429093110973
2.874       0.000153139545932962
2.875       0.000196528446053779
2.876       0.000141065014524766
2.877       0.000138869050154533
2.878       0.000199033567273632
2.879       0.000254811504823066
2.880       0.000350898812792155
2.881       0.000488637911540704
2.882       0.000434673504455030
2.883       0.000318682769898049
2.884       0.000192148136293979
2.885       0.000064808245480025
2.886       0.000051986271830978
2.887       0.000104257470307983
2.888       0.000142083468428540
2.889       0.000162616337614961
2.890       0.000175060533602389
2.891       0.000158341645450949
2.892       0.000112379548326338
2.893       0.000094048035219636
2.894       0.000094163997548990
2.895       0.000090661248205413
2.896       0.000075215343788969
2.897       0.000087553090158538
2.898       0.000164421100997764
2.899       0.000237010093636289
2.900       0.000248921808346930
2.901       0.000194067385720531
2.902       0.000086233364835958
2.903       0.000041973575557491
2.904       0.000079623725766975
2.905       0.000124732818446015
2.906       0.000145002303150232
2.907       0.000204786053110716
2.908       0.000201975342821181
2.909       0.000146041633040068
2.910       0.000143343485977318
2.911       0.000158124784783775
2.912       0.000113056965215408
2.913       0.000069224108693953
2.914       0.000075322604789919
2.915       0.000062337895985781
2.916       0.000030051689878449
2.917       0.000011588618085421
2.918       0.000009608381388391
2.919       0.000016020190406524
2.920       0.000018157238121378
2.921       0.000011788362175428
2.922       0.000015262684703712
2.923       0.000052871488744610
2.924       0.000128691667218350
2.925       0.000186665561181729
2.926       0.000175041021780203
2.927       0.000137377414966867
2.928       0.000123522423944096
2.929       0.000124258108582881
2.930       0.000126918854268299
2.931       0.000193792833409312
2.932       0.000347582684217529
2.933       0.000435462382119438
2.934       0.000448524769697350
2.935       0.000428470814039739
2.936       0.000264596497925873
2.937       0.000095901555241862
2.938       0.000047617270194020
2.939       0.000044816003732851
2.940       0.000043503922906703
2.941       0.000036592706195340
2.942       0.000026542813449579
2.943       0.000022340580919933
2.944       0.000028352489377787
2.945       0.000037710314323546
2.946       0.000047512453640992
2.947       0.000074143117758191
2.948       0.000129220362865917
2.949       0.000157840801577422
2.950       0.000119183268966955
2.951       0.000057582346640023
2.952       0.000030143783873602
2.953       0.000032252855013497
2.954       0.000036972327676368
2.955       0.000062938488993247
2.956       0.000112830672707009
2.957       0.000167706927914735
2.958       0.000225117442089501
2.959       0.000278978118024423
2.960       0.000297842424919287
2.961       0.000237158261864212
2.962       0.000146229160464251
2.963       0.000095033387277899
2.964       0.000064246033047180
2.965       0.000048671740097615
2.966       0.000073218263202723
2.967       0.000130419402533596
2.968       0.000150514375280283
2.969       0.000143466698055122
2.970       0.000187074498780138
2.971       0.000268021067081903
2.972       0.000349295015021206
2.973       0.000394371784171677
2.974       0.000308092227013335
2.975       0.000132043828350026
2.976       0.000093902606904867
2.977       0.000158197200109275
2.978       0.000189017655956251
2.979       0.000193271595295709
2.980       0.000200575520609383
2.981       0.000233982752631312
2.982       0.000286834314368670
2.983       0.000311422003954585
2.984       0.000284667714407272
2.985       0.000217393145374056
2.986       0.000130988434014989
2.987       0.000056477753574147
2.988       0.000037531281777400
2.989       0.000058448858914692
2.990       0.000069591176173951
2.991       0.000052444951055622
2.992       0.000036204585105698
2.993       0.000063423321255890
2.994       0.000105297244824637
2.995       0.000128864842980886
2.996       0.000192039306340763
2.997       0.000341625467245477
2.998       0.000442778772194036
2.999       0.000351489184152731
3.000       0.000172157750032237
3.001       0.000124556022390351
3.002       0.000153652111833158
3.003       0.000204634725753869
3.004       0.000220441715575836
3.005       0.000163089284128781
3.006       0.000104647188065082
3.007       0.000110000322278092
3.008       0.000153268679146903
3.009       0.000160684111228743
3.010       0.000115746738905652
3.011       0.000110364456722828
3.012       0.000174581425868264
3.013       0.000225934762470126
3.014       0.000218801203081112
3.015       0.000208536557776296
3.016       0.000213329231302338
3.017       0.000198988953369367
3.018       0.000128827427464895
3.019       0.000063507295423995
3.020       0.000097330616556923
3.021       0.000156345502116006
3.022       0.000150477755488779
3.023       0.000109600762207451
3.024       0.000058845196668600
3.025       0.000030225889246949
3.026       0.000014062923308411
3.027       0.000005949607616337
3.028       0.000006869127700416
3.029       0.000015995025369295
3.030       0.000040053629762365
3.031       0.000112594448959780
3.032       0.000240521332504406
3.033       0.000318221389570161
3.034       0.000364225930076623
3.035       0.000393980589821614
3.036       0.000396912764829810
3.037       0.000367594065027371
3.038       0.000312227993809366
3.039       0.000230125535816805
3.040       0.000140365865317460
3.041       0.000087501721040245
3.042       0.000067676931634453
3.043       0.000123242505527865
3.044       0.000241354351660283
3.045       0.000288850761897497
3.046       0.000181953085927222
3.047       0.000087463466823368
3.048       0.000062561515960027
3.049       0.000098973453933643
3.050       0.000152538701028243
3.051       0.000201849055393277
3.052       0.000244584080543953
3.053       0.000232941052383751
3.054       0.000128540919015735
3.055       0.000084251530681294
3.056       0.000087311185578087
3.057       0.000119973101068004
3.058       0.000148404369868321
3.059       0.000229099553098244
3.060       0.000322124342801877
3.061       0.000224622108671635
3.062       0.000141901312933124
3.063       0.000094463051822920
3.064       0.000099702306414373
3.065       0.000171865637924762
3.066       0.000258288892111297
3.067       0.000306968251726880
3.068       0.000349581707857569
3.069       0.000351525974752021
3.070       0.000302223881641472
3.071       0.000189456525227338
3.072       0.000109700713223460
3.073       0.000128838103244627
3.074       0.000211055660521819
3.075       0.000332096619328148
3.076       0.000437021627933382
3.077       0.000487675306297545
3.078       0.000460223911929680
3.079       0.000272822378792226
3.080       0.000080720626661590
3.081       0.000044906626559552
3.082       0.000068191266084539
3.083       0.000098406055368923
3.084       0.000093196241339175
3.085       0.000072968894883556
3.086       0.000082746185688126
3.087       0.000124501767814617
3.088       0.000194902636521166
3.089       0.000260201699159246
3.090       0.000193900273820935
3.091       0.000130283492818239
3.092       0.000095542346416913
3.093       0.000071125093393798
3.094       0.000069871964209531
3.095       0.000093758488896353
3.096       0.000097015841885893
3.097       0.000089649499831406
3.098       0.000082132432284457
3.099       0.000072376893664503
3.100       0.000133400947187057
3.101       0.000283512093135596
3.102       0.000287734624415642
3.103       0.000258409214208277
3.104       0.000203844836757505
3.105       0.000101912468408794
3.106       0.000054390252874483
3.107       0.000053593494313220
3.108       0.000101057244914382
3.109       0.000175426555784078
3.110       0.000199431236348718
3.111       0.000197725608497817
3.112       0.000156557249385778
3.113       0.000123893932068464
3.114       0.000109608969125548
3.115       0.000115191742086587
3.116       0.000073252755652647
3.117       0.000028996347056647
3.118       0.000026595303862190
3.119       0.000058052385326968
3.120       0.000074886155459572
3.121       0.000059207224955660
3.122       0.000063408228814565
3.123       0.000137018572430703
3.124       0.000242790452261721
3.125       0.000325789167016172
3.126       0.000354335050875287
3.127       0.000258799248557651
3.128       0.000117819235812888
3.129       0.000100914009454944
3.130       0.000205319760443801
3.131       0.000280522652078008
3.132       0.000201055823706581
3.133       0.000143264202026323
3.134       0.000146606780032699
3.135       0.000152735620568598
3.136       0.000127755465694906
3.137       0.000091930249585370
3.138       0.000075206449255377
3.139       0.000106126837306042
3.140       0.000148898577020148
3.141       0.000146988539104990
3.142       0.000136379813478776
3.143       0.000130279194349894
3.144       0.000090117406400497
3.145       0.000048614750857198
3.146       0.000046306976723497
3.147       0.000062462312631288
3.148       0.000070534892335730
3.149       0.000098997129970746
3.150       0.000236170139841008
3.151       0.000356193344377420
3.152       0.000201599582523304
3.153       0.000096848262087751
3.154       0.000078041645570876
3.155       0.000109186608660938
3.156       0.000166273579256013
3.157       0.000188724596114923
3.158       0.000150355644497002
3.159       0.000101935210310281
3.160       0.000076122872815283
3.161       0.000098377666988780
3.162       0.000154291939762546
3.163       0.000170813360363231
3.164       0.000061482153765918
3.165       0.000036782593848900
3.166       0.000082152143807690
3.167       0.000140394065016841
3.168       0.000180515564400248
3.169       0.000183526558319061
3.170       0.000163215829870028
3.171       0.000115348380857375
3.172       0.000087179077115018
3.173       0.000093252062841304
3.174       0.000134167591533396
3.175       0.000201079018675179
3.176       0.000230294668631142
3.177       0.000216277764733971
3.178       0.000179312317736741
3.179       0.000137935596739622
3.180       0.000115757223427590
3.181       0.000097458497519423
3.182       0.000144248366067412
3.183       0.000231225668121476
3.184       0.000256332098304529
3.185       0.000234193204876967
3.186       0.000242420106344010
3.187       0.000327364484156156
3.188       0.000391755746203426
3.189       0.000228496383634424
3.190       0.000088143652960532
3.191       0.000075265069240604
3.192       0.000115980794974962
3.193       0.000167840979083872
3.194       0.000208387672711523
3.195       0.000211686226401303
3.196       0.000161762394563031
3.197       0.000093460880763257
3.198       0.000062000313380724
3.199       0.000072678606059945
3.200       0.000097611981451529
3.201       0.000127551971513418
3.202       0.000124424644374843
3.203       0.000092184047844501
3.204       0.000067493675653202
3.205       0.000051328398869913
3.206       0.000033651522918433
3.207       0.000024733117303102
3.208       0.000025551666464649
3.209       0.000029455065980055
3.210       0.000029911864539354
3.211       0.000022540537063197
3.212       0.000021838032249914
3.213       0.000028305707173111
3.214       0.000033032910397988
3.215       0.000049812879792333
3.216       0.000093546043273690
3.217       0.000138743123768340
3.218       0.000176939845513702
3.219       0.000223209953830183
3.220       0.000257954236167673
3.221       0.000240371669247008
3.222       0.000167339953611179
3.223       0.000092399060623555
3.224       0.000067259519105367
3.225       0.000063760055112758
3.226       0.000038070550401004
3.227       0.000016462282726079
3.228       0.000021638355028934
3.229       0.000041593023660774
3.230       0.000085685468407898
3.231       0.000143349428558233
3.232       0.000140513614090204
3.233       0.000122682873437766
3.234       0.000151563834001459
3.235       0.000189790655878208
3.236       0.000234692165732658
3.237       0.000288437711086165
3.238       0.000332528586585723
3.239       0.000383188540817841
3.240       0.000422523977825912
3.241       0.000334897062882589
3.242       0.000160626534674913
3.243       0.000053386352640017
3.244       0.000026855983955729
3.245       0.000069082305196810
3.246       0.000217104161634896
3.247       0.000354340809111564
3.248       0.000378350566009877
3.249       0.000369688466624066
3.250       0.000338720240814328
3.251       0.000245521474950716
3.252       0.000128797358054572
3.253       0.000075728984275984
3.254       0.000061675573901429
3.255       0.000062883340281081
3.256       0.000075776412965550
3.257       0.000133936565094972
3.258       0.000264079119854599
3.259       0.000317349326937166
3.260       0.000194373411593118
3.261       0.000073739713257442
3.262       0.000023397376437674
3.263       0.000009052808569479
3.264       0.000013109417855414
3.265       0.000036778648392133
3.266       0.000073199147300210
3.267       0.000094579204884270
3.268       0.000085782629995659
3.269       0.000065612401882371
3.270       0.000068043390946987
3.271       0.000101498937835204
3.272       0.000136010760932719
3.273       0.000145015736262695
3.274       0.000135950866301327
3.275       0.000131284942634174
3.276       0.000116038727216633
3.277       0.000084694733205368
3.278       0.000053982705935415
3.279       0.000031962373480583
3.280       0.000019695639913267
3.281       0.000022931176828292
3.282       0.000056061774252852
3.283       0.000117230674469254
3.284       0.000154622943559939
3.285       0.000138368665736160
3.286       0.000111524988958556
3.287       0.000089992409962596
3.288       0.000082015417207870
3.289       0.000111928394016914
3.290       0.000182977822623276
3.291       0.000268485052958234
3.292       0.000328466697504321
3.293       0.000326424165417810
3.294       0.000269206373027131
3.295       0.000202524614793809
3.296       0.000161754814016198
3.297       0.000162504943739428
3.298       0.000209670709676923
3.299       0.000299724079887764
3.300       0.000416429812769348
3.301       0.000521720757019423
3.302       0.000552190229066774
3.303       0.000481184777319454
3.304       0.000386640395100224
3.305       0.000352453231479765
3.306       0.000352503165552225
3.307       0.000343714996087624
3.308       0.000336473982584851
3.309       0.000376135470192884
3.310       0.000507665452494810
3.311       0.000706095529569128
3.312       0.000841569824942025
3.313       0.000842929451141977
3.314       0.000792790093610496
3.315       0.000765290556420772
3.316       0.000792055103464473
3.317       0.000880708597760071
3.318       0.001025212418521270
3.319       0.001185137372742120
3.320       0.001289276751776060
3.321       0.001291033338019280
3.322       0.001219226602433620
3.323       0.001116403940525760
3.324       0.001000412059171340
3.325       0.000910504002138074
3.326       0.000886744529861788
3.327       0.000939839163027534
3.328       0.001065794609024670
3.329       0.001248476855333470
3.330       0.001430605060565910
3.331       0.001532752818797400
3.332       0.001546054017093440
3.333       0.001559633298767130
3.334       0.001673309301704510
3.335       0.001908414953842310
3.336       0.002192949849085020
3.337       0.002435810051399590
3.338       0.002591988217486350
3.339       0.002671498029155640
3.340       0.002714188201532550
3.341       0.002756163371961630
3.342       0.002819141178447450
3.343       0.002916197154554600
3.344       0.003048852559984220
3.345       0.003206186066409880
3.346       0.003365261318421740
3.347       0.003517071721066300
3.348       0.003676853464189890
3.349       0.003852179212771260
3.350       0.004037647608846170
3.351       0.004237727901144850
3.352       0.004467585819877610
3.353       0.004755449982394300
3.354       0.005125162876386650
3.355       0.005578855197048150
3.356       0.006097403949555820
3.357       0.006655065194548500
3.358       0.007240375915750440
3.359       0.007837533139556371
3.360       0.008422591489008591
3.361       0.008988800159625219
3.362       0.009588262481047940
3.363       0.010289851988997300
3.364       0.011117057496926401
3.365       0.012045779912294800
3.366       0.013018222089201399
3.367       0.013987040600691900
3.368       0.014946447384467400
3.369       0.015909126714404000
3.370       0.016910895608535099
3.371       0.018050864121655699
3.372       0.019414150729099699
3.373       0.021027271683927901
3.374       0.022889698550281799
3.375       0.024917078713453798
3.376       0.027046449487820600
3.377       0.029287308804619300
3.378       0.031673343558269500
3.379       0.034303088742747803
3.380       0.037264415235803497
3.381       0.040570640858419403
3.382       0.044258578306465103
3.383       0.048357844703604200
3.384       0.052851400108206499
3.385       0.057739170650837203
3.386       0.063053126366341403
3.387       0.068794964459424804
3.388       0.075073303063657407
3.389       0.082002859338626194
3.390       0.089580779628541093
3.391       0.097890848439327299
3.392       0.106971518628973999
3.393       0.116848791439672001
3.394       0.127693320123980991
3.395       0.139604734865465013
3.396       0.152628211018232013
3.397       0.166835544379906997
3.398       0.182234023747433999
3.399       0.198789945147061997
3.400       0.216499521860796990
3.401       0.235370435712979997
3.402       0.255366006554765990
3.403       0.276437926347468999
3.404       0.298615454864133989
3.405       0.321866910979223986
3.406       0.346060442957635994
3.407       0.371262957879736011
3.408       0.397187689982317016
3.409       0.423569421709103999
3.410       0.450385804913380983
3.411       0.477261628655057002
3.412       0.503890291465922013
3.413       0.530167124723973981
3.414       0.555801739793353011
3.415       0.580549784655971957
3.416       0.604331662041701967
3.417       0.627018458842272031
3.418       0.648482267375712018
3.419       0.668732119432150052
3.420       0.687764974117506034
3.421       0.705554162296806009
3.422       0.722099555637192969
3.423       0.737363673464194957
3.424       0.751240641482318949
3.425       0.763899761876785988
3.426       0.775646896985556000
3.427       0.786647310531365052
3.428       0.797022947165998974
3.429       0.806847697761580052
3.430       0.816089389426966960
3.431       0.824791665817083963
3.432       0.833051578069823995
3.433       0.840893740683906987
3.434       0.848333851081452983
3.435       0.855445139990596015
3.436       0.862272218147502989
3.437       0.868834220078703034
3.438       0.875146979107551015
3.439       0.881224969983421036
3.440       0.887135026639622959
3.441       0.892938446729964030
3.442       0.898621222209062043
3.443       0.904130310882059973
3.444       0.909426288295932972
3.445       0.914475668414633014
3.446       0.919267471178851991
3.447       0.923822900980319051
3.448       0.928150894447443031
3.449       0.932202764043298049
3.450       0.935910524443373970
3.451       0.939232279923072011
3.452       0.942166674807466964
3.453       0.944739732920106046
3.454       0.946948518666137051
3.455       0.948765808207807981
3.456       0.950185153755001011
3.457       0.951214554135150991
3.458       0.951865136127424960
3.459       0.952139848674312006
3.460       0.952015706931383043
3.461       0.951468233719453993
3.462       0.950469158202670972
3.463       0.948962478332171955
3.464       0.946924092325989952
3.465       0.944341255000063051
3.466       0.941156310489708048
3.467       0.937315037117434025
3.468       0.932796816282860042
3.469       0.927550671353503997
3.470       0.921556828194958988
3.471       0.914785680599713991
3.472       0.907100498466274052
3.473       0.898391876820099022
3.474       0.888593649806437957
3.475       0.877628541338935975
3.476       0.865494637353009022
3.477       0.852150747586406965
3.478       0.837505403655562031
3.479       0.821561868026350006
3.480       0.804365843802273051
3.481       0.785901285672708005
3.482       0.766123090458223022
3.483       0.745035904807210048
3.484       0.722662740196440945
3.485       0.699044128124640007
3.486       0.674265548082359945
3.487       0.648432771996865998
3.488       0.621612833199592041
3.489       0.594107535699165967
3.490       0.566266597166816044
3.491       0.538153989977275038
3.492       0.510087370395836959
3.493       0.482398715431087977
3.494       0.455163725545431996
3.495       0.428490645931645986
3.496       0.402415234035701008
3.497       0.376957719412559011
3.498       0.352308355697929010
3.499       0.328673357173329017
3.500       0.306148357396366977
3.501       0.284810296217087977
3.502       0.264704311649622992
3.503       0.245795229942373988
3.504       0.228047897748993006
3.505       0.211474454269250989
3.506       0.196064888947554000
3.507       0.181752892650167003
3.508       0.168467960031093988
3.509       0.156067549192507010
3.510       0.144432890047169998
3.511       0.133597605365756988
3.512       0.123583535590113994
3.513       0.114354938044651994
3.514       0.105871642324813997
3.515       0.098055835786087897
3.516       0.090840207631586595
3.517       0.084202818398338805
3.518       0.078108335307099694
3.519       0.072506893770668795
3.520       0.067372540306962506
3.521       0.062661772898781706
3.522       0.058323829010381800
3.523       0.054341725076197299
3.524       0.050667691112074899
3.525       0.047243924180463602
3.526       0.044049563449219099
3.527       0.041071232046396802
3.528       0.038314412423401799
3.529       0.035773017592484600
3.530       0.033411224272826202
3.531       0.031210153168285799
3.532       0.029168762917597801
3.533       0.027290120362915001
3.534       0.025580813088262200
3.535       0.024032029901289501
3.536       0.022605884793798700
3.537       0.021264171221182501
3.538       0.019985441769359898
3.539       0.018764219058495801
3.540       0.017615629144010402
3.541       0.016549850188556800
3.542       0.015559190747320701
3.543       0.014638269220042899
3.544       0.013788408833289400
3.545       0.013018204368800300
3.546       0.012337420991625200
3.547       0.011722321565187200
3.548       0.011125096191402201
3.549       0.010510146719970000
3.550       0.009884396275353870
3.551       0.009291240576892790
3.552       0.008774334818008040
3.553       0.008348021282623460
3.554       0.007996074684530900
3.555       0.007689063725389020
3.556       0.007400188783134640
3.557       0.007122292769341950
3.558       0.006852677174762340
3.559       0.006556050641701730
3.560       0.006196214242825130
3.561       0.005779265529534340
3.562       0.005351570473464130
3.563       0.004961066357314530
3.564       0.004628968131597630
3.565       0.004345120017581470
3.566       0.004076660283827470
3.567       0.003796976858813310
3.568       0.003512352426332410
3.569       0.003265331841582730
3.570       0.003101078205303640
3.571       0.003035117138274940
3.572       0.003040201401057290
3.573       0.003068586280572240
3.574       0.003075860841371240
3.575       0.003030384667524420
3.576       0.002906806414716860
3.577       0.002702020557685200
3.578       0.002461219780763080
3.579       0.002254856749344610
3.580       0.002136583419827770
3.581       0.002114872201355810
3.582       0.002155239581278530
3.583       0.002203164066597800
3.584       0.002215595473708210
3.585       0.002184463451354260
3.586       0.002133022882781170
3.587       0.002087779886660740
3.588       0.002055316729056720
3.589       0.002022787841031190
3.590       0.001972835963024860
3.591       0.001900263446716620
3.592       0.001807854136627760
3.593       0.001700821911619020
3.594       0.001576083570237420
3.595       0.001431604226201810
3.596       0.001287523378812050
3.597       0.001170148501337010
3.598       0.001091364483369800
3.599       0.001039322259352550
3.600       0.000993744449967859
3.601       0.000942093132374811
3.602       0.000882615156262201
3.603       0.000817058938839654
3.604       0.000755067108934832
3.605       0.000711880314903851
3.606       0.000697639052837890
3.607       0.000708609912383806
3.608       0.000732009639346928
3.609       0.000745630503370044
3.610       0.000730977528616117
3.611       0.000693454180937164
3.612       0.000660149210138780
3.613       0.000648211187629977
3.614       0.000652765891265936
3.615       0.000655147341950178
3.616       0.000647616157092648
3.617       0.000637378649567106
3.618       0.000636010972055987
3.619       0.000643119808368023
3.620       0.000652634318021400
3.621       0.000660850450838496
3.622       0.000678598732591018
3.623       0.000710618144281389
3.624       0.000743071469997776
3.625       0.000724065170782495
3.626       0.000596263922846396
3.627       0.000389706475211637
3.628       0.000212818849708196
3.629       0.000118254696493764
3.630       0.000097051433166281
3.631       0.000125309199231399
3.632       0.000181850493340574
3.633       0.000239295514218613
3.634       0.000263977201758081
3.635       0.000235790324948471
3.636       0.000162245530258398
3.637       0.000094430615972751
3.638       0.000067475250606320
3.639       0.000067135224982813
3.640       0.000076220048982313
3.641       0.000091426869981273
3.642       0.000119814174426136
3.643       0.000172016164424305
3.644       0.000243418032124687
3.645       0.000321831297925346
3.646       0.000399642187335569
3.647       0.000455094120254001
3.648       0.000447267388988093
3.649       0.000366668807900206
3.650       0.000286012038965194
3.651       0.000253158833934172
3.652       0.000258356867292475
3.653       0.000263198721562365
3.654       0.000248279711421218
3.655       0.000220686092336955
3.656       0.000206838143361157
3.657       0.000223303609152098
3.658       0.000263882796292386
3.659       0.000303607830122343
3.660       0.000324985073205454
3.661       0.000319223488967305
3.662       0.000283322130643582
3.663       0.000230740815037017
3.664       0.000177576436242916
3.665       0.000125992066024316
3.666       0.000084548448867419
3.667       0.000072852435772389
3.668       0.000095079616600935
3.669       0.000101818698108887
3.670       0.000094621901014474
3.671       0.000110922072773995
3.672       0.000170554431931813
3.673       0.000296988521904851
3.674       0.000469709519198669
3.675       0.000409138204076065
3.676       0.000236374415181595
3.677       0.000120786653799207
3.678       0.000106777876223971
3.679       0.000116495451814205
3.680       0.000129159857902322
3.681       0.000138787652466936
3.682       0.000147037711701284
3.683       0.000151324894882676
3.684       0.000142598593827988
3.685       0.000130388539578391
3.686       0.000148661373768344
3.687       0.000205572973724893
3.688       0.000249978742411811
3.689       0.000253991354134342
3.690       0.000239519686922179
3.691       0.000184003001626631
3.692       0.000105387677448804
3.693       0.000054839520595262
3.694       0.000039091682484366
3.695       0.000092782503636646
3.696       0.000261865064693501
3.697       0.000365849963379695
3.698       0.000365273937390498
3.699       0.000342617448917865
3.700       0.000306787401715719
3.701       0.000250408470346797
3.702       0.000176893916930931
3.703       0.000114689788025965
3.704       0.000093052763037943
3.705       0.000096046618225671
3.706       0.000099147726666728
3.707       0.000086395771501824
3.708       0.000075903380794308
3.709       0.000094885267225536
3.710       0.000156499997481241
3.711       0.000259887745392706
3.712       0.000379839714958613
3.713       0.000413396166207503
3.714       0.000372982699761715
3.715       0.000287275271505849
3.716       0.000141884138686377
3.717       0.000083635742942768
3.718       0.000098325004753694
3.719       0.000124849991184416
3.720       0.000141506007818454
3.721       0.000161941425599194
3.722       0.000187531660533077
3.723       0.000217614528407670
3.724       0.000249562146086540
3.725       0.000284759850408892
3.726       0.000308994274111962
3.727       0.000299574898163318
3.728       0.000256213060205485
3.729       0.000203201853107765
3.730       0.000159580953815436
3.731       0.000124286460300244
3.732       0.000088451781870433
3.733       0.000062320714266810
3.734       0.000058197520179659
3.735       0.000088660075697522
3.736       0.000125292345951517
3.737       0.000150129710935927
3.738       0.000134294273078928
3.739       0.000084892669668130
3.740       0.000052404994783470
3.741       0.000038937083228864
3.742       0.000032282526632000
3.743       0.000028619478305525
3.744       0.000029173391737882
3.745       0.000033417752904725
3.746       0.000036893559556907
3.747       0.000038026272976441
3.748       0.000039863379287235
3.749       0.000041243442245445
3.750       0.000038067877027725
3.751       0.000045621085308478
3.752       0.000113284559625337
3.753       0.000231856769148941
3.754       0.000266374322320934
3.755       0.000254854171941231
3.756       0.000242760759868739
3.757       0.000222727201518752
3.758       0.000165579653268216
3.759       0.000109992316260993
3.760       0.000068143112051833
3.761       0.000032421088889886
3.762       0.000010960892303409
3.763       0.000007414354479755
3.764       0.000019685550333964
3.765       0.000047769265834385
3.766       0.000082655511820459
3.767       0.000081911802915155
3.768       0.000050275201672334
3.769       0.000027935624053353
3.770       0.000032874629023183
3.771       0.000087732810902297
3.772       0.000209898278627441
3.773       0.000274991061150011
3.774       0.000260479884760634
3.775       0.000187074158281231
3.776       0.000110649589086603
3.777       0.000065719121914387
3.778       0.000036973317270150
3.779       0.000017480860866184
3.780       0.000010517317959501
3.781       0.000017977238694941
3.782       0.000036663097732564
3.783       0.000059330841590904
3.784       0.000077998797541858
3.785       0.000083369337547819
3.786       0.000075009095578345
3.787       0.000063054878640292
3.788       0.000056217937868519
3.789       0.000057460875112516
3.790       0.000064240966694346
3.791       0.000069826376644925
3.792       0.000067970787747035
3.793       0.000058222605997464
3.794       0.000047937019735427
3.795       0.000043439462791141
3.796       0.000037338375253569
3.797       0.000031369855593204
3.798       0.000043770204280202
3.799       0.000086597487420348
3.800       0.000126733999467585
3.801       0.000115382034440864
3.802       0.000074801750483910
3.803       0.000047890952181127
3.804       0.000037846549657130
3.805       0.000033640791056100
3.806       0.000026713179945112
3.807       0.000017722826236164
3.808       0.000010575623825362
3.809       0.000006012235632621
3.810       0.000002990577094884
3.811       0.000001259889516917
3.812       0.000000653467527515
3.813       0.000000696006370241
3.814       0.000001431774657124
3.815       0.000003663328989743
3.816       0.000008767383876486
3.817       0.000018852581698398
3.818       0.000039614384334613
3.819       0.000084410144728764
3.820       0.000153519397933399
3.821       0.000218550490211161
3.822       0.000223382990543586
3.823       0.000147603267536767
3.824       0.000068942322409643
3.825       0.000037832830582830
3.826       0.000036085409166088
3.827       0.000051095257222064
3.828       0.000076646132519509
3.829       0.000110287308784374
3.830       0.000132754978670099
3.831       0.000139578940717039
3.832       0.000141366534083887
3.833       0.000140776434025151
3.834       0.000148808533181506
3.835       0.000155283743459069
3.836       0.000158411465605798
3.837       0.000158147582257284
3.838       0.000157609634465103
3.839       0.000163359389638157
3.840       0.000176229774157294
3.841       0.000174757470542256
3.842       0.000144287806992313
3.843       0.000120269718193185
3.844       0.000126055844592035
3.845       0.000150592659159107
3.846       0.000171032442604635
3.847       0.000177646960908715
3.848       0.000180703453863143
3.849       0.000176717677002336
3.850       0.000151674895641440
3.851       0.000096603767978765
3.852       0.000051934400171982
3.853       0.000046270663177399
3.854       0.000046302824350780
3.855       0.000036011296719998
3.856       0.000022285384566494
3.857       0.000012348507982223
3.858       0.000011415397124105
3.859       0.000025361042061828
3.860       0.000049181841296930
3.861       0.000068673374973432
3.862       0.000085301881032743
3.863       0.000116013087508055
3.864       0.000157315168355071
3.865       0.000183849406736672
3.866       0.000167659168678641
3.867       0.000128718068408945
3.868       0.000083214347964766
3.869       0.000069369359704197
3.870       0.000138097159264383
3.871       0.000245072270798119
3.872       0.000305498651966080
3.873       0.000321841485563468
3.874       0.000301944993337383
3.875       0.000255780699333130
3.876       0.000213670626811713
3.877       0.000190109293150435
3.878       0.000178849973864997
3.879       0.000168889563165030
3.880       0.000162838074223542
3.881       0.000157764897162738
3.882       0.000146541804363680
3.883       0.000136756121913925
3.884       0.000146378166955813
3.885       0.000193325564727287
3.886       0.000265645347932317
3.887       0.000266098950361560
3.888       0.000138993919220065
3.889       0.000056560249614868
3.890       0.000027220343632339
3.891       0.000017685930328018
3.892       0.000015480083359752
3.893       0.000016153064249711
3.894       0.000027958273571299
3.895       0.000070342249843536
3.896       0.000139288185498743
3.897       0.000170489243020544
3.898       0.000123172771138630
3.899       0.000070085381286056
3.900       0.000044035420361591
3.901       0.000036203752026830
3.902       0.000039459312565993
3.903       0.000048884735877830
3.904       0.000064769630987699
3.905       0.000091026820665613
3.906       0.000136919439568894
3.907       0.000200145843607530
3.908       0.000258015259927635
3.909       0.000320930049408474
3.910       0.000412059537682703
3.911       0.000400880105297485
3.912       0.000355403986240566
3.913       0.000266961354722151
3.914       0.000161062772159715
3.915       0.000088742010629750
3.916       0.000058801840751278
3.917       0.000045285098854646
3.918       0.000040802762625140
3.919       0.000047671685203490
3.920       0.000063864286531171
3.921       0.000081680264374738
3.922       0.000096652952433322
3.923       0.000108352676754526
3.924       0.000123725278134132
3.925       0.000155526325561067
3.926       0.000209424347273363
3.927       0.000252305541815934
3.928       0.000218225671531125
3.929       0.000146067161839764
3.930       0.000093691215513468
3.931       0.000085277887768541
3.932       0.000097266871020983
3.933       0.000090761810155771
3.934       0.000068931195467692
3.935       0.000050223419607615
3.936       0.000039194150633106
3.937       0.000032719235324486
3.938       0.000028616944594573
3.939       0.000025348332884961
3.940       0.000023108253718075
3.941       0.000022775156431506
3.942       0.000026104442420127
3.943       0.000035915158042701
3.944       0.000056050918121178
3.945       0.000081381852601037
3.946       0.000090859880268301
3.947       0.000071937079646658
3.948       0.000048763074599820
3.949       0.000035469248131193
3.950       0.000041943968142388
3.951       0.000084637355563188
3.952       0.000162404376916614
3.953       0.000179434552036312
3.954       0.000139449857944618
3.955       0.000092845633132610
3.956       0.000059450205306372
3.957       0.000101167335838093
3.958       0.000231375552224744
3.959       0.000298139614729794
3.960       0.000293233061985063
3.961       0.000301009606981942
3.962       0.000301244021067432
3.963       0.000248968304281671
3.964       0.000171903237479287
3.965       0.000093773126442459
3.966       0.000041850336808299
3.967       0.000025517007233883
3.968       0.000030368370852942
3.969       0.000034950178976124
3.970       0.000033180790163240
3.971       0.000033115550985251
3.972       0.000039345765593612
3.973       0.000052130859043722
3.974       0.000073080908820633
3.975       0.000105253420458862
3.976       0.000137752044578884
3.977       0.000133511238475464
3.978       0.000111445930823323
3.979       0.000093424123781993
3.980       0.000077543002027530
3.981       0.000055083155473298
3.982       0.000034203315846514
3.983       0.000034243461860810
3.984       0.000050936843632457
3.985       0.000075293373224469
3.986       0.000104834914639390
3.987       0.000137366371505007
3.988       0.000141511580059556
3.989       0.000145087787800643
3.990       0.000153322504360481
3.991       0.000157072957190002
3.992       0.000125871591942148
3.993       0.000115776374662618
3.994       0.000154195343840507
3.995       0.000208646148549749
3.996       0.000229632686082453
3.997       0.000229457437614836
3.998       0.000223486039557165
3.999       0.000205034624474631
4.000       0.000162386407685650
4.001       0.000119688555571568
4.002       0.000092421324607572
4.003       0.000080799480787867
4.004       0.000079038160648832
4.005       0.000078148903173578
4.006       0.000065771939837603
4.007       0.000038411046852316
4.008       0.000023657447584945
4.009       0.000035571158634395
4.010       0.000067910731171211
4.011       0.000110609071346995
4.012       0.000152521874697054
4.013       0.000187006641419005
4.014       0.000199859825630117
4.015       0.000182394742109876
4.016       0.000143695800624677
4.017       0.000105727842519068
4.018       0.000083378123990743
4.019       0.000070760800740893
4.020       0.000060889426742948
4.021       0.000056932988038535
4.022       0.000087705789928616
4.023       0.000151675651445693
4.024       0.000199883750543778
4.025       0.000204091282341223
4.026       0.000163991930438312
4.027       0.000101180494063519
4.028       0.000049970041265224
4.029       0.000027440719925381
4.030       0.000026175122644355
4.031       0.000026645202749559
4.032       0.000020958651075209
4.033       0.000015837564845963
4.034       0.000022239092988943
4.035       0.000046281069917997
4.036       0.000082650468155310
4.037       0.000124637791680468
4.038       0.000153738450764093
4.039       0.000181955265293993
4.040       0.000217922480389821
4.041       0.000250140637585942
4.042       0.000246375396307869
4.043       0.000205395221084537
4.044       0.000158720340076968
4.045       0.000116298445516277
4.046       0.000074597113971564
4.047       0.000037377824062976
4.048       0.000013262947365665
4.049       0.000005903902156865
4.050       0.000010040560401860
4.051       0.000017209885648076
4.052       0.000023539467826510
4.053       0.000030348309055357
4.054       0.000038535525962505
4.055       0.000047425975763737
4.056       0.000071981106997465
4.057       0.000137121121222245
4.058       0.000176236494814949
4.059       0.000158427770718214
4.060       0.000128402364130864
4.061       0.000086677490838433
4.062       0.000044636613832069
4.063       0.000041407230674181
4.064       0.000069940243160538
4.065       0.000092544930115776
4.066       0.000082292369077516
4.067       0.000057185593363263
4.068       0.000054953556006376
4.069       0.000110861981597821
4.070       0.000187978184297388
4.071       0.000230679335065764
4.072       0.000258781725602647
4.073       0.000283411483405029
4.074       0.000269635102597254
4.075       0.000228726906849969
4.076       0.000201891720811352
4.077       0.000202888909716113
4.078       0.000206490316506103
4.079       0.000155672185529088
4.080       0.000079722331849913
4.081       0.000045290816207836
4.082       0.000051248544443633
4.083       0.000074280066811663
4.084       0.000091881945022777
4.085       0.000084657738113059
4.086       0.000065147740242959
4.087       0.000054134178541002
4.088       0.000050696521875008
4.089       0.000065524088498525
4.090       0.000126840154299146
4.091       0.000196722893358370
4.092       0.000210458053289175
4.093       0.000177448651522583
4.094       0.000136199190491154
4.095       0.000103262825303846
4.096       0.000071405768498567
4.097       0.000042122757634558
4.098       0.000028525053206996
4.099       0.000035148794397796
4.100       0.000052648588126272
4.101       0.000065486181991009
4.102       0.000071112297870910
4.103       0.000075990451016628
4.104       0.000082407374075135
4.105       0.000087596221794536
4.106       0.000087064731492673
4.107       0.000098006974574238
4.108       0.000133458472559328
4.109       0.000163069576199510
4.110       0.000164700512514389
4.111       0.000151514736133722
4.112       0.000144802427898359
4.113       0.000154717702385537
4.114       0.000186686047342510
4.115       0.000255836662857389
4.116       0.000372971221236140
4.117       0.000449323966317888
4.118       0.000405430490175385
4.119       0.000311932604897036
4.120       0.000179294259082141
4.121       0.000069838093435581
4.122       0.000036172475674397
4.123       0.000025484930270083
4.124       0.000024781946975479
4.125       0.000029548341069708
4.126       0.000036638589579072
4.127       0.000044617223935093
4.128       0.000051293170012266
4.129       0.000052666688942327
4.130       0.000047905324362198
4.131       0.000039257333993181
4.132       0.000029736175573010
4.133       0.000023496989885596
4.134       0.000024208085883788
4.135       0.000032359178942218
4.136       0.000045259782195758
4.137       0.000058907005892755
4.138       0.000068828314543396
4.139       0.000069099283308553
4.140       0.000059545021089472
4.141       0.000047369055570137
4.142       0.000040168355944215
4.143       0.000038432192442604
4.144       0.000040880720699861
4.145       0.000048005739486184
4.146       0.000062594966246332
4.147       0.000088420604252126
4.148       0.000125500232428216
4.149       0.000166638197893670
4.150       0.000199232695554316
4.151       0.000209934200674874
4.152       0.000189018183192474
4.153       0.000146228855989305
4.154       0.000098512026004527
4.155       0.000056215515597965
4.156       0.000041278047452589
4.157       0.000060178329155586
4.158       0.000099013084082777
4.159       0.000156849227283429
4.160       0.000237254762328165
4.161       0.000348949270434162
4.162       0.000430732350190755
4.163       0.000363746134469711
4.164       0.000263370278688668
4.165       0.000160788671095979
4.166       0.000092779301482115
4.167       0.000103869480450186
4.168       0.000151843382094008
4.169       0.000203857072766267
4.170       0.000218786036303459
4.171       0.000165796468494073
4.172       0.000112990761177545
4.173       0.000148391587426494
4.174       0.000176508755913657
4.175       0.000143129017921323
4.176       0.000101336265022178
4.177       0.000071955580465299
4.178       0.000059818440677346
4.179       0.000059322116526686
4.180       0.000059860995699275
4.181       0.000053510302136607
4.182       0.000043416213817541
4.183       0.000040040751200789
4.184       0.000044322678907027
4.185       0.000054119477526954
4.186       0.000070607441660930
4.187       0.000098385690078501
4.188       0.000147095483941151
4.189       0.000205838381655221
4.190       0.000229646717932283
4.191       0.000206813233827596
4.192       0.000172543901766020
4.193       0.000111252885429847
4.194       0.000077306808600908
4.195       0.000069250124705414
4.196       0.000072747329326203
4.197       0.000082246435787581
4.198       0.000092359599852293
4.199       0.000095859390220082
4.200       0.000084856751529024
4.201       0.000093128826061606
4.202       0.000146037801781455
4.203       0.000130688112329330
4.204       0.000096093881305784
4.205       0.000072609212695578
4.206       0.000059090760555172
4.207       0.000050113485058619
4.208       0.000045746832422490
4.209       0.000046408217303628
4.210       0.000050825651958422
4.211       0.000057009572179033
4.212       0.000063414762106102
4.213       0.000068970834452946
4.214       0.000073393482801644
4.215       0.000075766871142739
4.216       0.000069778934469827
4.217       0.000049279382038983
4.218       0.000029757446055836
4.219       0.000027971373936522
4.220       0.000056236836422197
4.221       0.000112436551674089
4.222       0.000163592913134940
4.223       0.000166711950998433
4.224       0.000123417962018535
4.225       0.000092126723639216
4.226       0.000082116684182079
4.227       0.000092630637973060
4.228       0.000110013349119524
4.229       0.000122193695165425
4.230       0.000125623647134490
4.231       0.000109722566796214
4.232       0.000085487732936665
4.233       0.000071891038203445
4.234       0.000073645587372280
4.235       0.000085435214175561
4.236       0.000102752587152755
4.237       0.000110159331611251
4.238       0.000090580360637027
4.239       0.000062597811924116
4.240       0.000055380795507945
4.241       0.000075683553881288
4.242       0.000082542767263827
4.243       0.000066795896543112
4.244       0.000053222699914412
4.245       0.000065902482919322
4.246       0.000142141765821113
4.247       0.000206293632956111
4.248       0.000195693830465415
4.249       0.000156573921230696
4.250       0.000111093012015451
4.251       0.000069214142041668
4.252       0.000040902609351724
4.253       0.000032208367355717
4.254       0.000035017865921305
4.255       0.000044143278119586
4.256       0.000058214749724159
4.257       0.000079735714843238
4.258       0.000113276630633569
4.259       0.000152196961630324
4.260       0.000172731246054547
4.261       0.000123057265632026
4.262       0.000080305609893056
4.263       0.000076202862677815
4.264       0.000091103374835554
4.265       0.000082154321300501
4.266       0.000065693816937523
4.267       0.000045466058039999
4.268       0.000052486651695049
4.269       0.000093715478657080
4.270       0.000141871177020109
4.271       0.000179516991717754
4.272       0.000194635731606042
4.273       0.000187891195248036
4.274       0.000162478052635834
4.275       0.000114528903950861
4.276       0.000058639826255730
4.277       0.000028079763693338
4.278       0.000023475962809882
4.279       0.000029708194926885
4.280       0.000031716729536141
4.281       0.000026506733678683
4.282       0.000020344883629866
4.283       0.000016526352752200
4.284       0.000020026424527378
4.285       0.000038941479973437
4.286       0.000080459546784872
4.287       0.000133882799708190
4.288       0.000184812515087313
4.289       0.000231674226772727
4.290       0.000266999614752871
4.291       0.000268977883364468
4.292       0.000224004052016946
4.293       0.000139157948926383
4.294       0.000069836154800343
4.295       0.000051227237271046
4.296       0.000054040777230698
4.297       0.000053375003159363
4.298       0.000040630889680704
4.299       0.000027986490957834
4.300       0.000034341002472141
4.301       0.000049669731399610
4.302       0.000061631010539458
4.303       0.000070303012677637
4.304       0.000080313788787090
4.305       0.000100924415494030
4.306       0.000133023919989317
4.307       0.000163540663795578
4.308       0.000171327780778351
4.309       0.000157214326399424
4.310       0.000141567916547521
4.311       0.000133904236643615
4.312       0.000141498421124001
4.313       0.000172190393700811
4.314       0.000232931827935545
4.315       0.000285964538988576
4.316       0.000240968575326572
4.317       0.000157029183608159
4.318       0.000099546711024329
4.319       0.000067832909708132
4.320       0.000048892287293850
4.321       0.000034570437619813
4.322       0.000023843541542435
4.323       0.000019854700748457
4.324       0.000021960819459762
4.325       0.000028471648472715
4.326       0.000039989326358514
4.327       0.000059720142224759
4.328       0.000076630160444152
4.329       0.000050961107732866
4.330       0.000023614320306967
4.331       0.000014923402486273
4.332       0.000010819408721371
4.333       0.000008402431129863
4.334       0.000009352253007534
4.335       0.000012139753755781
4.336       0.000014583618368275
4.337       0.000015515444204928
4.338       0.000016099803500423
4.339       0.000020758234038111
4.340       0.000036204023694281
4.341       0.000068395304695212
4.342       0.000117777704144173
4.343       0.000177654387487458
4.344       0.000231975609036622
4.345       0.000251447227656673
4.346       0.000217188237199573
4.347       0.000158408731852716
4.348       0.000164053655775875
4.349       0.000289121974660411
4.350       0.000337561756690613
4.351       0.000298374672342561
4.352       0.000244551769967349
4.353       0.000180132840261554
4.354       0.000141392103043599
4.355       0.000130362189483767
4.356       0.000138389760639679
4.357       0.000174889819187007
4.358       0.000236286751748069
4.359       0.000246598763451511
4.360       0.000171317468593335
4.361       0.000090167880022973
4.362       0.000047251174286889
4.363       0.000029300908629750
4.364       0.000039663750883073
4.365       0.000107212865313122
4.366       0.000222011770478037
4.367       0.000300252607953633
4.368       0.000333740046155245
4.369       0.000360529212165686
4.370       0.000372560041645497
4.371       0.000378514678047573
4.372       0.000401520689179063
4.373       0.000420860415718746
4.374       0.000373932768670704
4.375       0.000229394375406811
4.376       0.000088434989255704
4.377       0.000037282775022795
4.378       0.000033905488652827
4.379       0.000041058876645284
4.380       0.000045793088140112
4.381       0.000049328515904876
4.382       0.000053523447653140
4.383       0.000061111117801625
4.384       0.000076368452114575
4.385       0.000106027578273993
4.386       0.000160172279490500
4.387       0.000238496733987653
4.388       0.000278076527606350
4.389       0.000255968324491096
4.390       0.000228595879912030
4.391       0.000200560745691011
4.392       0.000176864399349413
4.393       0.000158418840959226
4.394       0.000145186499800116
4.395       0.000134873516227249
4.396       0.000109016423301411
4.397       0.000074914270143278
4.398       0.000062345827661868
4.399       0.000058449819079200
4.400       0.000058296850729641
4.401       0.000057970959406751
4.402       0.000055792874721097
4.403       0.000052731556917235
4.404       0.000050022607354219
4.405       0.000046906732744038
4.406       0.000041855490248901
4.407       0.000034606671807054
4.408       0.000026679094793276
4.409       0.000021830333203795
4.410       0.000024165491208060
4.411       0.000036627092328323
4.412       0.000050221404878549
4.413       0.000051388866265056
4.414       0.000047459738570168
4.415       0.000046243118268230
4.416       0.000051307387471368
4.417       0.000065079078785224
4.418       0.000081024843985977
4.419       0.000090030400920419
4.420       0.000087376916731691
4.421       0.000078346002468318
4.422       0.000081666805885894
4.423       0.000108290498290670
4.424       0.000137248843535193
4.425       0.000143912684247995
4.426       0.000154783220954947
4.427       0.000169056866257011
4.428       0.000185436465043501
4.429       0.000201123726757617
4.430       0.000214312283173944
4.431       0.000224030205858182
4.432       0.000218536585309570
4.433       0.000186355172817732
4.434       0.000153085544568859
4.435       0.000134260197329247
4.436       0.000126880797150435
4.437       0.000135175025621909
4.438       0.000170296451117047
4.439       0.000241890112105569
4.440       0.000314272849327162
4.441       0.000324197309959237
4.442       0.000334406049623953
4.443       0.000345493198271950
4.444       0.000349689198141434
4.445       0.000314203254648149
4.446       0.000226434357634087
4.447       0.000160802525667469
4.448       0.000110622976041336
4.449       0.000075791429201139
4.450       0.000053590497472285
4.451       0.000041658438292350
4.452       0.000034821635744926
4.453       0.000028946567779771
4.454       0.000026696093596778
4.455       0.000030842260525361
4.456       0.000039732700948002
4.457       0.000051079536125320
4.458       0.000060881998853537
4.459       0.000069672188435246
4.460       0.000099562523511065
4.461       0.000164725208267991
4.462       0.000236222498322114
4.463       0.000287630224956065
4.464       0.000307326681673582
4.465       0.000297019022101289
4.466       0.000278306145231805
4.467       0.000262158662983673
4.468       0.000250647190352199
4.469       0.000239091511655937
4.470       0.000203122830313873
4.471       0.000114824485248993
4.472       0.000085944834141955
4.473       0.000085722212235267
4.474       0.000092835281312827
4.475       0.000102181844628162
4.476       0.000108842862164660
4.477       0.000114218229028174
4.478       0.000121424202184452
4.479       0.000129767420015393
4.480       0.000136873890279235
4.481       0.000137051830827871
4.482       0.000127838180087936
4.483       0.000114628368906931
4.484       0.000106662467965778
4.485       0.000099769391541687
4.486       0.000091533295698602
4.487       0.000103202660409696
4.488       0.000140348455436423
4.489       0.000194566918851669
4.490       0.000254666206030540
4.491       0.000317479663952569
4.492       0.000374779311962808
4.493       0.000411424258130406
4.494       0.000421564700718698
4.495       0.000409783410955739
4.496       0.000379097706988740
4.497       0.000356143672991832
4.498       0.000308323073185568
4.499       0.000214962972366006
4.500       0.000092277562943555
4.501       0.000038918871990153
4.502       0.000032934917262389
4.503       0.000045053443515880
4.504       0.000058528860434682
4.505       0.000060266848808591
4.506       0.000060600911347824
4.507       0.000075704112441816
4.508       0.000119928356600629
4.509       0.000208332335072559
4.510       0.000303641903313071
4.511       0.000322632039847212
4.512       0.000337542330210355
4.513       0.000344584435641655
4.514       0.000340762137416073
4.515       0.000328719806092587
4.516       0.000314006364068642
4.517       0.000298006366135681
4.518       0.000281852391988087
4.519       0.000261729135155042
4.520       0.000200510130152765
4.521       0.000131092766770896
4.522       0.000078720251145970
4.523       0.000043400693699680
4.524       0.000030711428684292
4.525       0.000044726702338460
4.526       0.000074317011368424
4.527       0.000103121083891329
4.528       0.000106294646151750
4.529       0.000086096736152175
4.530       0.000062301500080117
4.531       0.000045541580426960
4.532       0.000037306281040251
4.533       0.000035616341683234
4.534       0.000038437987149403
4.535       0.000042029198195730
4.536       0.000042487774142895
4.537       0.000043750810395586
4.538       0.000056662825712705
4.539       0.000077749327334190
4.540       0.000086292535060140
4.541       0.000078454749294993
4.542       0.000060089115473949
4.543       0.000038040491336558
4.544       0.000019688200889996
4.545       0.000010378692299230
4.546       0.000011946579444797
4.547       0.000020030174147562
4.548       0.000026624335749813
4.549       0.000034875905098416
4.550       0.000052423015488676
4.551       0.000080059711959651
4.552       0.000119271604622495
4.553       0.000174835312647365
4.554       0.000221774811737643
4.555       0.000230078385387288
4.556       0.000229883940636465
4.557       0.000219717771940131
4.558       0.000161330560006612
4.559       0.000097022097837823
4.560       0.000051885629688470
4.561       0.000024162394233473
4.562       0.000022935157470927
4.563       0.000040808348336877
4.564       0.000058142162420498
4.565       0.000068967396212871
4.566       0.000075159822114174
4.567       0.000079396666448413
4.568       0.000090161384316528
4.569       0.000111023889570891
4.570       0.000120766199389459
4.571       0.000119498440734796
4.572       0.000121718198604626
4.573       0.000128082406092449
4.574       0.000128585834072492
4.575       0.000108841269702446
4.576       0.000100319000989250
4.577       0.000105212292829532
4.578       0.000121691224733961
4.579       0.000150290378222923
4.580       0.000179832988181132
4.581       0.000180802130048459
4.582       0.000174118745059078
4.583       0.000170940124717371
4.584       0.000171433154146184
4.585       0.000178020997528297
4.586       0.000191682482509260
4.587       0.000200394681395488
4.588       0.000195779049393142
4.589       0.000185336030968535
4.590       0.000174501009663534
4.591       0.000163496517339864
4.592       0.000154735038245504
4.593       0.000151223000577219
4.594       0.000149579537442823
4.595       0.000145242567097768
4.596       0.000136528405565016
4.597       0.000127691408114909
4.598       0.000123110666222816
4.599       0.000120156971608110
4.600       0.000117732661884487
4.601       0.000117902375017998
4.602       0.000119918484643721
4.603       0.000125522193951066
4.604       0.000132512511991003
4.605       0.000134865995863518
4.606       0.000127142938760164
4.607       0.000109045428589361
4.608       0.000087691268763401
4.609       0.000068769827242368
4.610       0.000054963526604196
4.611       0.000049811698860158
4.612       0.000056291234757783
4.613       0.000073453558758846
4.614       0.000097936837990226
4.615       0.000128910886739303
4.616       0.000166679882013465
4.617       0.000202437464739011
4.618       0.000218301925833615
4.619       0.000207129058494793
4.620       0.000175903184678888
4.621       0.000136290530617755
4.622       0.000100223659326187
4.623       0.000069388755232130
4.624       0.000042695170592105
4.625       0.000026034034489687
4.626       0.000022505122093838
4.627       0.000030626730534694
4.628       0.000046215205135411
4.629       0.000062495962349765
4.630       0.000077271965632536
4.631       0.000092213986453635
4.632       0.000104215177847671
4.633       0.000100600727715450
4.634       0.000081717629236713
4.635       0.000059022035775819
4.636       0.000036638906556849
4.637       0.000024636192909151
4.638       0.000027342626487438
4.639       0.000039787173369707
4.640       0.000064961549545939
4.641       0.000110547898242108
4.642       0.000162200683931010
4.643       0.000177802420697731
4.644       0.000137719159598537
4.645       0.000104613976888462
4.646       0.000129913058333014
4.647       0.000179900207413791
4.648       0.000209684752902083
4.649       0.000218251876068515
4.650       0.000216152578807263
4.651       0.000204497484198013
4.652       0.000186931746513699
4.653       0.000167459730301425
4.654       0.000149757903129086
4.655       0.000137340239483062
4.656       0.000136446754506026
4.657       0.000153349639880174
4.658       0.000170114335531619
4.659       0.000175727659703109
4.660       0.000177939617491463
4.661       0.000164227453652063
4.662       0.000143787352719305
4.663       0.000131200575813922
4.664       0.000116981785773768
4.665       0.000099657359112742
4.666       0.000078950387911725
4.667       0.000056518330483549
4.668       0.000036408619796799
4.669       0.000023276567786310
4.670       0.000017596407243940
4.671       0.000016823768782270
4.672       0.000020752644889620
4.673       0.000030531868857729
4.674       0.000038901489258227
4.675       0.000039985625431466
4.676       0.000035294139326521
4.677       0.000027167660763664
4.678       0.000022729504940078
4.679       0.000019183116196067
4.680       0.000016300774138694
4.681       0.000013373473774917
4.682       0.000010050124688719
4.683       0.000007063624178829
4.684       0.000006014828652232
4.685       0.000009441482552247
4.686       0.000024712130799437
4.687       0.000057896898050275
4.688       0.000105602802817295
4.689       0.000162072181558170
4.690       0.000221282953320412
4.691       0.000279154836004492
4.692       0.000324045832758926
4.693       0.000345776944798933
4.694       0.000345108107539294
4.695       0.000327506041829045
4.696       0.000295444803976364
4.697       0.000254625332011343
4.698       0.000218407087993047
4.699       0.000195825662086306
4.700       0.000187004609172790
4.701       0.000194177132250048
4.702       0.000212484800338725
4.703       0.000215112527765945
4.704       0.000190735427411659
4.705       0.000166473057383848
4.706       0.000140419945564768
4.707       0.000122416515001040
4.708       0.000123077315622805
4.709       0.000144639015733389
4.710       0.000190090941624921
4.711       0.000252989464322173
4.712       0.000318324787053792
4.713       0.000367401058557801
4.714       0.000372975049372198
4.715       0.000341232908285860
4.716       0.000295047644805868
4.717       0.000223684563170512
4.718       0.000140721155514945
4.719       0.000085830321193470
4.720       0.000052371155790098
4.721       0.000033088393491892
4.722       0.000021576500386936
4.723       0.000015832942638405
4.724       0.000014224851442168
4.725       0.000015158026415144
4.726       0.000017214118636714
4.727       0.000017912892143718
4.728       0.000016822612768521
4.729       0.000016129639412789
4.730       0.000017561695281616
4.731       0.000022275461550807
4.732       0.000030441868803160
4.733       0.000039778722077909
4.734       0.000049231699551407
4.735       0.000061141858770625
4.736       0.000078289305004323
4.737       0.000100477578602334
4.738       0.000122979562597159
4.739       0.000131813822256840
4.740       0.000104437068249336
4.741       0.000058883566332157
4.742       0.000035035496575013
4.743       0.000025769836222723
4.744       0.000024753894074914
4.745       0.000039607102042510
4.746       0.000088462515301257
4.747       0.000164934842969533
4.748       0.000200136296111889
4.749       0.000182612684151873
4.750       0.000153754666121608
4.751       0.000132223105853896
4.752       0.000118480155382829
4.753       0.000109197560607885
4.754       0.000103070328547925
4.755       0.000099703822487371
4.756       0.000100695788295514
4.757       0.000106062145816016
4.758       0.000114591186889001
4.759       0.000127013528971209
4.760       0.000146101515380609
4.761       0.000178896067270756
4.762       0.000221931589203084
4.763       0.000228200162852858
4.764       0.000222397381793069
4.765       0.000216675405077475
4.766       0.000211587390672743
4.767       0.000205700417886395
4.768       0.000188828404919433
4.769       0.000141356208245597
4.770       0.000104211335707205
4.771       0.000078980174800111
4.772       0.000061354614509679
4.773       0.000049750084601653
4.774       0.000042789432968700
4.775       0.000041188298188780
4.776       0.000049042169595212
4.777       0.000069843287461333
4.778       0.000087850744881948
4.779       0.000107204719446030
4.780       0.000134460023929132
4.781       0.000146470727017164
4.782       0.000158403282252646
4.783       0.000167209694262108
4.784       0.000174619508335012
4.785       0.000176476543010396
4.786       0.000175265050073731
4.787       0.000173353215779846
4.788       0.000167349365895866
4.789       0.000154690077201119
4.790       0.000141514532789322
4.791       0.000132580293270498
4.792       0.000127343549365887
4.793       0.000126184821885500
4.794       0.000124772483220632
4.795       0.000116600740743641
4.796       0.000102352089907137
4.797       0.000082242608300254
4.798       0.000053297597001664
4.799       0.000043199494646484
4.800       0.000089339419712342
4.801       0.000162386227639269
4.802       0.000151145863598386
4.803       0.000140704186086603
4.804       0.000131990008579056
4.805       0.000126493715118582
4.806       0.000125102613470374
4.807       0.000127422054147893
4.808       0.000132945620618871
4.809       0.000142828462833006
4.810       0.000157264749469074
4.811       0.000174193211046142
4.812       0.000192544492499572
4.813       0.000211834217543908
4.814       0.000223833821598865
4.815       0.000217338737768968
4.816       0.000202708682065289
4.817       0.000171192613825172
4.818       0.000118862119939112
4.819       0.000066371881548510
4.820       0.000043106831783338
4.821       0.000061178790277561
4.822       0.000148154383226573
4.823       0.000303683962963708
4.824       0.000381239759720643
4.825       0.000374770838667562
4.826       0.000359759623740769
4.827       0.000344128254336912
4.828       0.000327414454226085
4.829       0.000309974579423139
4.830       0.000291321895822760
4.831       0.000269983234916060
4.832       0.000246017067846147
4.833       0.000214683241823665
4.834       0.000152485889898857
4.835       0.000095258418927685
4.836       0.000056755590377072
4.837       0.000034113755709761
4.838       0.000020187769347070
4.839       0.000012267196977909
4.840       0.000010011606313646
4.841       0.000012309592775296
4.842       0.000019544560354495
4.843       0.000035353521470993
4.844       0.000062670785552055
4.845       0.000101971510979598
4.846       0.000144152951130933
4.847       0.000159645929943553
4.848       0.000140600608744323
4.849       0.000107471393888309
4.850       0.000077462780733811
4.851       0.000061753562900562
4.852       0.000059897317167688
4.853       0.000065921133647208
4.854       0.000079107532731382
4.855       0.000098489920657224
4.856       0.000121879403398278
4.857       0.000151016582569552
4.858       0.000174231862517745
4.859       0.000164993642710665
4.860       0.000126836253091261
4.861       0.000081167807417876
4.862       0.000044883881681501
4.863       0.000025281760281493
4.864       0.000018286604765364
4.865       0.000020923230674742
4.866       0.000032550180287319
4.867       0.000048518115761537
4.868       0.000065398531429922
4.869       0.000093112939840934
4.870       0.000140709615317314
4.871       0.000183219644665583
4.872       0.000205262866567052
4.873       0.000231247752110558
4.874       0.000273803190901256
4.875       0.000319078613275743
4.876       0.000319854548525289
4.877       0.000303663317426817
4.878       0.000287914007377155
4.879       0.000265106720918229
4.880       0.000207549482119734
4.881       0.000165504515596548
4.882       0.000156146615158351
4.883       0.000179093698033206
4.884       0.000225426646603341
4.885       0.000240324885180675
4.886       0.000235450731811727
4.887       0.000227049022830834
4.888       0.000215824376994203
4.889       0.000201025703914309
4.890       0.000181817920180807
4.891       0.000159924966793068
4.892       0.000138448001191893
4.893       0.000119247539638531
4.894       0.000102357706301473
4.895       0.000082074001790583
4.896       0.000061624873445104
4.897       0.000046229229410236
4.898       0.000033723436848328
4.899       0.000023398621622553
4.900       0.000016949938099173
4.901       0.000015042965210219
4.902       0.000020385912113882
4.903       0.000041053613467817
4.904       0.000085123530183695
4.905       0.000141731056907735
4.906       0.000168102840776195
4.907       0.000173754860295534
4.908       0.000170363533165248
4.909       0.000164257206373995
4.910       0.000166979211245526
4.911       0.000177813151255146
4.912       0.000190469646950350
4.913       0.000192297550723104
4.914       0.000186474084170028
4.915       0.000180570086350574
4.916       0.000174378280853017
4.917       0.000159138601860509
4.918       0.000119472595172143
4.919       0.000087046803686847
4.920       0.000074206223892058
4.921       0.000063707753886998
4.922       0.000055771418381672
4.923       0.000059964409612062
4.924       0.000078387162618640
4.925       0.000101878601106137
4.926       0.000120160470050153
4.927       0.000122888889110509
4.928       0.000105653910410036
4.929       0.000078301419805221
4.930       0.000051998635596392
4.931       0.000031193777058867
4.932       0.000021751991001209
4.933       0.000027268793384813
4.934       0.000043480904583629
4.935       0.000065404277044434
4.936       0.000093549489494749
4.937       0.000126347007618821
4.938       0.000157364459772824
4.939       0.000185205926960794
4.940       0.000209057508121571
4.941       0.000224356219142519
4.942       0.000228328535649545
4.943       0.000215879918556677
4.944       0.000184460024534372
4.945       0.000144717538667405
4.946       0.000110505116545534
4.947       0.000088196528035295
4.948       0.000077159951028072
4.949       0.000073324406158661
4.950       0.000074748814455006
4.951       0.000080880776902645
4.952       0.000088498904005710
4.953       0.000092777710377125
4.954       0.000089967249640437
4.955       0.000077973233920184
4.956       0.000058185243084805
4.957       0.000036183554745300
4.958       0.000020473725224391
4.959       0.000017034230678201
4.960       0.000021298563170413
4.961       0.000024224690407022
4.962       0.000023761749240263
4.963       0.000022908442747830
4.964       0.000023412090580131
4.965       0.000026922480661523
4.966       0.000034960697459778
4.967       0.000047874393246522
4.968       0.000064994505713581
4.969       0.000085797722271477
4.970       0.000110689478044768
4.971       0.000142531088973497
4.972       0.000183256389746672
4.973       0.000215508925389345
4.974       0.000224452962407775
4.975       0.000228083762830445
4.976       0.000230249673407020
4.977       0.000231021452010389
4.978       0.000229885830394381
4.979       0.000226235425608637
4.980       0.000219903398269182
4.981       0.000211569083525008
4.982       0.000200911845718951
4.983       0.000180912830877261
4.984       0.000144145172560450
4.985       0.000105475769507965
4.986       0.000083456867732090
4.987       0.000074216091135922
4.988       0.000079003142620299
4.989       0.000101932671039556
4.990       0.000150939246650550
4.991       0.000223494074715058
4.992       0.000281361161117336
4.993       0.000300966393709273
4.994       0.000316552034611325
4.995       0.000323878817807793
4.996       0.000292670385530713
4.997       0.000213419126686210
4.998       0.000158231464676389
4.999       0.000119099182411375
5.000       0.000091557214042901
