# author : Ric Davies
# source : Ric Davies
# date_created : 2017-11-20
# date_modified : 2017-11-20
# status : Design, pre PDR list of filters
# type : filter:transmission
# center : 2.099146152460565
# width : 0.10135666830970126
# blue_cutoff : 2.0484678183057143
# red_cutoff : 2.1498244866154153
#  
wavelength transmission
1.97 0.0000
1.971 0.0000
1.972 0.0001
1.973 0.000100177
1.974 0.000100398
1.975 0.00010062
1.976 0.000100841
1.977 0.000101063
1.978 0.000101285
1.979 0.000101506
1.98 0.000101728
1.981 0.000101949
1.982 0.000102171
1.983 0.000102392
1.984 0.000102614
1.985 0.000102836
1.986 0.000103057
1.987 0.000103279
1.988 0.0001035
1.989 0.000103722
1.99 0.000103943
1.991 0.000104165
1.992 0.000104387
1.993 0.000104608
1.994 0.00010483
1.995 0.000105051
1.996 0.000105273
1.997 0.000105494
1.998 0.000111061
1.999 0.000119736
2.0 0.000128412
2.001 0.000137087
2.002 0.000149576
2.003 0.000175822
2.004 0.000202068
2.005 0.000228314
2.006 0.00025456
2.007 0.000280806
2.008 0.000307051
2.009 0.000333297
2.01 0.000359543
2.011 0.000385789
2.012 0.000412035
2.013 0.000438281
2.014 0.000464527
2.015 0.000540908
2.016 0.000689645
2.017 0.000838381
2.018 0.000987118
2.019 0.00113585
2.02 0.00128459
2.021 0.00143333
2.022 0.00158206
2.023 0.0017308
2.024 0.00187954
2.025 0.00202827
2.026 0.00217701
2.027 0.00236427
2.028 0.00325727
2.029 0.00415028
2.03 0.00504328
2.031 0.00593629
2.032 0.00682929
2.033 0.0077223
2.034 0.0086153
2.035 0.00950831
2.036 0.0104439
2.037 0.0162512
2.038 0.0220585
2.039 0.0278658
2.04 0.0336731
2.041 0.0394804
2.042 0.0452877
2.043 0.0522671
2.044 0.0715582
2.045 0.0952568
2.046 0.119806
2.047 0.174347
2.048 0.257198
2.049 0.36496
2.05 0.519035
2.051 0.740543
2.052 0.837147
2.053 0.846562
2.054 0.854182
2.055 0.859235
2.056 0.861919
2.057 0.86454
2.058 0.866282
2.059 0.868025
2.06 0.869021
2.061 0.869544
2.062 0.86986
2.063 0.869079
2.064 0.868299
2.065 0.866688
2.066 0.864729
2.067 0.862552
2.068 0.859729
2.069 0.856905
2.07 0.853751
2.071 0.850514
2.072 0.847313
2.073 0.844181
2.074 0.84105
2.075 0.838457
2.076 0.835931
2.077 0.833847
2.078 0.832331
2.079 0.830816
2.08 0.830532
2.081 0.830269
2.082 0.830692
2.083 0.831725
2.084 0.832842
2.085 0.835005
2.086 0.837167
2.087 0.839816
2.088 0.842762
2.089 0.84576
2.09 0.849018
2.091 0.852277
2.092 0.855385
2.093 0.858434
2.094 0.861301
2.095 0.863653
2.096 0.866005
2.097 0.867491
2.098 0.868769
2.099 0.869596
2.1 0.869596
2.101 0.869596
2.102 0.868447
2.103 0.867169
2.104 0.865412
2.105 0.863061
2.106 0.860709
2.107 0.857666
2.108 0.854617
2.109 0.851456
2.11 0.848198
2.111 0.844966
2.112 0.84202
2.113 0.839074
2.114 0.836622
2.115 0.83446
2.116 0.832497
2.117 0.831464
2.118 0.830432
2.119 0.830336
2.12 0.830598
2.121 0.831198
2.122 0.832713
2.123 0.834228
2.124 0.836568
2.125 0.839094
2.126 0.841839
2.127 0.844971
2.128 0.848102
2.129 0.85133
2.13 0.854567
2.131 0.857616
2.132 0.86044
2.133 0.863263
2.134 0.865222
2.135 0.867181
2.136 0.868496
2.137 0.869276
2.138 0.869935
2.139 0.869412
2.14 0.868889
2.141 0.867586
2.142 0.865843
2.143 0.863926
2.144 0.861242
2.145 0.858559
2.146 0.852727
2.147 0.845742
2.148 0.819927
2.149 0.68926
2.15 0.537689
2.151 0.364907
2.152 0.248559
2.153 0.17533
2.154 0.123013
2.155 0.099114
2.156 0.0782444
2.157 0.0647381
2.158 0.0512357
2.159 0.0457984
2.16 0.0403612
2.161 0.0349239
2.162 0.0294867
2.163 0.0240494
2.164 0.0186122
2.165 0.0131749
2.166 0.0106926
2.167 0.00972497
2.168 0.00875731
2.169 0.00778964
2.17 0.00682197
2.171 0.00585431
2.172 0.00488664
2.173 0.00391897
2.174 0.0029513
2.175 0.00240164
2.176 0.00227531
2.177 0.00214898
2.178 0.00202265
2.179 0.00189633
2.18 0.00177
2.181 0.00164367
2.182 0.00151735
2.183 0.00139102
2.184 0.00126469
2.185 0.00113836
2.186 0.00101204
2.187 0.000885708
2.188 0.000759381
2.189 0.000633053
2.19 0.000521215
2.191 0.00049463
2.192 0.000468045
2.193 0.00044146
2.194 0.000414875
2.195 0.00038829
2.196 0.000361705
2.197 0.00033512
2.198 0.000308535
2.199 0.00028195
2.2 0.000255365
2.201 0.000231577
2.202 0.000221569
2.203 0.00021156
2.204 0.000201552
2.205 0.000191543
2.206 0.000181535
2.207 0.000171526
2.208 0.000161518
2.209 0.00015151
2.21 0.000141501
2.211 0.000134368
2.212 0.00013339
2.213 0.000132412
2.214 0.000131434
2.215 0.000130457
2.216 0.000129479
2.217 0.000128501
2.218 0.000127523
2.219 0.000126545
2.220 0.000125568
2.221 0.00012459
2.222 0.000123612
2.223 0.000122634
2.224 0.000121656
2.225 0.000120679
2.226 0.000119701
2.227 0.000118723
2.228 0.000117745
2.229 0.000116767
2.23 0.00011579
2.231 0.000114812
2.232 0.000113834
2.233 0.000112856
2.234 0.000111878
2.235 0.000110901
2.236 0.000109923
2.237 0.000108945
2.238 0.000107967
2.239 0.000106989
2.24 0.000106012
2.241 0.000105034
2.242 0.000104056
2.243 0.000103078
2.244 0.0001021
2.245 0.000101123
2.246 0.000100145
2.247 0.0001
2.248 0.0000
2.249 0.0000
