wavelength  transmission
3600 0.8788919592031336 0.8050995211003296 0.739921071348595
3610 0.8812589257952023 0.8083331677873401 0.742532390066949
3620 0.8835738565884634 0.8115951913483475 0.7454308484918168
3630 0.8858371644117842 0.8148812744344243 0.7485966627879513
3640 0.8880492620940307 0.818187099696643 0.7520100491201057
3650 0.8902105624640693 0.8215083497860759 0.7556512236530326
3660 0.8923214783507667 0.824840707353796 0.7595004025514852
3670 0.8943824225829892 0.8281798550508751 0.7635378019802166
3680 0.8963938079896036 0.8315214755283865 0.7677436381039796
3690 0.898356047399476 0.8348612514374023 0.7720981270875272
3700 0.9002695536414733 0.8381948654289949 0.7765814850956125
3710 0.9021347395444617 0.841518000154237 0.7811739282929886
3720 0.9039520179373078 0.8448263382642008 0.7858556728444084
3730 0.9057218016488778 0.8481155624099597 0.7906069349146249
3740 0.9074445035080385 0.8513813552425853 0.7954079306683908
3750 0.9091205363436565 0.8546193994131501 0.8002388762704596
3760 0.9107503129845982 0.8578253775727273 0.8050799878855841
3770 0.9123342462597298 0.8609949723723889 0.8099114816785172
3780 0.9138727489979179 0.8641238664632077 0.814713573814012
3790 0.9153662340280293 0.8672077424962561 0.8194664804568211
3800 0.9168151141789304 0.8702422831226065 0.8241504177716984
3810 0.9182198022794874 0.8732231709933315 0.8287456019233962
3820 0.9195807111585668 0.8761460887595034 0.8332322490766673
3830 0.9208982536450354 0.8790067190721953 0.8375905753962655
3840 0.9221728425677594 0.8818007445824793 0.8418011801687613
3850 0.9234048907556053 0.8845238479414277 0.8458550063683508
3860 0.9245948110374402 0.8871717118001134 0.8497542708709693
3870 0.92574301624213 0.8897400188096087 0.8535017601497836
3880 0.9268499191985409 0.8922244516209866 0.8571002606779604
3890 0.9279159327355402 0.8946206928853191 0.8605525589286667
3900 0.9289414724292002 0.8969246880400306 0.863861441375069
3910 0.9299270014487754 0.8991356059246385 0.8670296944903347
3920 0.9308730232306512 0.9012547779096817 0.8700601047476304
3930 0.9317800424803659 0.9032835753231467 0.8729554586201227
3940 0.9326485639034569 0.9052233694930211 0.8757185425809794
3950 0.9334790922054614 0.9070755317472918 0.8783521431033664
3960 0.9342721320919177 0.9088414334139455 0.8808590466604511
3970 0.9350281882683628 0.9105224458209696 0.8832420397254
3980 0.9357477654403344 0.9121199402963508 0.8855039087713803
3990 0.9364313683133705 0.9136352881680767 0.8876474402715587
4000 0.937079501593008 0.9150698607641335 0.8896754206991021
4010 0.9376926699847847 0.9164250294125091 0.8915906365271776
4020 0.9382713781942386 0.9177021654411899 0.8933958742289515
4030 0.938816130926907 0.9189026401781628 0.8950939202775915
4040 0.9393274328883272 0.9200278249514159 0.8966875611462636
4050 0.9398057887840374 0.921079091088935 0.8981795833081354
4060 0.9402517033195749 0.9220578099187083 0.8995727732363735
4070 0.9406656812004771 0.9229653527687217 0.9008699174041445
4080 0.9410482271322815 0.9238030909669632 0.9020738022846155
4090 0.9413998458205265 0.924572395841419 0.9031872143509537
4100 0.9417210419707488 0.9252746387200768 0.9042129400763254
4110 0.9420123202884859 0.9259111909309232 0.9051537659338977
4120 0.9422741854792764 0.9264834238019455 0.9060124763714394
4130 0.942507142248657 0.9269927086611306 0.9067914371920631
4140 0.9427116953021657 0.9274404168364658 0.9074920853672653
4150 0.9428883493453399 0.9278279196559377 0.908115732996566
4160 0.943037609083717 0.9281565884475338 0.9086636921794855
4170 0.9431599792228351 0.9284277945392407 0.9091372750155443
4180 0.9432559644682316 0.9286429092590455 0.909537793604263
4190 0.943326069525444 0.9288033039349358 0.9098665600451619
4200 0.9433707991000096 0.928910349894898 0.910124886437761
4210 0.9433906578974666 0.9289654184669194 0.9103140848815813
4220 0.9433861506233523 0.9289698809789871 0.9104354674761428
4230 0.9433577819832035 0.928925108759088 0.910490346320966
4240 0.943306057175595 0.9288324731352091 0.9104800335155716
4250 0.9432315198558855 0.9286933454353374 0.9104058411594794
4260 0.9431347790424919 0.9285090969874603 0.9102690813522103
4270 0.943016450107416 0.9282810991195644 0.9100710661932842
4280 0.9428771484226594 0.928010723159637 0.9098131077822218
4290 0.9427174893602238 0.9276993404356652 0.9094965182185436
4300 0.9425380882921116 0.9273483222756358 0.9091226096017698
4310 0.9423395605903238 0.926959040007536 0.9086926940314209
4320 0.9421225216268622 0.9265328649593527 0.9082080836070172
4330 0.9418875867737291 0.9260711684590729 0.9076700904280793
4340 0.9416353714029257 0.9255753218346838 0.9070800265941271
4350 0.9413664908864539 0.925046693645721 0.9064392042046816
4360 0.9410815605963154 0.9244865124176133 0.9057489353592626
4370 0.940781195904512 0.9238958034187449 0.9050105321573911
4380 0.9404660121830456 0.9232755759516146 0.9042253066985871
4390 0.9401366248039176 0.9226268393187212 0.903394571082371
4400 0.93979364913913 0.9219506028225644 0.9025196374082632
4410 0.9394377005606844 0.9212478757656429 0.9016018177757843
4420 0.9390693944405825 0.9205196674504558 0.9006424242844546
4430 0.9386893461508262 0.9197669871795021 0.8996427690337943
4440 0.9382981710634173 0.9189908442552808 0.898604164123324
4450 0.9378964845503571 0.9181922479802912 0.8975279216525638
4460 0.9374849019836476 0.9173722076570324 0.8964153537210348
4470 0.9370640387352912 0.9165317325880029 0.8952677724282566
4480 0.9366345101772887 0.9156718320757022 0.8940864898737498
4490 0.936196931681642 0.9147935154226294 0.8928728181570352
4500 0.9357519186203531 0.9138977919312834 0.8916280693776326
4510 0.9353000863654237 0.9129856709041634 0.8903535556350627
4520 0.9348420502888555 0.9120581616437679 0.889050589028846
4530 0.9343784257626501 0.9111162734525968 0.8877204816585027
4540 0.9339098281588094 0.9101610156331486 0.8863645456235534
4550 0.9334368728493352 0.9091933974879227 0.8849840930235183
4560 0.9329601752062291 0.9082144283194179 0.8835804359579176
4570 0.9324803506014929 0.9072251174301331 0.8821548865262722
4580 0.9319980144071285 0.9062264741225678 0.880708756828102
4590 0.931513781995137 0.9052195076992207 0.8792433589629278
4600 0.931028268737521 0.9042052274625914 0.8777600050302696
4610 0.930542090006282 0.9031846427151782 0.8762600071296481
4620 0.930055861173421 0.9021587627594807 0.8747446773605837
4630 0.9295701976109406 0.9011285968979975 0.8732153278225966
4640 0.9290857146908423 0.9000951544332282 0.871673270615207
4650 0.9286030277851278 0.8990594446676715 0.8701198178379361
4660 0.9281227522657989 0.8980224769038265 0.8685562815903033
4670 0.9276455035048572 0.8969852604441924 0.8669839739718298
4680 0.9271718968743047 0.8959488045912678 0.8654042070820354
4690 0.9267025477461429 0.8949141186475527 0.8638182930204406
4700 0.9262380714923734 0.8938822119155452 0.862227543886566
4710 0.925779083484998 0.8928540936977446 0.860633271779932
4720 0.9253261990960192 0.8918307732966507 0.8590367888000587
4730 0.9248800336974377 0.8908132600147612 0.8574394070464669
4740 0.9244412026612556 0.8898025631545764 0.8558424386186769
4750 0.924010321359475 0.8887996920185945 0.8542471956162088
4760 0.923588005164097 0.8878056559093154 0.8526550105231834
4770 0.9231748694471238 0.8868214641292372 0.8510677499255802
4780 0.9227715295805574 0.8858481259808596 0.8494878534956017
4790 0.9223786009363986 0.8848866507666816 0.8479177890990567
4800 0.9219966988866501 0.8839380477892019 0.846360024601753
4810 0.9216264388033131 0.8830033263509198 0.8448170278694981
4820 0.9212684360583893 0.8820834957543344 0.8432912667681007
4830 0.920923306023881 0.881179565301945 0.841785209163369
4840 0.9205916640717892 0.88029254429625 0.8403013229211104
4850 0.9202741255741161 0.8794234420397492 0.8388420759071336
4860 0.9199713059028635 0.8785732678349407 0.8374099359872464
4870 0.9196838204300329 0.8777430309843247 0.8360073710272569
4880 0.9194122845276258 0.8769337407903994 0.834636848892973
4890 0.9191573067342114 0.8761464065556643 0.833300837450203
4900 0.9189191611736682 0.8753820375826181 0.8320018045647553
4910 0.9186976429677888 0.8746416431737603 0.8307422181024373
4920 0.9184925103119315 0.8739262326315895 0.8295245459290576
4930 0.9183035214014541 0.8732368152586052 0.8283512559104241
4940 0.9181304344317153 0.872574400357306 0.8272248159123449
4950 0.9179730075980731 0.8719399972301914 0.826147693800628
4960 0.9178309990958853 0.8713346151797601 0.8251223574410813
4970 0.9177041671205102 0.8707592635085114 0.8241512746995135
4980 0.9175922698673064 0.8702149515189442 0.8232369134417321
4990 0.9174950655316316 0.8697026885135578 0.8223817415335453
5000 0.9174123123088443 0.8692234837948509 0.8215882268407613
5010 0.9173437683943022 0.8687783466653228 0.8208588372291882
5020 0.917289191983364 0.8683682864274724 0.8201960405646338
5030 0.9172483412713875 0.867994312383799 0.8196023047129065
5040 0.917220974453731 0.8676574338368013 0.8190800975398144
5050 0.9172068497257527 0.8673586600889784 0.8186318869111651
5060 0.917205725282811 0.8670990004428301 0.8182601406927673
5070 0.917217359320263 0.8668793659558793 0.8179670988243725
5080 0.9172415100334682 0.8666996391219925 0.8177521846938443
5090 0.9172779356177843 0.8665590890581212 0.8176129220285931
5100 0.9173263942685689 0.8664569766946211 0.8175467989717617
5110 0.9173866441811809 0.8663925629618474 0.8175513036664923
5120 0.9174584435509784 0.8663651087901559 0.8176239242559276
5130 0.9175415505733189 0.8663738751099017 0.8177621488832099
5140 0.9176357234435611 0.8664181228514402 0.8179634656914817
5150 0.9177407203570633 0.8664971129451272 0.818225362823885
5160 0.9178562995091835 0.8666101063213176 0.8185453284235633
5170 0.9179822190952797 0.8667563639103675 0.8189208506336579
5180 0.9181182373107104 0.8669351466426319 0.8193494175973124
5190 0.9182641123508333 0.8671457154484664 0.8198285174576682
5200 0.9184196024110066 0.8673873312582265 0.8203556383578684
5210 0.9185844656865889 0.8676592550022675 0.8209282684410553
5220 0.9187584603729382 0.867960747610945 0.8215438958503711
5230 0.9189413446654126 0.8682910700146143 0.8222000087289587
5240 0.91913287675937 0.8686494831436308 0.8228940952199604
5250 0.919332814850169 0.8690352479283502 0.8236236434665187
5260 0.9195409171331679 0.8694476252991279 0.8243861416117759
5270 0.919756941803724 0.8698858761863189 0.8251790777988744
5280 0.9199806470571965 0.8703492615202792 0.825999940170957
5290 0.9202117910889429 0.8708370422313639 0.8268462168711659
5300 0.9204501320943215 0.871348479249929 0.8277153960426437
5310 0.9206954282686906 0.8718828335063291 0.8286049658285327
5320 0.9209474378074082 0.8724393659309201 0.8295124143719753
5330 0.9212059189058325 0.8730173374540576 0.8304352298161142
5340 0.9214706297593217 0.8736160090060966 0.8313709003040917
5350 0.9217413285632341 0.8742346415173932 0.8323169139790504
5360 0.9220177735129277 0.8748724959183022 0.8332707971080693
5370 0.9222997228037607 0.8755288331391793 0.8342311104383824
5380 0.9225869346310913 0.87620291411038 0.8351975451768473
5390 0.9228791671902777 0.8768939997622596 0.8361698498975371
5400 0.9231761786766776 0.8776013510251738 0.8371477731745245
5410 0.9234777272856496 0.8783242288294777 0.838131063581882
5420 0.9237835712125523 0.8790618941055272 0.839119469693682
5430 0.9240934686527431 0.8798136077836772 0.8401127400839977
5440 0.9244071778015802 0.8805786307942834 0.8411106233269015
5450 0.9247244568544223 0.8813562240677015 0.8421128679964658
5460 0.9250450640066271 0.8821456485342866 0.8431192226667635
5470 0.9253687574535534 0.8829461651243943 0.8441294359118676
5480 0.9256952953905585 0.8837570347683799 0.8451432563058501
5490 0.926024436013001 0.884577518396599 0.8461604324227838
5500 0.9263559375162391 0.8854068769394068 0.8471807128367418
5510 0.9266895580956314 0.886244371327159 0.8482038461217963
5520 0.9270250559465346 0.8870892624902112 0.8492295808520202
5530 0.9273621892643084 0.8879408113589184 0.850257665601486
5540 0.9277007162443102 0.8887982788636366 0.8512878489442662
5550 0.9280403950818983 0.8896609259347206 0.852319879454434
5560 0.9283809839724311 0.8905280135025262 0.8533535057060615
5570 0.9287222411112663 0.8913988024974092 0.8543884762732217
5580 0.9290639246937628 0.8922725538497243 0.855424539729987
5590 0.929405792915278 0.8931485284898273 0.8564614446504301
5600 0.9297476039711704 0.8940259873480739 0.857498939608624
5610 0.9300891160567983 0.8949041913548189 0.8585367731786409
5620 0.9304300873675194 0.8957824014404183 0.8595746939345538
5630 0.9307702760986923 0.8966598785352274 0.8606124504504349
5640 0.9311094404456753 0.8975358835696016 0.8616497913003573
5650 0.9314473406003875 0.8984096774738963 0.8626864650583939
5660 0.9317838301221143 0.8992805211784671 0.8637222202986163
5670 0.9321188938489593 0.9001476756136697 0.864756805595098
5680 0.9324525264749901 0.901010401709859 0.8657899695219117
5690 0.9327847226942766 0.9018679603973904 0.8668214606531296
5700 0.9331154772008867 0.9027196126066199 0.8678510275628246
5710 0.9334447846888894 0.9035646192679024 0.8688784188250694
5720 0.9337726398523534 0.9044022413115937 0.8699033830139367
5730 0.9340990373853475 0.9052317396680495 0.8709256687034987
5740 0.9344239719819405 0.9060523752676246 0.8719450244678284
5750 0.9347474383362002 0.9068634090406745 0.8729611988809988
5760 0.9350694311421968 0.9076641019175551 0.8739739405170819
5770 0.9353899450939978 0.9084537148286216 0.8749829979501507
5780 0.9357089748856724 0.9092315087042295 0.8759881197542778
5790 0.9360265152112892 0.909996744474734 0.8769890545035358
5800 0.9363425607649167 0.9107486883206737 0.8779855507719974
5810 0.9366571062406241 0.9114869436859852 0.8789773571337356
5820 0.9369701463324799 0.9122116499860944 0.8799642221628223
5830 0.9372816757345528 0.912922994321171 0.8809458944333306
5840 0.9375916891409112 0.9136211637913849 0.8819221225193332
5850 0.9379001812456244 0.9143063454969064 0.8828926549949025
5860 0.9382071467427601 0.9149787265379048 0.883857240434112
5870 0.9385125803263883 0.9156384940145507 0.8848156274110328
5880 0.9388164766905768 0.9162858350270136 0.8857675644997388
5890 0.9391188305293947 0.9169209366754636 0.8867128002743023
5900 0.9394196365369105 0.9175439860600709 0.8876510833087959
5910 0.9397188894071931 0.9181551702810048 0.8885821621772922
5920 0.940016583834311 0.918754676438436 0.8895057854538643
5930 0.9403127145123332 0.9193426916325339 0.8904217017125842
5940 0.9406072761353277 0.9199194029634684 0.891329659527525
5950 0.9409002633973641 0.9204849975314096 0.892229407472759
5960 0.9411916709925107 0.9210396624365276 0.8931206941223591
5970 0.941481493614836 0.9215835847789922 0.894003268050398
5980 0.9417697259584089 0.922116951658973 0.8948768778309483
5990 0.9420563627172984 0.9226399501766408 0.8957412720380825
6000 0.9423413985855728 0.9231527674321648 0.8965961992458736
6010 0.9426248282573009 0.9236555905257149 0.8974414080283939
6020 0.9429066464265514 0.9241486065574616 0.8982766469597162
6030 0.9431868477873933 0.9246320026275743 0.8991016646139129
6040 0.9434654270338948 0.9251059658362231 0.8999162096527413
6050 0.9437423788601251 0.925570683283578 0.9007201066866969
6060 0.9440176979601523 0.9260263420698088 0.901513395081581
6070 0.9442913790280457 0.9264731292950859 0.9022961518947572
6080 0.9445634167578739 0.9269112320595786 0.9030684541835887
6090 0.9448338058437051 0.9273408374634571 0.9038303790054392
6100 0.9451025409796088 0.9277621326068913 0.9045820034176721
6110 0.9453696168596529 0.9281753045900514 0.905323404477651
6120 0.9456350281779068 0.9285805405131073 0.9060546592427393
6130 0.9458987696284388 0.9289780274762286 0.9067758447703008
6140 0.9461608359053176 0.9293679525795854 0.9074870381176986
6150 0.9464212217026119 0.9297505029233475 0.9081883163422965
6160 0.9466799217143907 0.9301258656076853 0.9088797565014576
6170 0.9469369306347226 0.9304942277327681 0.9095614356525455
6180 0.9471922431576761 0.930855776398766 0.9102334308529241
6190 0.94744585397732 0.9312106987058496 0.9108958191599567
6200 0.9476977577877231 0.931559181754188 0.9115486776310067
6210 0.947947949282954 0.9319014126439517 0.9121920833234373
6220 0.9481964231570816 0.93223757847531 0.9128261132946127
6230 0.9484431741041744 0.9325678663484336 0.9134508446018959
6240 0.9486881968183012 0.9328924633634917 0.9140663543026504
6250 0.9489314859935304 0.9332115566206551 0.9146727194542399
6260 0.9491730363239309 0.9335253332200927 0.9152700171140279
6270 0.9494128425035719 0.9338339802619753 0.9158583243393777
6280 0.9496508992265214 0.9341376848464725 0.9164377181876528
6290 0.9498872011868483 0.9344366340737543 0.9170082757162171
6300 0.9501217430786213 0.9347310150439904 0.9175700739824335
6310 0.9503545195959096 0.9350210148573511 0.9181231900436659
6320 0.9505855254327811 0.9353068206140062 0.9186677009572778
6330 0.950814755283305 0.9355886194141256 0.9192036837806328
6340 0.9510422038415499 0.9358665983578789 0.9197312155710937
6350 0.951267865801585 0.9361409445454364 0.9202503733860247
6360 0.951491735857478 0.9364118450769686 0.9207612342827891
6370 0.951713808703298 0.9366794870526441 0.9212638753187505
6380 0.9519340790333747 0.936944057572634 0.9217583735512722
6390 0.9521525440969013 0.937205743737108 0.9222448060377177
6400 0.9523692099687894 0.9374647326462355 0.9227232498354505
6410 0.9525840846283588 0.9377212114001868 0.9231937820018343
6420 0.952797176054929 0.937975367099132 0.9236564795942324
6430 0.9530084922278198 0.9382273868432409 0.9241114196700085
6440 0.9532180411263511 0.9384774577326833 0.9245586792865259
6450 0.953425830729842 0.9387257668655347 0.9249983355011482
6460 0.9536318690176125 0.9389724670632222 0.9254304653712386
6470 0.9538361639689824 0.9392175898813727 0.925855145954161
6480 0.9540387235632714 0.9394611400710873 0.926272454307279
6490 0.9542395557797989 0.9397031223834671 0.9266824674879556
6500 0.9544386685978851 0.9399435415696131 0.9270852625535545
6510 0.9546360699968491 0.9401824023806269 0.9274809165614394
6520 0.954831767956011 0.940419709567609 0.9278695065689735
6530 0.9550257704546903 0.9406554678816617 0.9282511096335203
6540 0.9552180854722067 0.9408896820738852 0.9286258028124438
6550 0.9554087209878798 0.9411223568953808 0.9289936631631072
6560 0.9555976849810295 0.9413534970972502 0.9293547677428735
6570 0.9557849854309752 0.9415831074305944 0.929709193609107
6580 0.9559706303170369 0.9418111926465144 0.9300570178191706
6590 0.9561546276185342 0.9420377574961112 0.9303983174304281
6600 0.9563369853147868 0.9422628067304865 0.9307331695002429
6610 0.9565177113851142 0.9424863451007414 0.9310616510859786
6620 0.9566968138088364 0.9427083773579764 0.9313838392449983
6630 0.9568743005652725 0.9429289082532937 0.9316998110346663
6640 0.957050179633743 0.9431479425377934 0.9320096435123452
6650 0.9572244589935669 0.943365484962578 0.932313413735399
6660 0.957397146624064 0.9435815402787476 0.932611198761191
6670 0.9575682505045545 0.9437961132374036 0.9329030756470852
6680 0.9577377786143575 0.9440092085896475 0.9331891214504443
6690 0.9579057389327932 0.9442208310865803 0.9334694132286323
6700 0.9580721394391807 0.944430985479303 0.9337440280390126
6710 0.9582369881128403 0.9446396765189173 0.9340130429389487
6720 0.9584002929330909 0.9448469089565239 0.9342765349858041
6730 0.958562061879253 0.945052687543224 0.9345345812369422
6740 0.9587223029306459 0.9452570170301192 0.9347872587497269
6750 0.9588810240665893 0.9454599021683106 0.9350346445815211
6760 0.9590382332664029 0.9456613477088989 0.9352768157896886
6770 0.9591939385094064 0.9458613584029856 0.9355138494315929
6780 0.9593481477749194 0.9460599390016717 0.9357458225645972
6790 0.959500869042262 0.9462570942560591 0.9359728122460658
6800 0.959652110290753 0.946452828917248 0.9361948955333612
6810 0.9598018794997132 0.9466471477363402 0.9364121494838474
6820 0.9599501846484612 0.9468400554644367 0.9366246511548884
6830 0.9600970337163175 0.9470315568526387 0.9368324776038465
6840 0.9602424346826016 0.9472216566520474 0.9370357058880859
6850 0.960386395526633 0.9474103596137639 0.9372344130649706
6860 0.9605289242277316 0.9475976704888894 0.9374286761918629
6870 0.960670028765217 0.9477835940285254 0.9376185723261273
6880 0.9608097171184086 0.9479681349837726 0.9378041785251269
6890 0.9609479972666264 0.9481512981057326 0.9379855718462252
6900 0.9610848771891901 0.9483330881455064 0.9381628293467856
6910 0.9612203648654193 0.9485135098541949 0.9383360280841719
6920 0.9613544682746334 0.9486925679828998 0.9385052451157474
6930 0.9614871953961529 0.9488702672827222 0.9386705574988755
6940 0.9616185542092965 0.9490466125047629 0.9388320422909203
6950 0.9617485526933847 0.9492216084001233 0.9389897765492443
6960 0.9618771988277369 0.9493952597199046 0.9391438373312118
6970 0.9620045005916724 0.9495675712152083 0.9392943016941858
6980 0.9621304659645115 0.949738547637135 0.9394412466955302
6990 0.9622551029255733 0.9499081937367864 0.9395847493926082
7000 0.9623784194541777 0.9500765142652631 0.9397248868427835
7010 0.9625004235296448 0.9502435139736667 0.9398617361034194
7020 0.9626211231312939 0.9504091976130986 0.9399953742318794
7030 0.9627405262384447 0.9505735699346595 0.9401258782855272
7040 0.9628586408304171 0.9507366356894508 0.9402533253217265
7050 0.9629754748865305 0.9508983996285737 0.94037779239784
7060 0.9630910363861044 0.9510588665031294 0.940499356571232
7070 0.9632053333084591 0.951218041064219 0.9406180948992655
7080 0.9633183736329137 0.951375928062944 0.9407340844393044
7090 0.9634301653387884 0.9515325322504049 0.9408474022487118
7100 0.9635407164054027 0.9516878583777035 0.9409581253848514
7110 0.9636500348120761 0.9518419111959409 0.9410663309050866
7120 0.9637581285381287 0.951994695456218 0.9411720958667811
7130 0.9638650055628796 0.9521462159096362 0.9412754973272984
7140 0.9639706738656488 0.9522964773072966 0.9413766123440018
7150 0.9640751414257558 0.9524454844003005 0.9414755179742548
7160 0.9641784162225209 0.9525932419397493 0.9415722912754207
7170 0.9642805062352632 0.9527397546767432 0.9416670093048639
7180 0.9643814194433026 0.9528850273623847 0.9417597491199468
7190 0.9644811638259583 0.9530290647477742 0.9418505877780331
7200 0.9645797473625507 0.9531718715840128 0.9419396023364871
7210 0.9646771780323993 0.9533134526222021 0.9420268698526715
7220 0.9647734638148234 0.9534538126134434 0.94211246738395
7230 0.9648686126891435 0.9535929563088372 0.9421964719876864
7240 0.9649626326346783 0.9537308884594853 0.9422789607212435
7250 0.965055531630748 0.9538676138164887 0.9423600106419857
7260 0.9651473176566723 0.9540031371309485 0.9424396988072757
7270 0.9652379986917707 0.9541374631539659 0.9425181022744776
7280 0.9653275827153631 0.9542705966366424 0.9425952981009544
7290 0.965416077706769 0.9544025423300787 0.94267136334407
7300 0.9655034916453084 0.9545333049853761 0.9427463750611876
7310 0.9655898325103005 0.9546628893536363 0.9428204103096708
7320 0.9656751082810655 0.9547913001859594 0.9428935461468831
7330 0.9657593269369225 0.9549185422334476 0.9429658596301881
7340 0.9658424964571918 0.9550446202472019 0.9430374278169494
7350 0.9659246248211925 0.9551695389783234 0.94310832776453
7360 0.9660057200082448 0.9552933031779131 0.9431786365302939
7370 0.9660857899976683 0.9554159175970722 0.9432484311716043
7380 0.9661648427687823 0.9555373869869022 0.9433177887458248
7390 0.966242886300907 0.9556577160985039 0.9433867863103188
7400 0.9663199285733617 0.9557769096829785 0.9434555009224501
7410 0.966395977565466 0.9558949724914277 0.9435240096395819
7420 0.96647104125654 0.9560119092749522 0.943592389519078
7430 0.9665451276259031 0.9561277247846531 0.9436607176183012
7440 0.9666182446528754 0.956242423771632 0.943729070994616
7450 0.966690400316776 0.9563560109869899 0.943797526705385
7460 0.9667616025969247 0.9564684911818278 0.9438661618079723
7470 0.9668318594726415 0.9565798691072471 0.9439350533597411
7480 0.9669011789232461 0.9566901495143489 0.944004278418055
7490 0.9669695689280579 0.9567993371542347 0.9440739140402775
7500 0.9670370374663964 0.9569074367780053 0.9441440372837717
7510 0.9671035925175819 0.9570144531367619 0.944214725205902
7520 0.9671692420609339 0.9571203909816057 0.944286054864031
7530 0.9672339940757717 0.9572252550636383 0.9443581033155228
7540 0.9672978565414152 0.9573290501339601 0.9444309433590877
7550 0.9673608374371843 0.957431780943673 0.9445045945790418
7560 0.9674229447423981 0.957533452243878 0.944579040381186
7570 0.9674841864363771 0.9576340687856759 0.9446542634796766
7580 0.9675445704984406 0.9577336353201684 0.9447302465886693
7590 0.967604104907908 0.9578321565984567 0.9448069724223199
7600 0.9676627976440996 0.9579296373716413 0.9448844236947854
7610 0.9677206566863344 0.958026082390824 0.9449625831202209
7620 0.9677776900139327 0.9581214964071061 0.9450414334127826
7630 0.9678339056062139 0.9582158841715881 0.9451209572866266
7640 0.9678893114424975 0.9583092504353719 0.9452011374559086
7650 0.9679439155021036 0.9584015999495583 0.9452819566347851
7660 0.9679977257643515 0.9584929374652486 0.9453633975374115
7670 0.9680507502085611 0.9585832677335437 0.9454454428779442
7680 0.9681029968140522 0.9586725955055455 0.9455280753705392
7690 0.968154473560144 0.9587609255323544 0.9456112777293525
7700 0.9682051884261568 0.9588482625650719 0.9456950326685394
7710 0.96825514939141 0.9589346113547994 0.9457793229022569
7720 0.9683043644352233 0.9590199766526376 0.9458641311446606
7730 0.9683528415369163 0.9591043632096883 0.9459494401099061
7740 0.9684005886758086 0.959187775777052 0.9460352325121496
7750 0.9684476138312205 0.9592702191058304 0.9461214910655478
7760 0.9684939249824708 0.9593516979471247 0.9462081984842556
7770 0.9685395301088797 0.9594322170520357 0.9462953374824299
7780 0.9685844371897668 0.959511781171665 0.9463828907742259
7790 0.9686286542044519 0.9595903950571133 0.9464708410738002
7800 0.9686721891322545 0.9596680634594823 0.9465591710953086
7810 0.9687150499524942 0.9597447911298727 0.9466478635529068
7820 0.9687572446444913 0.9598205828193863 0.9467369011607513
7830 0.9687987811875649 0.9598954432791237 0.9468262666329977
7840 0.968839667561035 0.9599693772601864 0.9469159426838021
7850 0.9688799117442207 0.9600423895136752 0.9470059120273205
7860 0.9689195217164421 0.9601144847906918 0.947096157377709
7870 0.968958505457019 0.9601856678423369 0.9471866614491236
7880 0.9689968709452708 0.9602559434197124 0.9472774069557199
7890 0.9690346261605178 0.9603253162739187 0.9473683766116545
7900 0.9690717790820789 0.9603937911560575 0.9474595531310831
7910 0.9691083376892742 0.9604613728172297 0.9475509192281615
7920 0.9691443099614233 0.9605280660085365 0.9476424576170456
7930 0.969179703877846 0.9605938754810793 0.947734151011892
7940 0.969214527417862 0.9606588059859591 0.9478259821268564
7950 0.9692487885607904 0.9607228622742772 0.9479179336760943
7960 0.9692824952859518 0.9607860490971346 0.9480099883737628
7970 0.9693156555726652 0.9608483712056327 0.9481021289340165
7980 0.9693482774002508 0.9609098333508725 0.9481943380710126
7990 0.9693803687480276 0.9609704402839554 0.9482865984989062
8000 0.9694119375953161 0.9610301967559826 0.9483788929318537
8010 0.9694429919214355 0.9610891075180547 0.9484712040840115
8020 0.9694735397057054 0.9611471773212739 0.9485635146695349
8030 0.9695035889274459 0.9612044109167404 0.9486558074025799
8040 0.9695331475659763 0.961260813055556 0.948748064997303
8050 0.9695622236006164 0.9613163884888216 0.9488402701678599
8060 0.969590825010686 0.9613711419676385 0.9489324056284067
8070 0.9696189597755047 0.9614250782431081 0.9490244540930994
8080 0.9696466358743921 0.961478202066331 0.9491163982760936
8090 0.9696738612866683 0.9615305181884088 0.9492082208915457
8100 0.9697006439916522 0.9615820313604427 0.9492999046536117
8110 0.9697269919686645 0.9616327463335339 0.9493914322764475
8120 0.969752913197024 0.9616826678587833 0.9494827864742089
8130 0.9697784156560506 0.9617318006872921 0.9495739499610523
8140 0.9698035073250643 0.9617801495701621 0.9496649054511332
8150 0.9698281961833846 0.9618277192584938 0.9497556356586079
8160 0.969852490210331 0.9618745145033887 0.9498461232976325
8170 0.9698763973852236 0.9619205400559478 0.9499363510823626
8180 0.9698999256873815 0.9619658006672726 0.9500263017269545
8190 0.9699230830961253 0.9620103010884639 0.9501159579455642
8200 0.9699458775907739 0.9620540460706232 0.9502053024523475
8210 0.9699683171506474 0.9620970403648517 0.9502943179614604
8220 0.9699904097550649 0.9621392887222501 0.9503829871870588
8230 0.9700121633833465 0.9621807958939199 0.9504712928432995
8240 0.9700335860148122 0.9622215666309624 0.9505592176443374
8250 0.9700546856287808 0.9622616056844788 0.950646744304329
8260 0.9700754702045732 0.9623009178055701 0.9507338555374301
8270 0.970095947721508 0.9623395077453375 0.9508205340577973
8280 0.9701161261589055 0.9623773802548825 0.9509067625795856
8290 0.9701360134960851 0.962414540085306 0.9509925238169519
8300 0.9701556177123667 0.962450991987709 0.9510778004840517
8310 0.97017494678707 0.9624867407131932 0.9511625752950409
8320 0.9701940086995142 0.9625217910128592 0.9512468309640758
8330 0.9702128114290196 0.9625561476378085 0.9513305502053122
8340 0.9702313629549056 0.9625898153391422 0.9514137157329063
8350 0.9702496712564921 0.9626227988679621 0.9514963102610138
8360 0.9702677443130981 0.962655102975368 0.951578316503791
8370 0.9702855901040444 0.9626867324124626 0.9516597171753939
8380 0.9703032166086496 0.9627176919303462 0.951740494989978
8390 0.9703206318062342 0.96274798628012 0.9518206326616997
8400 0.9703378436761173 0.9627776202128855 0.9519001129047149
8410 0.9703548601976189 0.9628065984797439 0.9519789184331797
8420 0.9703716893500587 0.962834925831796 0.9520570319612499
8430 0.9703883391127562 0.9628626070201431 0.9521344362030817
8440 0.9704048174650313 0.9628896467958867 0.9522111138728308
8450 0.9704211323862036 0.9629160499101279 0.9522870476846534
8460 0.9704372918555928 0.962941821113968 0.9523622203527053
8470 0.9704533038525184 0.9629669651585074 0.9524366145911429
8480 0.9704691763563005 0.9629914867948484 0.9525102131141221
8490 0.9704849173462584 0.9630153907740913 0.9525829986357982
8500 0.9705005348017116 0.9630386818473377 0.9526549538703283
8510 0.9705160367019804 0.9630613647656885 0.9527260615318673
8520 0.9705314310263841 0.9630834442802455 0.9527963043345721
8530 0.9705467257542426 0.9631049251421091 0.9528656649925981
8540 0.9705619288648755 0.9631258121023811 0.9529341262201013
8550 0.9705770483376023 0.9631461099121625 0.9530016707312381
8560 0.970592092151743 0.9631658233225542 0.9530682812401642
8570 0.970607068286617 0.9631849570846578 0.9531339404610357
8580 0.9706219847215443 0.9632035159495742 0.9531986311080085
8590 0.9706368494358437 0.9632215046684048 0.9532623358952387
8600 0.9706516704088359 0.9632389279922506 0.9533250375368819
8610 0.9706664556198406 0.9632557906722128 0.9533867187470949
8620 0.970681213048177 0.9632720974593927 0.9534473622400329
8630 0.970695950673165 0.9632878531048916 0.9535069507298521
8640 0.9707106764741241 0.9633030623598102 0.953565466930709
8650 0.9707253984303742 0.9633177299752502 0.9536228935567588
8660 0.9707401245212348 0.9633318607023126 0.9536792133221581
8670 0.9707548627260255 0.9633454592920985 0.9537344089410627
8680 0.9707696210240665 0.9633585304957093 0.9537884631276283
8690 0.970784407394677 0.9633710790642457 0.9538413585960114
8700 0.970799229817177 0.9633831097488096 0.9538930780603673
8710 0.9708140962708858 0.9633946273005015 0.9539436042348528
8720 0.9708290147351233 0.963405636470423 0.9539929198336234
8730 0.9708439931892094 0.9634161420096752 0.9540410075708352
8740 0.9708590396124634 0.9634261486693594 0.9540878501606445
8750 0.9708741619842054 0.9634356612005766 0.9541334303172067
8760 0.9708893682837545 0.9634446843544279 0.9541777307546779
8770 0.9709046664904308 0.9634532228820147 0.9542207341872144
8780 0.9709200645835541 0.9634612815344381 0.954262423328972
8790 0.970935570542444 0.9634688650627994 0.9543027808941069
8800 0.9709511923464198 0.9634759782181994 0.9543417895967748
8810 0.9709669379748018 0.9634826257517399 0.9543794321511319
8820 0.9709828154069093 0.9634888124145216 0.9544156912713343
8830 0.970998832622062 0.9634945429576459 0.9544505496715375
8840 0.9710149975995799 0.9634998221322137 0.954483990065898
8850 0.9710313183187819 0.9635046546893267 0.9545159951685716
8860 0.9710478027589884 0.9635090453800855 0.954546547693714
8870 0.9710644588995192 0.9635129989555916 0.9545756303554818
8880 0.9710812947196934 0.9635165201669466 0.9546032258680305
8890 0.9710983181988311 0.9635196137652509 0.9546293169455163
8900 0.9711155373162518 0.9635222845016057 0.9546538863020951
8910 0.9711329600512753 0.963524537127113 0.954676916651923
8920 0.9711505943832212 0.9635263763928732 0.9546983907091559
8930 0.9711684482914091 0.9635278070499882 0.9547182911879499
8940 0.971186529755159 0.9635288338495585 0.9547366008024607
8950 0.9712048467537904 0.9635294615426855 0.9547533022668445
8960 0.971223407266623 0.9635296948804704 0.9547683782952577
8970 0.9712422192729763 0.9635295386140146 0.9547818116018556
8980 0.9712612907521702 0.9635289974944189 0.9547935849007944
8990 0.9712806296835246 0.9635280762727849 0.9548036809062304
9000 0.9713002440463587 0.9635267797002135 0.954812082332319
9010 0.9713201418199922 0.9635251125278058 0.9548187718932168
9020 0.9713403309837453 0.9635230795066636 0.9548237323030793
9030 0.971360819516937 0.9635206853878873 0.954826946276063
9040 0.9713816153988877 0.9635179349225784 0.9548283965263233
9050 0.9714027266089167 0.9635148328618384 0.9548280657680169
9060 0.9714241611263437 0.9635113839567679 0.9548259367152991
9070 0.9714459269304885 0.9635075929584682 0.9548219920823264
9080 0.9714680320006707 0.9635034646180411 0.9548162145832545
9090 0.97149048431621 0.9634990036865871 0.9548085869322394
9100 0.9715132918564261 0.9634942149152078 0.954799091843437
9110 0.9715364626006386 0.9634891030550041 0.9547877120310038
9120 0.9715600045281674 0.9634836728570774 0.9547744302090951
9130 0.971583925618332 0.9634779290725287 0.9547592290918676
9140 0.9716082338504519 0.963471876452459 0.9547420913934768
9150 0.9716329372038472 0.9634655197479702 0.9547229998280786
9160 0.9716580436578376 0.9634588637101631 0.9547019371098294
9170 0.9716835611917423 0.9634519130901384 0.9546788859528851
9180 0.9717094977848815 0.9634446726389978 0.9546538290714012
9190 0.9717358614165743 0.9634371471078427 0.9546267491795343
9200 0.9717626600661411 0.9634293412477737 0.9545976289914402
9210 0.971789901712901 0.9634212598098923 0.9545664512212749
9220 0.971817594336174 0.9634129075452997 0.9545331985831942
9230 0.9718457459152796 0.9634042892050971 0.9544978537913544
9240 0.9718743644295378 0.9633954095403857 0.954460399559911
9250 0.971903457858268 0.9633862733022666 0.9544208186030209
9260 0.9719330341807899 0.9633768852418405 0.9543790936348391
9270 0.9719631013764235 0.9633672501102097 0.9543352073695222
9280 0.9719936674244883 0.9633573726584745 0.9542891425212257
9290 0.9720247403043035 0.9633472576377364 0.9542408818041063
9300 0.9720563279951894 0.9633369097990965 0.9541904079323191
9310 0.9720884384764655 0.9633263338936562 0.9541377036200209
9320 0.9721210797274515 0.9633155346725162 0.954082751581367
9330 0.9721542597274672 0.963304516886778 0.9540255345305141
9340 0.9721879864558317 0.9632932852875431 0.9539660351816178
9350 0.9722222678918656 0.9632818446259119 0.9539042362488341
9360 0.9722571120148878 0.9632701996529864 0.9538401204463187
9370 0.9722925268042185 0.9632583551198675 0.9537736704882285
9380 0.9723285202391772 0.9632463157776562 0.9537048690887184
9390 0.9723651002990836 0.9632340863774536 0.9536336989619454
9400 0.9724022749632575 0.9632216716703612 0.9535601428220644
9410 0.9724400522110183 0.9632090764074801 0.9534841833832323
9420 0.9724784400216857 0.9631963053399113 0.9534058033596047
9430 0.9725174463745797 0.9631833632187565 0.9533249854653375
9440 0.9725570792490198 0.9631702547951163 0.9532417124145871
9450 0.9725973466243257 0.963156984820092 0.9531559669215091
9460 0.9726382564798173 0.9631435580447851 0.9530677317002596
9470 0.9726798167948134 0.9631299792202968 0.9529769894649947
9480 0.9727220355486351 0.9631162530977275 0.9528837229298701
9490 0.9727649207206008 0.9631023844281794 0.9527879148090426
9500 0.9728084802900313 0.963088377962753 0.9526895478166668
9510 0.9728527222362452 0.9630742384525499 0.9525886046669001
9520 0.972897654538563 0.9630599706486711 0.9524850680738974
9530 0.9729432851763042 0.9630455793022177 0.9523789207518154
9540 0.9729896221287881 0.9630310691642909 0.9522701454148098
9550 0.9730366733753348 0.9630164449859921 0.9521587247770367
9560 0.973084446895264 0.9630017115184224 0.952044641552652
9570 0.9731329506678948 0.9629868735126825 0.9519278784558118
9580 0.9731821926725478 0.9629719357198747 0.9518084182006719
9590 0.9732321808885419 0.962956902891099 0.9516862435013884
9600 0.9732829232951974 0.9629417797774572 0.9515613370721172
9610 0.9733344278718332 0.9629265711300503 0.9514336816270146
9620 0.9733867025977698 0.9629112816999797 0.9513032598802365
9630 0.9734397554523265 0.9628959162383466 0.9511700545459383
9640 0.9734935944148231 0.9628804794962517 0.9510340483382769
9650 0.973548227464579 0.9628649762247967 0.9508952239714077
9660 0.9736036625809144 0.9628494111750825 0.9507535641594866
9670 0.9736599077431485 0.9628337890982104 0.9506090516166701
9680 0.9737169709306013 0.9628181147452817 0.9504616690571138
9690 0.9737748601225924 0.9628023928673975 0.9503113991949741
9700 0.9738335832984413 0.9627866282156586 0.9501582247444063
9710 0.973893148437468 0.9627708255411668 0.950002128419567
9720 0.973953563518992 0.9627549895950231 0.949843092934612
9730 0.9740148365223329 0.9627391251283284 0.9496811010036972
9740 0.9740769754268106 0.9627232368921841 0.9495161353409788
9750 0.9741399882117447 0.9627073296376913 0.9493481786606124
9760 0.9742038828564549 0.9626914081159514 0.9491772136767544
9770 0.9742686673402606 0.9626754770780654 0.9490032231035607
9780 0.9743343496424821 0.9626595412751345 0.9488261896551872
9790 0.9744009377424387 0.9626436054582598 0.94864609604579
9800 0.9744684396194501 0.9626276743785429 0.9484629249895249
9810 0.974536863252836 0.9626117527870844 0.9482766592005477
9820 0.9746062166219158 0.9625958454349858 0.9480872813930152
9830 0.9746765077060097 0.9625799570733482 0.9478947742810827
9840 0.9747477444844371 0.962564092453273 0.9476991205789064
9850 0.9748199349365178 0.962548256325861 0.947500303000642
9860 0.9748930870415714 0.9625324534422137 0.9472983042604459
9870 0.9749672087789178 0.9625166885534324 0.9470931070724741
9880 0.9750423081278764 0.9625009664106179 0.9468846941508824
9890 0.9751183930677672 0.9624852917648714 0.9466730482098268
9900 0.9751954715779094 0.9624696693672945 0.9464581519634634
9910 0.9752735516376227 0.9624541039689881 0.9462399881259479
9920 0.9753526412262276 0.9624386003210531 0.9460185394114365
9930 0.9754327483230429 0.9624231631745914 0.9457937885340852
9940 0.9755138809073888 0.9624077972807037 0.9455657182080501
9950 0.9755960469585848 0.9623925073904911 0.9453343111474871
9960 0.9756792544559505 0.962377298255055 0.9450995500665521
9970 0.9757635113788059 0.9623621746254968 0.9448614176794015
9980 0.9758488257064704 0.9623471412529171 0.9446198967001903
9990 0.9759352054182634 0.9623322028884176 0.9443749698430756
10000 0.9760226584935054 0.9623173642830993 0.9441266198222127
