# author : NN
# source : Roy van Boekel
# date_created : 2018-07
# date_modified : 2020-10-29
# status :
# wavelength_unit : angstrom
# comment : CO_ref from Roys wish filter list, July 2018
# changes :
#     - 2020-10-29 : (OC) correct header syntax, wavelength_unit
#
wavelength               transmission
3.600000000000000000e+03 8.788919592031335659e-01
3.610000000000000000e+03 8.812589257952022637e-01
3.620000000000000000e+03 8.835738565884634355e-01
3.630000000000000000e+03 8.858371644117841726e-01
3.640000000000000000e+03 8.880492620940306780e-01
3.650000000000000000e+03 8.902105624640692660e-01
3.660000000000000000e+03 8.923214783507666947e-01
3.670000000000000000e+03 8.943824225829891672e-01
3.680000000000000000e+03 8.963938079896035527e-01
3.690000000000000000e+03 8.983560473994760542e-01
3.700000000000000000e+03 9.002695536414733191e-01
3.710000000000000000e+03 9.021347395444616613e-01
3.720000000000000000e+03 9.039520179373078390e-01
3.730000000000000000e+03 9.057218016488778334e-01
3.740000000000000000e+03 9.074445035080385136e-01
3.750000000000000000e+03 9.091205363436565268e-01
3.760000000000000000e+03 9.107503129845981871e-01
3.770000000000000000e+03 9.123342462597298086e-01
3.780000000000000000e+03 9.138727489979179275e-01
3.790000000000000000e+03 9.153662340280293019e-01
3.800000000000000000e+03 9.168151141789303571e-01
3.810000000000000000e+03 9.182198022794874070e-01
3.820000000000000000e+03 9.195807111585667659e-01
3.830000000000000000e+03 9.208982536450354139e-01
3.840000000000000000e+03 9.221728425677594432e-01
3.850000000000000000e+03 9.234048907556052788e-01
3.860000000000000000e+03 9.245948110374402340e-01
3.870000000000000000e+03 9.257430162421299569e-01
3.880000000000000000e+03 9.268499191985408725e-01
3.890000000000000000e+03 9.279159327355401832e-01
3.900000000000000000e+03 9.289414724292002212e-01
3.910000000000000000e+03 9.299270014487753810e-01
3.920000000000000000e+03 9.308730232306512420e-01
3.930000000000000000e+03 9.317800424803659443e-01
3.940000000000000000e+03 9.326485639034568509e-01
3.950000000000000000e+03 9.334790922054614359e-01
3.960000000000000000e+03 9.342721320919177286e-01
3.970000000000000000e+03 9.350281882683627588e-01
3.980000000000000000e+03 9.357477654403344447e-01
3.990000000000000000e+03 9.364313683133704824e-01
4.000000000000000000e+03 9.370795015930080130e-01
4.010000000000000000e+03 9.376926699847847324e-01
4.020000000000000000e+03 9.382713781942385589e-01
4.030000000000000000e+03 9.388161309269069665e-01
4.040000000000000000e+03 9.393274328883272073e-01
4.050000000000000000e+03 9.398057887840374214e-01
4.060000000000000000e+03 9.402517033195748608e-01
4.070000000000000000e+03 9.406656812004771107e-01
4.080000000000000000e+03 9.410482271322815340e-01
4.090000000000000000e+03 9.413998458205264930e-01
4.100000000000000000e+03 9.417210419707487956e-01
4.110000000000000000e+03 9.420123202884859159e-01
4.120000000000000000e+03 9.422741854792764382e-01
4.130000000000000000e+03 9.425071422486569483e-01
4.140000000000000000e+03 9.427116953021656975e-01
4.150000000000000000e+03 9.428883493453399378e-01
4.160000000000000000e+03 9.430376090837170322e-01
4.170000000000000000e+03 9.431599792228351209e-01
4.180000000000000000e+03 9.432559644682315669e-01
4.190000000000000000e+03 9.433260695254439554e-01
4.200000000000000000e+03 9.433707991000096493e-01
4.210000000000000000e+03 9.433906578974665669e-01
4.220000000000000000e+03 9.433861506233522931e-01
4.230000000000000000e+03 9.433577819832035249e-01
4.240000000000000000e+03 9.433060571755950141e-01
4.250000000000000000e+03 9.432315198558854918e-01
4.260000000000000000e+03 9.431347790424918776e-01
4.270000000000000000e+03 9.430164501074159711e-01
4.280000000000000000e+03 9.428771484226593502e-01
4.290000000000000000e+03 9.427174893602238148e-01
4.300000000000000000e+03 9.425380882921116088e-01
4.310000000000000000e+03 9.423395605903237549e-01
4.320000000000000000e+03 9.421225216268621638e-01
4.330000000000000000e+03 9.418875867737290797e-01
4.340000000000000000e+03 9.416353714029257471e-01
4.350000000000000000e+03 9.413664908864538550e-01
4.360000000000000000e+03 9.410815605963154251e-01
4.370000000000000000e+03 9.407811959045120354e-01
4.380000000000000000e+03 9.404660121830455966e-01
4.390000000000000000e+03 9.401366248039175755e-01
4.400000000000000000e+03 9.397936491391299940e-01
4.410000000000000000e+03 9.394377005606844300e-01
4.420000000000000000e+03 9.390693944405824611e-01
4.430000000000000000e+03 9.386893461508262204e-01
4.440000000000000000e+03 9.382981710634172856e-01
4.450000000000000000e+03 9.378964845503571235e-01
4.460000000000000000e+03 9.374849019836476449e-01
4.470000000000000000e+03 9.370640387352912049e-01
4.480000000000000000e+03 9.366345101772887149e-01
4.490000000000000000e+03 9.361969316816419751e-01
4.500000000000000000e+03 9.357519186203531181e-01
4.510000000000000000e+03 9.353000863654237218e-01
4.520000000000000000e+03 9.348420502888554751e-01
4.530000000000000000e+03 9.343784257626500667e-01
4.540000000000000000e+03 9.339098281588094075e-01
4.550000000000000000e+03 9.334368728493351863e-01
4.560000000000000000e+03 9.329601752062290920e-01
4.570000000000000000e+03 9.324803506014929244e-01
4.580000000000000000e+03 9.319980144071284833e-01
4.590000000000000000e+03 9.315137819951370135e-01
4.600000000000000000e+03 9.310282687375209809e-01
4.610000000000000000e+03 9.305420900062819634e-01
4.620000000000000000e+03 9.300558611734209835e-01
4.630000000000000000e+03 9.295701976109406184e-01
4.640000000000000000e+03 9.290857146908423347e-01
4.650000000000000000e+03 9.286030277851278214e-01
4.660000000000000000e+03 9.281227522657988782e-01
4.670000000000000000e+03 9.276455035048571940e-01
4.680000000000000000e+03 9.271718968743046796e-01
4.690000000000000000e+03 9.267025477461429128e-01
4.700000000000000000e+03 9.262380714923733604e-01
4.710000000000000000e+03 9.257790834849980444e-01
4.720000000000000000e+03 9.253261990960192085e-01
4.730000000000000000e+03 9.248800336974376535e-01
4.740000000000000000e+03 9.244412026612556232e-01
4.750000000000000000e+03 9.240103213594750287e-01
4.760000000000000000e+03 9.235880051640970034e-01
4.770000000000000000e+03 9.231748694471237915e-01
4.780000000000000000e+03 9.227715295805574147e-01
4.790000000000000000e+03 9.223786009363985627e-01
4.800000000000000000e+03 9.219966988866501456e-01
4.810000000000000000e+03 9.216264388033130750e-01
4.820000000000000000e+03 9.212684360583892618e-01
4.830000000000000000e+03 9.209233060238809498e-01
4.840000000000000000e+03 9.205916640717891619e-01
4.850000000000000000e+03 9.202741255741161419e-01
4.860000000000000000e+03 9.199713059028634676e-01
4.870000000000000000e+03 9.196838204300329389e-01
4.880000000000000000e+03 9.194122845276258005e-01
4.890000000000000000e+03 9.191573067342113657e-01
4.900000000000000000e+03 9.189191611736682308e-01
4.910000000000000000e+03 9.186976429677887745e-01
4.920000000000000000e+03 9.184925103119314649e-01
4.930000000000000000e+03 9.183035214014541037e-01
4.940000000000000000e+03 9.181304344317152699e-01
4.950000000000000000e+03 9.179730075980730986e-01
4.960000000000000000e+03 9.178309990958852804e-01
4.970000000000000000e+03 9.177041671205101725e-01
4.980000000000000000e+03 9.175922698673063538e-01
4.990000000000000000e+03 9.174950655316316261e-01
5.000000000000000000e+03 9.174123123088443466e-01
5.010000000000000000e+03 9.173437683943022058e-01
5.020000000000000000e+03 9.172891919833640051e-01
5.030000000000000000e+03 9.172483412713875461e-01
5.040000000000000000e+03 9.172209744537309639e-01
5.050000000000000000e+03 9.172068497257527264e-01
5.060000000000000000e+03 9.172057252828109686e-01
5.070000000000000000e+03 9.172173593202630482e-01
5.080000000000000000e+03 9.172415100334682103e-01
5.090000000000000000e+03 9.172779356177842569e-01
5.100000000000000000e+03 9.173263942685688788e-01
5.110000000000000000e+03 9.173866441811808770e-01
5.120000000000000000e+03 9.174584435509783864e-01
5.130000000000000000e+03 9.175415505733188759e-01
5.140000000000000000e+03 9.176357234435611465e-01
5.150000000000000000e+03 9.177407203570633332e-01
5.160000000000000000e+03 9.178562995091834598e-01
5.170000000000000000e+03 9.179822190952796612e-01
5.180000000000000000e+03 9.181182373107104056e-01
5.190000000000000000e+03 9.182641123508332726e-01
5.200000000000000000e+03 9.184196024110066192e-01
5.210000000000000000e+03 9.185844656865889135e-01
5.220000000000000000e+03 9.187584603729381794e-01
5.230000000000000000e+03 9.189413446654125517e-01
5.240000000000000000e+03 9.191328767593700544e-01
5.250000000000000000e+03 9.193328148501690444e-01
5.260000000000000000e+03 9.195409171331678788e-01
5.270000000000000000e+03 9.197569418037240263e-01
5.280000000000000000e+03 9.199806470571965100e-01
5.290000000000000000e+03 9.202117910889429098e-01
5.300000000000000000e+03 9.204501320943214715e-01
5.310000000000000000e+03 9.206954282686905522e-01
5.320000000000000000e+03 9.209474378074081757e-01
5.330000000000000000e+03 9.212059189058324771e-01
5.340000000000000000e+03 9.214706297593217021e-01
5.350000000000000000e+03 9.217413285632340969e-01
5.360000000000000000e+03 9.220177735129276853e-01
5.370000000000000000e+03 9.222997228037607131e-01
5.380000000000000000e+03 9.225869346310913155e-01
5.390000000000000000e+03 9.228791671902777383e-01
5.400000000000000000e+03 9.231761786766775613e-01
5.410000000000000000e+03 9.234777272856495856e-01
5.420000000000000000e+03 9.237835712125522791e-01
5.430000000000000000e+03 9.240934686527431108e-01
5.440000000000000000e+03 9.244071778015802154e-01
5.450000000000000000e+03 9.247244568544222831e-01
5.460000000000000000e+03 9.250450640066271157e-01
5.470000000000000000e+03 9.253687574535534033e-01
5.480000000000000000e+03 9.256952953905585035e-01
5.490000000000000000e+03 9.260244360130009955e-01
5.500000000000000000e+03 9.263559375162391252e-01
5.510000000000000000e+03 9.266895580956313605e-01
5.520000000000000000e+03 9.270250559465346152e-01
5.530000000000000000e+03 9.273621892643083564e-01
5.540000000000000000e+03 9.277007162443101640e-01
5.550000000000000000e+03 9.280403950818982839e-01
5.560000000000000000e+03 9.283809839724310731e-01
5.570000000000000000e+03 9.287222411112663334e-01
5.580000000000000000e+03 9.290639246937627549e-01
5.590000000000000000e+03 9.294057929152780284e-01
5.600000000000000000e+03 9.297476039711703999e-01
5.610000000000000000e+03 9.300891160567983373e-01
5.620000000000000000e+03 9.304300873675194206e-01
5.630000000000000000e+03 9.307702760986923396e-01
5.640000000000000000e+03 9.311094404456753404e-01
5.650000000000000000e+03 9.314473406003874745e-01
5.660000000000000000e+03 9.317838301221142983e-01
5.670000000000000000e+03 9.321188938489592957e-01
5.680000000000000000e+03 9.324525264749901066e-01
5.690000000000000000e+03 9.327847226942765912e-01
5.700000000000000000e+03 9.331154772008867226e-01
5.710000000000000000e+03 9.334447846888893618e-01
5.720000000000000000e+03 9.337726398523533700e-01
5.730000000000000000e+03 9.340990373853474971e-01
5.740000000000000000e+03 9.344239719819404932e-01
5.750000000000000000e+03 9.347474383362002204e-01
5.760000000000000000e+03 9.350694311421967608e-01
5.770000000000000000e+03 9.353899450939977545e-01
5.780000000000000000e+03 9.357089748856723954e-01
5.790000000000000000e+03 9.360265152112892117e-01
5.800000000000000000e+03 9.363425607649167315e-01
5.810000000000000000e+03 9.366571062406241488e-01
5.820000000000000000e+03 9.369701463324798807e-01
5.830000000000000000e+03 9.372816757345527883e-01
5.840000000000000000e+03 9.375916891409111775e-01
5.850000000000000000e+03 9.379001812456243536e-01
5.860000000000000000e+03 9.382071467427600675e-01
5.870000000000000000e+03 9.385125803263882904e-01
5.880000000000000000e+03 9.388164766905767733e-01
5.890000000000000000e+03 9.391188305293947103e-01
5.900000000000000000e+03 9.394196365369105184e-01
5.910000000000000000e+03 9.397188894071930587e-01
5.920000000000000000e+03 9.400165838343109703e-01
5.930000000000000000e+03 9.403127145123332253e-01
5.940000000000000000e+03 9.406072761353276857e-01
5.950000000000000000e+03 9.409002633973641005e-01
5.960000000000000000e+03 9.411916709925106650e-01
5.970000000000000000e+03 9.414814936148360180e-01
5.980000000000000000e+03 9.417697259584089098e-01
5.990000000000000000e+03 9.420563627172984233e-01
6.000000000000000000e+03 9.423413985855727537e-01
6.010000000000000000e+03 9.426248282573008730e-01
6.020000000000000000e+03 9.429066464265514202e-01
6.030000000000000000e+03 9.431868477873932566e-01
6.040000000000000000e+03 9.434654270338947990e-01
6.050000000000000000e+03 9.437423788601251307e-01
6.060000000000000000e+03 9.440176979601523355e-01
6.070000000000000000e+03 9.442913790280457187e-01
6.080000000000000000e+03 9.445634167578739193e-01
6.090000000000000000e+03 9.448338058437051323e-01
6.100000000000000000e+03 9.451025409796087740e-01
6.110000000000000000e+03 9.453696168596529281e-01
6.120000000000000000e+03 9.456350281779067890e-01
6.130000000000000000e+03 9.458987696284387736e-01
6.140000000000000000e+03 9.461608359053176320e-01
6.150000000000000000e+03 9.464212217026118923e-01
6.160000000000000000e+03 9.466799217143907486e-01
6.170000000000000000e+03 9.469369306347226178e-01
6.180000000000000000e+03 9.471922431576761392e-01
6.190000000000000000e+03 9.474458539773199517e-01
6.200000000000000000e+03 9.476977577877231385e-01
6.210000000000000000e+03 9.479479492829540055e-01
6.220000000000000000e+03 9.481964231570816359e-01
6.230000000000000000e+03 9.484431741041744468e-01
6.240000000000000000e+03 9.486881968183011882e-01
6.250000000000000000e+03 9.489314859935303881e-01
6.260000000000000000e+03 9.491730363239309076e-01
6.270000000000000000e+03 9.494128425035719410e-01
6.280000000000000000e+03 9.496508992265213500e-01
6.290000000000000000e+03 9.498872011868483289e-01
6.300000000000000000e+03 9.501217430786212947e-01
6.310000000000000000e+03 9.503545195959095526e-01
6.320000000000000000e+03 9.505855254327810755e-01
6.330000000000000000e+03 9.508147552833049465e-01
6.340000000000000000e+03 9.510422038415499157e-01
6.350000000000000000e+03 9.512678658015849553e-01
6.360000000000000000e+03 9.514917358574780382e-01
6.370000000000000000e+03 9.517138087032980254e-01
6.380000000000000000e+03 9.519340790333746805e-01
6.390000000000000000e+03 9.521525440969013099e-01
6.400000000000000000e+03 9.523692099687893764e-01
6.410000000000000000e+03 9.525840846283587515e-01
6.420000000000000000e+03 9.527971760549289737e-01
6.430000000000000000e+03 9.530084922278198034e-01
6.440000000000000000e+03 9.532180411263511122e-01
6.450000000000000000e+03 9.534258307298419943e-01
6.460000000000000000e+03 9.536318690176125434e-01
6.470000000000000000e+03 9.538361639689824090e-01
6.480000000000000000e+03 9.540387235632713514e-01
6.490000000000000000e+03 9.542395557797989092e-01
6.500000000000000000e+03 9.544386685978850648e-01
6.510000000000000000e+03 9.546360699968491348e-01
6.520000000000000000e+03 9.548317679560109905e-01
6.530000000000000000e+03 9.550257704546902815e-01
6.540000000000000000e+03 9.552180854722066572e-01
6.550000000000000000e+03 9.554087209878797671e-01
6.560000000000000000e+03 9.555976849810294826e-01
6.570000000000000000e+03 9.557849854309752313e-01
6.580000000000000000e+03 9.559706303170368846e-01
6.590000000000000000e+03 9.561546276185342030e-01
6.600000000000000000e+03 9.563369853147868360e-01
6.610000000000000000e+03 9.565177113851142110e-01
6.620000000000000000e+03 9.566968138088364215e-01
6.630000000000000000e+03 9.568743005652724509e-01
6.640000000000000000e+03 9.570501796337429479e-01
6.650000000000000000e+03 9.572244589935668957e-01
6.660000000000000000e+03 9.573971466240640549e-01
6.670000000000000000e+03 9.575682505045545190e-01
6.680000000000000000e+03 9.577377786143574934e-01
6.690000000000000000e+03 9.579057389327931826e-01
6.700000000000000000e+03 9.580721394391806811e-01
6.710000000000000000e+03 9.582369881128403044e-01
6.720000000000000000e+03 9.584002929330909248e-01
6.730000000000000000e+03 9.585620618792529690e-01
6.740000000000000000e+03 9.587223029306458644e-01
6.750000000000000000e+03 9.588810240665892604e-01
6.760000000000000000e+03 9.590382332664029175e-01
6.770000000000000000e+03 9.591939385094063741e-01
6.780000000000000000e+03 9.593481477749193909e-01
6.790000000000000000e+03 9.595008690422619502e-01
6.800000000000000000e+03 9.596521102907530354e-01
6.810000000000000000e+03 9.598018794997131842e-01
6.820000000000000000e+03 9.599501846484611578e-01
6.830000000000000000e+03 9.600970337163174939e-01
6.840000000000000000e+03 9.602424346826016199e-01
6.850000000000000000e+03 9.603863955266329633e-01
6.860000000000000000e+03 9.605289242277316175e-01
6.870000000000000000e+03 9.606700287652170100e-01
6.880000000000000000e+03 9.608097171184085683e-01
6.890000000000000000e+03 9.609479972666263858e-01
6.900000000000000000e+03 9.610848771891901121e-01
6.910000000000000000e+03 9.612203648654192856e-01
6.920000000000000000e+03 9.613544682746334447e-01
6.930000000000000000e+03 9.614871953961529050e-01
6.940000000000000000e+03 9.616185542092965388e-01
6.950000000000000000e+03 9.617485526933846618e-01
6.960000000000000000e+03 9.618771988277369234e-01
6.970000000000000000e+03 9.620045005916724179e-01
6.980000000000000000e+03 9.621304659645114610e-01
6.990000000000000000e+03 9.622551029255732580e-01
7.000000000000000000e+03 9.623784194541776804e-01
7.010000000000000000e+03 9.625004235296448218e-01
7.020000000000000000e+03 9.626211231312938876e-01
7.030000000000000000e+03 9.627405262384447493e-01
7.040000000000000000e+03 9.628586408304170563e-01
7.050000000000000000e+03 9.629754748865304581e-01
7.060000000000000000e+03 9.630910363861043821e-01
7.070000000000000000e+03 9.632053333084591440e-01
7.080000000000000000e+03 9.633183736329137270e-01
7.090000000000000000e+03 9.634301653387884468e-01
7.100000000000000000e+03 9.635407164054027307e-01
7.110000000000000000e+03 9.636500348120761172e-01
7.120000000000000000e+03 9.637581285381287000e-01
7.130000000000000000e+03 9.638650055628795732e-01
7.140000000000000000e+03 9.639706738656488305e-01
7.150000000000000000e+03 9.640751414257557883e-01
7.160000000000000000e+03 9.641784162225208732e-01
7.170000000000000000e+03 9.642805062352631795e-01
7.180000000000000000e+03 9.643814194433025788e-01
7.190000000000000000e+03 9.644811638259582764e-01
7.200000000000000000e+03 9.645797473625506990e-01
7.210000000000000000e+03 9.646771780323992740e-01
7.220000000000000000e+03 9.647734638148234287e-01
7.230000000000000000e+03 9.648686126891434789e-01
7.240000000000000000e+03 9.649626326346782967e-01
7.250000000000000000e+03 9.650555316307479758e-01
7.260000000000000000e+03 9.651473176566722767e-01
7.270000000000000000e+03 9.652379986917707377e-01
7.280000000000000000e+03 9.653275827153631194e-01
7.290000000000000000e+03 9.654160777067689603e-01
7.300000000000000000e+03 9.655034916453083538e-01
7.310000000000000000e+03 9.655898325103005053e-01
7.320000000000000000e+03 9.656751082810655085e-01
7.330000000000000000e+03 9.657593269369224576e-01
7.340000000000000000e+03 9.658424964571917792e-01
7.350000000000000000e+03 9.659246248211924568e-01
7.360000000000000000e+03 9.660057200082448059e-01
7.370000000000000000e+03 9.660857899976682539e-01
7.380000000000000000e+03 9.661648427687823393e-01
7.390000000000000000e+03 9.662428863009070446e-01
7.400000000000000000e+03 9.663199285733616861e-01
7.410000000000000000e+03 9.663959775654660245e-01
7.420000000000000000e+03 9.664710412565400421e-01
7.430000000000000000e+03 9.665451276259030555e-01
7.440000000000000000e+03 9.666182446528753802e-01
7.450000000000000000e+03 9.666904003167759996e-01
7.460000000000000000e+03 9.667616025969246740e-01
7.470000000000000000e+03 9.668318594726414972e-01
7.480000000000000000e+03 9.669011789232461185e-01
7.490000000000000000e+03 9.669695689280578543e-01
7.500000000000000000e+03 9.670370374663963542e-01
7.510000000000000000e+03 9.671035925175819337e-01
7.520000000000000000e+03 9.671692420609339091e-01
7.530000000000000000e+03 9.672339940757717081e-01
7.540000000000000000e+03 9.672978565414152019e-01
7.550000000000000000e+03 9.673608374371842622e-01
7.560000000000000000e+03 9.674229447423980943e-01
7.570000000000000000e+03 9.674841864363771249e-01
7.580000000000000000e+03 9.675445704984405593e-01
7.590000000000000000e+03 9.676041049079080469e-01
7.600000000000000000e+03 9.676627976440995704e-01
7.610000000000000000e+03 9.677206566863344461e-01
7.620000000000000000e+03 9.677776900139326566e-01
7.630000000000000000e+03 9.678339056062138512e-01
7.640000000000000000e+03 9.678893114424974575e-01
7.650000000000000000e+03 9.679439155021035690e-01
7.660000000000000000e+03 9.679977257643515021e-01
7.670000000000000000e+03 9.680507502085611282e-01
7.680000000000000000e+03 9.681029968140522080e-01
7.690000000000000000e+03 9.681544735601439466e-01
7.700000000000000000e+03 9.682051884261567709e-01
7.710000000000000000e+03 9.682551493914099972e-01
7.720000000000000000e+03 9.683043644352232748e-01
7.730000000000000000e+03 9.683528415369162534e-01
7.740000000000000000e+03 9.684005886758085824e-01
7.750000000000000000e+03 9.684476138312204663e-01
7.760000000000000000e+03 9.684939249824707774e-01
7.770000000000000000e+03 9.685395301088797204e-01
7.780000000000000000e+03 9.685844371897668337e-01
7.790000000000000000e+03 9.686286542044518777e-01
7.800000000000000000e+03 9.686721891322545019e-01
7.810000000000000000e+03 9.687150499524942449e-01
7.820000000000000000e+03 9.687572446444913110e-01
7.830000000000000000e+03 9.687987811875649058e-01
7.840000000000000000e+03 9.688396675610350117e-01
7.850000000000000000e+03 9.688799117442207232e-01
7.860000000000000000e+03 9.689195217164421337e-01
7.870000000000000000e+03 9.689585054570190037e-01
7.880000000000000000e+03 9.689968709452707607e-01
7.890000000000000000e+03 9.690346261605178313e-01
7.900000000000000000e+03 9.690717790820788657e-01
7.910000000000000000e+03 9.691083376892741796e-01
7.920000000000000000e+03 9.691443099614233114e-01
7.930000000000000000e+03 9.691797038778460216e-01
7.940000000000000000e+03 9.692145274178619596e-01
7.950000000000000000e+03 9.692487885607904419e-01
7.960000000000000000e+03 9.692824952859517840e-01
7.970000000000000000e+03 9.693156555726651913e-01
7.980000000000000000e+03 9.693482774002507574e-01
7.990000000000000000e+03 9.693803687480275766e-01
8.000000000000000000e+03 9.694119375953160755e-01
8.010000000000000000e+03 9.694429919214354596e-01
8.020000000000000000e+03 9.694735397057053783e-01
8.030000000000000000e+03 9.695035889274459251e-01
8.040000000000000000e+03 9.695331475659763054e-01
8.050000000000000000e+03 9.695622236006163908e-01
8.060000000000000000e+03 9.695908250106860526e-01
8.070000000000000000e+03 9.696189597755047185e-01
8.080000000000000000e+03 9.696466358743921488e-01
8.090000000000000000e+03 9.696738612866683260e-01
8.100000000000000000e+03 9.697006439916522336e-01
8.110000000000000000e+03 9.697269919686645201e-01
8.120000000000000000e+03 9.697529131970239469e-01
8.130000000000000000e+03 9.697784156560506075e-01
8.140000000000000000e+03 9.698035073250642624e-01
8.150000000000000000e+03 9.698281961833845610e-01
8.160000000000000000e+03 9.698524902103310419e-01
8.170000000000000000e+03 9.698763973852235765e-01
8.180000000000000000e+03 9.698999256873814812e-01
8.190000000000000000e+03 9.699230830961252936e-01
8.200000000000000000e+03 9.699458775907738861e-01
8.210000000000000000e+03 9.699683171506473522e-01
8.220000000000000000e+03 9.699904097550648974e-01
8.230000000000000000e+03 9.700121633833465040e-01
8.240000000000000000e+03 9.700335860148121547e-01
8.250000000000000000e+03 9.700546856287808328e-01
8.260000000000000000e+03 9.700754702045731870e-01
8.270000000000000000e+03 9.700959477215079785e-01
8.280000000000000000e+03 9.701161261589055229e-01
8.290000000000000000e+03 9.701360134960851367e-01
8.300000000000000000e+03 9.701556177123666913e-01
8.310000000000000000e+03 9.701749467870699473e-01
8.320000000000000000e+03 9.701940086995142210e-01
8.330000000000000000e+03 9.702128114290196059e-01
8.340000000000000000e+03 9.702313629549056406e-01
8.350000000000000000e+03 9.702496712564920855e-01
8.360000000000000000e+03 9.702677443130981461e-01
8.370000000000000000e+03 9.702855901040443598e-01
8.380000000000000000e+03 9.703032166086495991e-01
8.390000000000000000e+03 9.703206318062341795e-01
8.400000000000000000e+03 9.703378436761173065e-01
8.410000000000000000e+03 9.703548601976188515e-01
8.420000000000000000e+03 9.703716893500586860e-01
8.430000000000000000e+03 9.703883391127562374e-01
8.440000000000000000e+03 9.704048174650312664e-01
8.450000000000000000e+03 9.704211323862036442e-01
8.460000000000000000e+03 9.704372918555927985e-01
8.470000000000000000e+03 9.704533038525183786e-01
8.480000000000000000e+03 9.704691763563004780e-01
8.490000000000000000e+03 9.704849173462584133e-01
8.500000000000000000e+03 9.705005348017116118e-01
8.510000000000000000e+03 9.705160367019803891e-01
8.520000000000000000e+03 9.705314310263840616e-01
8.530000000000000000e+03 9.705467257542426118e-01
8.540000000000000000e+03 9.705619288648754672e-01
8.550000000000000000e+03 9.705770483376022773e-01
8.560000000000000000e+03 9.705920921517430244e-01
8.570000000000000000e+03 9.706070682866170252e-01
8.580000000000000000e+03 9.706219847215442620e-01
8.590000000000000000e+03 9.706368494358437182e-01
8.600000000000000000e+03 9.706516704088359315e-01
8.610000000000000000e+03 9.706664556198405513e-01
8.620000000000000000e+03 9.706812130481770051e-01
8.630000000000000000e+03 9.706959506731650533e-01
8.640000000000000000e+03 9.707106764741241234e-01
8.650000000000000000e+03 9.707253984303741978e-01
8.660000000000000000e+03 9.707401245212348151e-01
8.670000000000000000e+03 9.707548627260255136e-01
8.680000000000000000e+03 9.707696210240664980e-01
8.690000000000000000e+03 9.707844073946769736e-01
8.700000000000000000e+03 9.707992298171770340e-01
8.710000000000000000e+03 9.708140962708857735e-01
8.720000000000000000e+03 9.708290147351232857e-01
8.730000000000000000e+03 9.708439931892094421e-01
8.740000000000000000e+03 9.708590396124634481e-01
8.750000000000000000e+03 9.708741619842053971e-01
8.760000000000000000e+03 9.708893682837544947e-01
8.770000000000000000e+03 9.709046664904308344e-01
8.780000000000000000e+03 9.709200645835540655e-01
8.790000000000000000e+03 9.709355705424439487e-01
8.800000000000000000e+03 9.709511923464198002e-01
8.810000000000000000e+03 9.709669379748018248e-01
8.820000000000000000e+03 9.709828154069093387e-01
8.830000000000000000e+03 9.709988326220619914e-01
8.840000000000000000e+03 9.710149975995798766e-01
8.850000000000000000e+03 9.710313183187818664e-01
8.860000000000000000e+03 9.710478027589883876e-01
8.870000000000000000e+03 9.710644588995192006e-01
8.880000000000000000e+03 9.710812947196933997e-01
8.890000000000000000e+03 9.710983181988310786e-01
8.900000000000000000e+03 9.711155373162517757e-01
8.910000000000000000e+03 9.711329600512752513e-01
8.920000000000000000e+03 9.711505943832211551e-01
8.930000000000000000e+03 9.711684482914091365e-01
8.940000000000000000e+03 9.711865297551589560e-01
8.950000000000000000e+03 9.712048467537903740e-01
8.960000000000000000e+03 9.712234072666230400e-01
8.970000000000000000e+03 9.712422192729762704e-01
8.980000000000000000e+03 9.712612907521701588e-01
8.990000000000000000e+03 9.712806296835245767e-01
9.000000000000000000e+03 9.713002440463587295e-01
9.010000000000000000e+03 9.713201418199921555e-01
9.020000000000000000e+03 9.713403309837452815e-01
9.030000000000000000e+03 9.713608195169369797e-01
9.040000000000000000e+03 9.713816153988876767e-01
9.050000000000000000e+03 9.714027266089166890e-01
9.060000000000000000e+03 9.714241611263436660e-01
9.070000000000000000e+03 9.714459269304884792e-01
9.080000000000000000e+03 9.714680320006706671e-01
9.090000000000000000e+03 9.714904843162099901e-01
9.100000000000000000e+03 9.715132918564260978e-01
9.110000000000000000e+03 9.715364626006386395e-01
9.120000000000000000e+03 9.715600045281673758e-01
9.130000000000000000e+03 9.715839256183319561e-01
9.140000000000000000e+03 9.716082338504519189e-01
9.150000000000000000e+03 9.716329372038472467e-01
9.160000000000000000e+03 9.716580436578375890e-01
9.170000000000000000e+03 9.716835611917422622e-01
9.180000000000000000e+03 9.717094977848814707e-01
9.190000000000000000e+03 9.717358614165743091e-01
9.200000000000000000e+03 9.717626600661410929e-01
9.210000000000000000e+03 9.717899017129010275e-01
9.220000000000000000e+03 9.718175943361739844e-01
9.230000000000000000e+03 9.718457459152796130e-01
9.240000000000000000e+03 9.718743644295377848e-01
9.250000000000000000e+03 9.719034578582680384e-01
9.260000000000000000e+03 9.719330341807899121e-01
9.270000000000000000e+03 9.719631013764234995e-01
9.280000000000000000e+03 9.719936674244883390e-01
9.290000000000000000e+03 9.720247403043035250e-01
9.300000000000000000e+03 9.720563279951893731e-01
9.310000000000000000e+03 9.720884384764655328e-01
9.320000000000000000e+03 9.721210797274515425e-01
9.330000000000000000e+03 9.721542597274671627e-01
9.340000000000000000e+03 9.721879864558317097e-01
9.350000000000000000e+03 9.722222678918656102e-01
9.360000000000000000e+03 9.722571120148878476e-01
9.370000000000000000e+03 9.722925268042185154e-01
9.380000000000000000e+03 9.723285202391771520e-01
9.390000000000000000e+03 9.723651002990836290e-01
9.400000000000000000e+03 9.724022749632574847e-01
9.410000000000000000e+03 9.724400522110182576e-01
9.420000000000000000e+03 9.724784400216857083e-01
9.430000000000000000e+03 9.725174463745797082e-01
9.440000000000000000e+03 9.725570792490197958e-01
9.450000000000000000e+03 9.725973466243257315e-01
9.460000000000000000e+03 9.726382564798172758e-01
9.470000000000000000e+03 9.726798167948134122e-01
9.480000000000000000e+03 9.727220355486351222e-01
9.490000000000000000e+03 9.727649207206008342e-01
9.500000000000000000e+03 9.728084802900313077e-01
9.510000000000000000e+03 9.728527222362451932e-01
9.520000000000000000e+03 9.728976545385630281e-01
9.530000000000000000e+03 9.729432851763042400e-01
9.540000000000000000e+03 9.729896221287881453e-01
9.550000000000000000e+03 9.730366733753348374e-01
9.560000000000000000e+03 9.730844468952639659e-01
9.570000000000000000e+03 9.731329506678948471e-01
9.580000000000000000e+03 9.731821926725477967e-01
9.590000000000000000e+03 9.732321808885419090e-01
9.600000000000000000e+03 9.732829232951973886e-01
9.610000000000000000e+03 9.733344278718332188e-01
9.620000000000000000e+03 9.733867025977698262e-01
9.630000000000000000e+03 9.734397554523265272e-01
9.640000000000000000e+03 9.734935944148230824e-01
9.650000000000000000e+03 9.735482274645790302e-01
9.660000000000000000e+03 9.736036625809143530e-01
9.670000000000000000e+03 9.736599077431484783e-01
9.680000000000000000e+03 9.737169709306012777e-01
9.690000000000000000e+03 9.737748601225924006e-01
9.700000000000000000e+03 9.738335832984412743e-01
9.710000000000000000e+03 9.738931484374679926e-01
9.720000000000000000e+03 9.739535635189919827e-01
9.730000000000000000e+03 9.740148365223328941e-01
9.740000000000000000e+03 9.740769754268105984e-01
9.750000000000000000e+03 9.741399882117447451e-01
9.760000000000000000e+03 9.742038828564548725e-01
9.770000000000000000e+03 9.742686673402606301e-01
9.780000000000000000e+03 9.743343496424821115e-01
9.790000000000000000e+03 9.744009377424387441e-01
9.800000000000000000e+03 9.744684396194500664e-01
9.810000000000000000e+03 9.745368632528359498e-01
9.820000000000000000e+03 9.746062166219158218e-01
9.830000000000000000e+03 9.746765077060096649e-01
9.840000000000000000e+03 9.747477444844371286e-01
9.850000000000000000e+03 9.748199349365177513e-01
9.860000000000000000e+03 9.748930870415714045e-01
9.870000000000000000e+03 9.749672087789178487e-01
9.880000000000000000e+03 9.750423081278764004e-01
9.890000000000000000e+03 9.751183930677671530e-01
9.900000000000000000e+03 9.751954715779094229e-01
9.910000000000000000e+03 9.752735516376227487e-01
9.920000000000000000e+03 9.753526412262275569e-01
9.930000000000000000e+03 9.754327483230429419e-01
9.940000000000000000e+03 9.755138809073887751e-01
9.950000000000000000e+03 9.755960469585848172e-01
9.960000000000000000e+03 9.756792544559504954e-01
9.970000000000000000e+03 9.757635113788059034e-01
9.980000000000000000e+03 9.758488257064703575e-01
9.990000000000000000e+03 9.759352054182633962e-01
1.000000000000000000e+04 9.760226584935054461e-01
