# author: Fabian Haberhauer
# source: https://jwst-docs.stsci.edu/files/216457506/216457540/1/1762454226715/nircam_throughputs_Jan2025_v7.zip
# date_created: 2025-12-04
# date_modified: 2025-12-04
# wavelength_unit: um
# changes:
#   - 2025-12-04 (FH) initial transcription from source
#
wavelength  transmission
4.4968982289999975 0.0
4.498249459999999 0.0
4.499600691 0.0001480500042247901
4.5009519220000005 0.00015695737764832946
4.502303154 0.00015776357468128444
4.503654385 0.00016288057374036564
4.505005617 0.00017117840425581238
4.506356848 0.00018182158034627506
4.507708079 0.0001842027788805075
4.509059311 0.00019100014804149804
4.510410542 0.00020347247645122448
4.511761774 0.00021646193410228203
4.513113005 0.00022418815882752766
4.514464237 0.0002322553126579832
4.515815468 0.00025078586524087353
4.517166699000001 0.0002662767215335522
4.518517931 0.00027707573384947175
4.519869162 0.0002820227839583197
4.521220394 0.00030003586432724203
4.522571624999999 0.0003217878877212691
4.523922857 0.0003405599212094908
4.525274088 0.000355731687571566
4.52662532 0.0003776177784376868
4.527976551 0.00040922980102038527
4.529327782 0.00043194713987661785
4.530679014 0.00045595231082975015
4.532030245 0.0004830986150408084
4.533381477 0.0005258510503307484
4.534732708 0.0005627884423983439
4.53608394 0.0005948719021688981
4.537435171 0.0006282229735087718
4.5387864030000005 0.0006737166602199098
4.540137634 0.0007259556768123578
4.541488865 0.000770902992267519
4.542840097 0.0008213091225860946
4.544191328 0.0008790617356820689
4.54554256 0.0009480990728975353
4.5468937910000005 0.001010338551875814
4.548245023000001 0.0010747973607056175
4.549596254 0.0011481667974324854
4.550947485 0.0012291657670383093
4.552298716999999 0.0013110993652992937
4.553649948 0.0013872545597158005
4.5550011800000005 0.0014793526989182399
4.556352411 0.0015799498118123497
4.557703643 0.0016875046961052813
4.559054874 0.0017869885268298872
4.560406106 0.0018973212423281103
4.561757337 0.00202485717654119
4.563108568 0.0021583453395191093
4.5644598 0.0022936853650418684
4.565811031 0.0024290824069648047
4.567162263 0.002591242883736391
4.568513493999999 0.002760327472642647
4.569864726 0.002934707475953137
4.571215957000001 0.0031065612471132776
4.572567188 0.0033005223785518645
4.57391842 0.0035204582176628875
4.575269650999999 0.003744526262388397
4.576620883 0.0039761919667395985
4.5779721140000005 0.004215957274193655
4.579323346 0.004494479920081701
4.580674577 0.004785429322821324
4.582025809 0.005089369698002746
4.58337704 0.0054089783471215
4.584728271 0.00576126708815021
4.586079503 0.00614893590746055
4.587430734 0.0065445853600145185
4.588781966 0.0069662047089845795
4.590133197 0.007416116172634905
4.591484429 0.00791838450189596
4.59283566 0.00844383606524948
4.5941868910000005 0.008992942558195023
4.595538123 0.009588075789789739
4.596889354 0.010235633946349009
4.598240586 0.010941079400548576
4.599591817 0.011672091068794443
4.6009430490000005 0.012457958858308953
4.60229428 0.013304400182934096
4.603645512 0.014229915369931782
4.604996743 0.015210329442704354
4.606347974 0.016244670919408337
4.607699206 0.01737315460258294
4.609050437 0.018589420520851538
4.610401669 0.019903175325411422
4.611752900000001 0.021287384025675815
4.613104132 0.022775356763449113
4.614455363 0.024386791927146746
4.6158065950000005 0.02612481470473385
4.617157826 0.02797933488057578
4.618509057 0.029951523879710867
4.619860289 0.032095343107948246
4.62121152 0.03440002507908162
4.622562751999999 0.0368786624373586
4.623913983 0.039517722854096465
4.625265215000001 0.042345599494842276
4.626616446 0.04540777929357095
4.627967677 0.04868480989063737
4.629318908999999 0.05218469878445365
4.63067014 0.055914629770223837
4.6320213720000005 0.05992811437213236
4.633372603 0.06424150214149908
4.634723835 0.0688342135784666
4.636075066 0.07371552754436066
4.637426298 0.07892726015919817
4.638777529 0.08451541837063728
4.64012876 0.09044700365926443
4.641479992 0.09676524870599673
4.642831223 0.10342340144785868
4.644182455 0.11049827321879328
4.645533685999999 0.11803590186994203
4.646884918 0.1259323390928177
4.648236149000001 0.1342584031542996
4.64958738 0.1430335296279896
4.650938612 0.15223593107308447
4.652289842999999 0.16188961834522733
4.653641075 0.1719435691232657
4.6549923060000005 0.1823609693291549
4.656343538 0.1932240285577995
4.657694769 0.20446455672159664
4.659046001 0.21598449299436756
4.660397232 0.22794492750331607
4.661748463 0.24003398188685027
4.663099695 0.2523967247077453
4.664450926000001 0.2651620760625978
4.665802158 0.27774416054676104
4.667153389 0.29051728986947956
4.668504621 0.3034428400877133
4.669855852 0.3160946471917133
4.6712070830000005 0.32876603498240664
4.672558315 0.3412343428509527
4.673909546 0.3532648733200751
4.675260778 0.3651502948928362
4.676612009 0.37651807704358115
4.6779632410000005 0.3873562868863855
4.679314472 0.39785576569828407
4.680665704 0.4074633930627457
4.682016935 0.41655066412590325
4.683368166 0.4252850428250079
4.684719398 0.4328859081025186
4.686070629 0.44002001091460147
4.687421861 0.4465863624799836
4.688773092 0.4522988734642004
4.690124324 0.4575373203557177
4.691475555 0.462093818459997
4.692826787 0.46602832056929705
4.694178018 0.46952750075992306
4.695529249 0.4723939873419064
4.696880481 0.4748735762285966
4.698231712 0.4769584102339274
4.699582943999999 0.4785181744578223
4.700934175 0.4798677911070178
4.702285407000001 0.4808526788979752
4.703636638 0.48155504809193467
4.704987869 0.4821027111685358
4.706339100999999 0.48233963651973233
4.707690332 0.4824963774051435
4.7090415640000005 0.48250000094597456
4.710392795 0.4823936569652837
4.711744027 0.4822227123363234
4.713095258 0.48192730949062235
4.71444649 0.481628601284082
4.715797721 0.4813023120811183
4.717148952 0.4808752316128254
4.718500184000001 0.4804801817935367
4.719851415 0.48007558216100726
4.721202647 0.47961837081856323
4.722553877999999 0.4791982824191263
4.72390511 0.4787670606127552
4.725256341000001 0.478281928928003
4.726607572 0.4778507592598231
4.727958804 0.47743045562609476
4.729310035 0.4769653421069551
4.730661267 0.4765451591948847
4.7320124980000005 0.47610458242829995
4.73336373 0.47572387063541244
4.734714961 0.47535796914504835
4.736066193 0.47495456111365997
4.737417424 0.47458781991256527
4.738768654999999 0.4742264992456722
4.740119887 0.47385086316847835
4.741471118000001 0.4735025639922847
4.74282235 0.47313235008175203
4.744173581 0.47273348547935573
4.745524813 0.47235256028017547
4.746876044 0.47195757256579063
4.748227276 0.47153147151333263
4.749578507 0.47109487740129463
4.750929738 0.47065413950691337
4.75228097 0.4702009414548892
4.753632201 0.46975657861884784
4.7549834330000005 0.46929598904525316
4.756334664 0.46881563889400035
4.757685896 0.4683521140696669
4.759037127 0.4678911245721714
4.760388358 0.4674367555213392
4.76173959 0.46696748741542005
4.763090821 0.4664795590393253
4.764442053 0.46600435743595536
4.765793284 0.4655370693282933
4.767144516 0.46507199522806303
4.768495747 0.46459390996258737
4.769846979 0.4641147340789443
4.77119821 0.46364702189140494
4.772549441 0.46318451482462575
4.773900673 0.462722491534284
4.775251904 0.4622629294814824
4.776603135999999 0.4618151530951834
4.777954367 0.461397204245335
4.779305599000001 0.460996403534046
4.78065683 0.4605950500211492
4.782008061000001 0.4602206845808016
4.783359293 0.4598595060270515
4.784710524 0.45952827258736395
4.7860617560000005 0.4592186272512266
4.787412987 0.45889900767440067
4.788764219 0.45859274579770626
4.79011545 0.45832595399073406
4.791466682 0.45806062937501957
4.792817913 0.45778066890673236
4.7941691440000005 0.45752076465422487
4.795520376000001 0.4572386379821055
4.796871607 0.4569702793578235
4.798222839 0.45673696541563347
4.799574069999999 0.4564562326085067
4.800925302 0.4561778941058279
4.802276533000001 0.45593569580246496
4.803627764 0.4556825041121664
4.804978996 0.45543646762493367
4.806330227 0.45519331577998745
4.807681459 0.4549215459849141
4.80903269 0.4546863301900399
4.810383922 0.45441927071278576
4.811735153 0.45414872407354995
4.813086384999999 0.45386918760753225
4.814437616 0.4535554095507402
4.815788846999999 0.45324290932719724
4.817140079 0.4529560387581913
4.818491310000001 0.4526218620803887
4.819842542 0.4522319721518321
4.821193773 0.4518781601628011
4.822545005 0.4514835471554378
4.823896236 0.4510729619809879
4.825247468 0.4506900442134526
4.826598699 0.45022707163672687
4.82794993 0.44977434481025547
4.829301162 0.449372722711983
4.830652393 0.44892749396471965
4.8320036250000005 0.4485158574629542
4.833354856 0.4480372741841606
4.834706088 0.4475670041624168
4.836057318999999 0.44714558981832786
4.83740855 0.44667575906307433
4.838759782 0.4461989003667749
4.840111013 0.44573379217198705
4.841462245 0.44523891506355157
4.842813476 0.4447552084126869
4.844164708 0.4442802314045895
4.845515939 0.4437546787601262
4.846867171 0.44320155784145737
4.8482184020000005 0.44269231292220584
4.849569633 0.44215496110027264
4.850920865 0.44158738337628833
4.852272096 0.44104393826965127
4.853623327999999 0.4404512681193215
4.854974559 0.43986460412052636
4.856325791000001 0.43932260342772356
4.857677022 0.43871226906421357
4.859028253 0.4381197050838316
4.860379485 0.4374799232603417
4.861730716 0.4368351318669983
4.863081948 0.43621270464299144
4.864433179 0.43550280619285653
4.865784411 0.4347640143703416
4.867135642 0.43402796314076686
4.868486874 0.43325860700723556
4.869838105 0.4324780608003623
4.8711893360000005 0.43168033684315477
4.872540568000001 0.43082654657741665
4.873891799 0.42996975384645064
4.875243031 0.42913365885328614
4.876594261999999 0.4282705685981447
4.877945494 0.4273841369665343
4.879296725000001 0.4263613352961583
4.880647956 0.42534346713120247
4.881999188 0.4243337016954474
4.883350419 0.423219863295099
4.884701651 0.42221621122930686
4.886052882 0.4210892682918801
4.887404114 0.4201228497390349
4.888755345 0.4191761827942719
4.890106576999999 0.4181291466981114
4.891457808 0.41720374463583587
4.892809038999999 0.4162856514384675
4.894160271 0.41529885936256666
4.895511502000001 0.414471792193428
4.896862734 0.41367598807577693
4.898213965 0.41276733235317087
4.899565197 0.4120171284731252
4.900916428 0.411312189332905
4.902267660000001 0.410538647299429
4.903618891 0.40989955565237757
4.904970122 0.40926240432548566
4.906321354 0.4085048126533778
4.907672585 0.40788265244245125
4.9090238170000005 0.40714991996551403
4.910375048 0.4064896322807746
4.91172628 0.4057854267849906
4.913077511 0.40483973987484967
4.914428742 0.40398499703141677
4.915779974 0.40298537716129185
4.917131205 0.40171357788236456
4.918482437 0.4003763656477574
4.919833668 0.3988031312211144
4.9211849 0.39698808263814916
4.922536131 0.39492921874355524
4.923887363 0.39273588062864595
4.9252385940000005 0.3899688908134855
4.926589825 0.3870879767583144
4.927941057 0.3839574204595238
4.929292288 0.3802823187716795
4.930643519999999 0.3766491503871332
4.931994751 0.3723868930632749
4.933345983000001 0.367911946278745
4.934697214 0.36324314386710077
4.936048445 0.35823923667185126
4.937399677 0.3532534295804909
4.938750908 0.34790786993806855
4.94010214 0.34247806355037413
4.941453371 0.33693223125809246
4.942804603 0.33147527301978635
4.944155834 0.32584558538069247
4.945507066 0.32034572407274414
4.946858297 0.3149378701757245
4.9482095280000005 0.3094783433939467
4.949560760000001 0.30435607443002516
4.950911991 0.29931174772299496
4.952263223 0.2943454460585774
4.953614453999999 0.2896176711708603
4.954965686 0.2851030148367126
4.9563169170000005 0.2806930293509723
4.957668148 0.2765499998897363
4.95901938 0.27249382546907147
4.960370611 0.26865334011341213
4.961721843 0.2650064400547186
4.963073074 0.26142890406652103
4.964424306 0.25807857104262744
4.965775537000001 0.25484891853146097
4.967126769 0.25156534656449236
4.968478 0.24849819466947498
4.969829230999999 0.24549714324376776
4.971180463 0.2424670755247244
4.972531694000001 0.23952545694791894
4.973882926 0.23658683245251025
4.975234157 0.2335585723821002
4.976585389 0.2306044527874125
4.97793662 0.2277016172260452
4.979287852000001 0.22450945347279447
4.980639083 0.22142708948569792
4.981990314 0.21819106112526415
4.983341545999999 0.21482264002666793
4.984692777 0.21147204087154534
4.986044009 0.20784004103331755
4.98739524 0.20425127866558832
4.988746472 0.20038714856460513
4.990097703 0.19644936844707606
4.991448934 0.1923526973096777
4.992800166 0.18818952230954739
4.994151397 0.18373728293710814
4.995502629 0.17922471827626812
4.99685386 0.1746461626785402
4.998205092 0.1697885193248988
4.999556323 0.16505984138052857
5.000907555 0.15997322497070784
5.0022587860000005 0.1549373746547334
5.003610017 0.1497893008497005
5.004961249 0.14465707287287435
5.006312479999999 0.13945406242504763
5.007663711999999 0.1341999653012481
5.009014943 0.12897530981242294
5.010366175 0.12371786334531786
5.011717406 0.11861958754422697
5.013068637 0.1134241978685521
5.014419869 0.10842058548471588
5.0157711 0.10341805754357553
5.017122332 0.09851832966911803
5.018473563 0.09377896356621003
5.019824795000001 0.08915237335294506
5.021176026 0.08467630238738824
5.022527258 0.08028747742745322
5.023878489 0.07610080464939857
5.0252297200000005 0.0720179217135213
5.026580952000001 0.06815409835682823
5.027932183 0.06443398296627054
5.029283415 0.06084792561204977
5.030634646 0.057427526219603814
5.031985878 0.054182622997340724
5.033337109 0.05109731148082452
5.034688341 0.04817507350761392
5.036039572 0.04539909984541147
5.037390803 0.04274377186103363
5.038742035 0.04024639495023395
5.040093266 0.03788531178464282
5.041444498 0.03567113720991549
5.042795729000001 0.033581029916771504
5.044146961 0.0315888984497597
5.045498192 0.02971720983598601
5.046849422999999 0.02797600843770052
5.048200655 0.026333263923060422
5.049551886000001 0.024789410561438845
5.050903118 0.023334136721540756
5.052254349 0.021944497357084567
5.053605581 0.02065590073656046
5.054956812 0.01946288609866497
5.056308044000001 0.018331398126726822
5.057659275 0.01727096820529168
5.059010506 0.01626120475738892
5.060361737999999 0.015314233810920046
5.061712969 0.014447889899876535
5.063064201 0.013629762328038924
5.064415432 0.012861600816821903
5.065766664 0.01213627327018272
5.067117895 0.011447728131074924
5.068469126 0.010809123509106493
5.069820358 0.010221374018886127
5.071171589 0.00965965160273733
5.072522821 0.009126316447269495
5.073874052 0.00862338193251223
5.075225284 0.008147570567234903
5.076576515 0.007718730925852952
5.077927747 0.007315569382085462
5.0792789780000005 0.006921157135294823
5.080630209 0.006549710923652075
5.081981441 0.006200550985611594
5.083332671999999 0.005875620673755896
5.084683904 0.005580996526633649
5.086035135 0.005294132274158849
5.087386367 0.00501670909499807
5.088737598 0.004757459917554532
5.090088829 0.004512760383235999
5.091440061 0.004292986219230181
5.092791292 0.004087033727605091
5.094142524 0.003877039854600843
5.095493755000001 0.003678608297159676
5.096844987000001 0.0034962388459571425
5.098196218 0.003324880410566195
5.09954745 0.0031704621930099567
5.100898681000001 0.0
5.102249912000002 0.0
