# author: Fabian Haberhauer
# source: https://jwst-docs.stsci.edu/files/216457506/216457540/1/1762454226715/nircam_throughputs_Jan2025_v7.zip
# date_created: 2025-12-04
# date_modified: 2025-12-04
# wavelength_unit: um
# changes:
#   - 2025-12-04 (FH) initial transcription from source
#
wavelength  transmission
3.998293828 0.0
3.999645059 0.0
4.00099629 1.777602610181571e-05
4.002347521 1.8454446335781827e-05
4.003698753 1.797609105909343e-05
4.005049984 1.7746250671337175e-05
4.006401216 1.7698627268380168e-05
4.007752447 1.8321253076842726e-05
4.009103679 1.9011151731070774e-05
4.01045491 1.9637233065407958e-05
4.011806141 2.0132867880176975e-05
4.013157373 2.056696149691209e-05
4.014508604 1.9811375590554826e-05
4.015859836 1.8510900345359266e-05
4.017211067 1.782922765462443e-05
4.018562299 1.7454523794607977e-05
4.01991353 1.7771549013851846e-05
4.021264761 1.8688155437812173e-05
4.022615993 1.9757188153092208e-05
4.023967224 2.099713018104001e-05
4.025318456 2.2786810435467554e-05
4.026669687 2.3518188815768644e-05
4.028020919 2.2074779733570438e-05
4.02937215 2.0319910519443242e-05
4.030723382 2.0431689762058185e-05
4.032074613 2.2378804840535867e-05
4.033425844 2.5650995897415994e-05
4.034777076 2.78522098472534e-05
4.036128307 2.6944409107866858e-05
4.037479539 2.554090012414524e-05
4.03883077 2.662044198305073e-05
4.040182002 2.9404740941220574e-05
4.041533233 3.244416595542414e-05
4.042884465 3.460765887743068e-05
4.044235696 3.721199556261712e-05
4.045586927 3.8732810272805714e-05
4.046938159 4.017293356623216e-05
4.04828939 4.293004008126839e-05
4.049640622 4.5421640893916324e-05
4.050991853 4.827132624585773e-05
4.052343085 5.2887087391742874e-05
4.053694316 6.12229491288718e-05
4.055045547 6.98358409682511e-05
4.056396779 7.615032020259658e-05
4.05774801 8.182594426155077e-05
4.059099241999999 8.682647989156148e-05
4.060450473 9.135092787476372e-05
4.061801705 9.633404569720617e-05
4.063152936 0.00010371297327102498
4.064504168 0.00011135463874631011
4.065855399 0.00011717597300801589
4.06720663 0.00012347467606745142
4.0685578620000005 0.00013185263085568858
4.069909093000001 0.00014280590207330762
4.071260325 0.00015516416589041898
4.072611556 0.00016727341924544094
4.073962788 0.00018008745225320575
4.075314019 0.00019552219095243974
4.07666525 0.00021327419530845664
4.078016482 0.00023248588972659475
4.079367713 0.00025232492068696786
4.080718945 0.00027362685631536227
4.082070176 0.0002982678586887545
4.083421408 0.00032608480678480387
4.084772639 0.0003567869989386769
4.086123871 0.00038998067182263344
4.087475102 0.00042559156330272143
4.088826333 0.00046477253045509273
4.090177565 0.000509705241450355
4.091528796 0.0005590974284901296
4.092880028 0.0006126527732800168
4.094231259 0.0006711916880170067
4.095582491 0.0007353174283799683
4.096933722 0.0008055320410724916
4.098284953 0.0008830902791969087
4.0996361850000005 0.0009696401942926249
4.100987416 0.0010647822297413648
4.102338648 0.0011691146142427567
4.103689878999999 0.0012840473278614819
4.105041110999999 0.0014133616728430015
4.106392342 0.0015596942567047156
4.107743574 0.0017228830207005772
4.109094805 0.0019039755471881232
4.110446036 0.002104174403805255
4.111797268 0.002326469264161454
4.113148499 0.0025751296701201727
4.114499731 0.0028551091285604693
4.115850962000001 0.0031698979034295166
4.117202194000001 0.003523237530021244
4.118553425 0.00391889410794096
4.119904657 0.004363628831900281
4.121255887999999 0.004865998428665129
4.122607119 0.005433351543142095
4.123958351000001 0.006073099209821964
4.125309582 0.006797080036338927
4.126660814 0.007614484932526675
4.128012045 0.008539809339422617
4.129363277 0.009584935294079592
4.130714508 0.010773413386822193
4.132065739 0.012126003274372063
4.133416971 0.013661432880419228
4.134768202 0.015408336855548387
4.136119434 0.01740244663317335
4.137470665 0.01967781517469759
4.138821897 0.022271625812972103
4.140173128000001 0.025236407429777383
4.14152436 0.028619659628450693
4.142875591 0.03248490037184028
4.144226821999999 0.03690377182759082
4.145578054 0.041947119535575034
4.146929285000001 0.04769595526142403
4.148280517 0.05424639483317629
4.149631748 0.06168271272704243
4.15098298 0.070120679885605
4.152334211 0.07964065784520066
4.153685442 0.09031824461717948
4.155036674 0.1022774790412927
4.156387905 0.11557718433842684
4.157739136999999 0.13029024596158026
4.159090368 0.14638178929135126
4.1604416 0.16380072619456085
4.161792831 0.18254949362702122
4.163144063 0.2025578519257723
4.164495294 0.2236510440940031
4.165846525 0.2455254564348466
4.167197757 0.2677336128562324
4.168548988 0.2902078664444629
4.169900220000001 0.31270837033916454
4.171251451 0.33497614099475753
4.172602683 0.35651030576400755
4.173953914 0.37668787154601346
4.175305146 0.3958750811970513
4.1766563770000005 0.413838529036995
4.178007608 0.4305105722536829
4.17935884 0.44571175748587555
4.180710071 0.45898734976579436
4.182061303 0.4709186197793598
4.183412534 0.48149886622171184
4.184763766 0.4908111424149143
4.186114997 0.4988908463666105
4.187466228 0.5054419733693942
4.18881746 0.5110587579099479
4.190168691 0.515825497333665
4.191519923 0.5197657847086226
4.1928711540000005 0.5229487470563379
4.194222386000001 0.5254388845768749
4.195573617 0.5274325986216186
4.196924849 0.5290074119196214
4.198276079999999 0.5302486072801077
4.199627311 0.531207871610837
4.200978543 0.5318756707633818
4.202329774 0.5323839132674257
4.203681006 0.5327656185715083
4.205032237 0.5330728016154929
4.206383469 0.5332563413847842
4.2077347 0.5333759353680987
4.209085931 0.5334910832156816
4.210437163 0.5335781408521251
4.211788394 0.5336291887739637
4.213139626 0.533688616255457
4.214490857 0.5337794901886773
4.215842089 0.5338643001839349
4.217193320000001 0.5339516796434227
4.218544552 0.5340715175811515
4.219895783 0.5342312906263093
4.221247013999999 0.5343651476222397
4.222598246 0.5345138698513761
4.223949477 0.5346862410451139
4.225300709 0.5348663616040135
4.22665194 0.5350092267074493
4.228003171999999 0.5351616866394062
4.229354403 0.5353207054651222
4.230705634 0.5354632725766069
4.232056866 0.5355532375384713
4.233408097000001 0.5356626054819724
4.234759329 0.5357515992128126
4.23611056 0.5358015533668683
4.237461792 0.5358215782645186
4.238813023 0.5358672740552948
4.240164255 0.535877081141156
4.241515486 0.5358634780591072
4.242866717 0.5358285664672527
4.244217949 0.5357950602123167
4.24556918 0.5356926591620079
4.246920412000001 0.5355406503037685
4.248271643 0.5353483740154106
4.249622875 0.5351412777104518
4.250974105999999 0.5348276811395924
4.252325338 0.5344641394410603
4.2536765690000005 0.5340617682991191
4.2550278 0.5336073926395297
4.256379032 0.5330264614211491
4.257730263 0.5323566180487733
4.259081495 0.5316004191154203
4.260432726 0.5307311404172543
4.261783958 0.5296913273248431
4.263135189 0.5284559036425914
4.26448642 0.5270187639026868
4.265837652 0.5253208528765887
4.267188883 0.5233125180061602
4.268540115 0.5208295076001077
4.2698913460000005 0.5178782093833265
4.271242578000001 0.5145632843504624
4.272593809 0.5110322141937071
4.273945041 0.5077695201920276
4.275296271999999 0.5059366601288176
4.276647503 0.5059436112423956
4.277998735 0.5079252505043825
4.279349966 0.5119743493659168
4.280701198 0.5165217605255272
4.282052429 0.5201843486522799
4.283403661 0.5226739868921539
4.284754892 0.523866050893935
4.286106123 0.5238807574127498
4.287457355 0.5235789454142828
4.288808586 0.5231294214382907
4.290159818 0.522668493376657
4.291511049 0.5221641849675378
4.292862281 0.521671337398041
4.294213512000001 0.5212235266609317
4.295564744 0.5207807032812586
4.296915975 0.5203213070759485
4.298267206 0.5199111172271187
4.299618438 0.5195113509278884
4.300969669 0.5191344827488397
4.302320901 0.5187700615617805
4.303672132 0.5184332748839997
4.305023363999999 0.5181622933670156
4.306374595 0.5178988921352965
4.307725826 0.5176455160842135
4.309077058 0.5174984573019629
4.310428289000001 0.5173723640215004
4.311779521 0.5172761884125759
4.313130752 0.517216672460244
4.314481984 0.5172062731307243
4.315833215 0.5172259957837202
4.317184447 0.5172919229688533
4.318535678 0.5173331507524143
4.319886909 0.5174429659267903
4.321238141 0.5175975609482772
4.322589372 0.5177280949684713
4.323940604000001 0.5178556870824003
4.325291835 0.5180554268377482
4.326643067 0.5182076120255621
4.327994297999999 0.5183357770287005
4.329345529999999 0.518467130161075
4.330696761 0.518583517035388
4.332047992 0.5186901109110549
4.333399224 0.5187206826990832
4.334750455 0.5187034789667699
4.336101687 0.5186822366675838
4.337452918 0.5185586525301284
4.33880415 0.5183591994403173
4.340155381 0.5181153791637558
4.341506612 0.5177752707672276
4.342857844 0.5173439016917769
4.344209075 0.5168483205810853
4.345560307 0.51624525768169
4.3469115380000005 0.5155686633694632
4.34826277 0.5148347409861249
4.349614001 0.5139802767599724
4.350965233 0.5130695935457008
4.352316464 0.5121159892683901
4.353667695 0.5110887569310761
4.355018927 0.5100114191940448
4.356370158 0.5089090473947312
4.35772139 0.5077824446002914
4.359072621 0.5066345247168111
4.360423853 0.5054382795866255
4.361775084 0.5042527315532577
4.363126315000001 0.5030438118667229
4.364477547000001 0.5017852176699531
4.365828778 0.500464032812694
4.36718001 0.49907233131622
4.368531241 0.49754270423330105
4.369882473 0.4958520223825016
4.371233704 0.4939104648763913
4.372584936 0.4916199187121673
4.373936167 0.48894846726592034
4.375287398 0.48584105549457046
4.37663863 0.4819756218041902
4.377989861 0.4773423715403528
4.379341093 0.47195236997249645
4.380692324 0.4657483767241588
4.382043555999999 0.4580221619997096
4.383394787 0.4492455457363103
4.384746018 0.4393979463466663
4.38609725 0.42819479845586267
4.387448481000001 0.41522826408725977
4.388799713 0.40112115743666255
4.390150944 0.38594054591533444
4.391502176 0.3691033635476169
4.392853407 0.3509629038952874
4.394204639 0.3320674889015137
4.39555587 0.3126086554906778
4.396907101 0.29178015988519
4.398258332999999 0.2708902173737011
4.399609564 0.2501450892595228
4.400960796000001 0.2294980019560675
4.402312027 0.20901131533619655
4.403663259 0.18941439133510263
4.405014489999999 0.17085156105315877
4.406365721999999 0.15311708000332142
4.407716953 0.1366222916929258
4.409068184 0.12150914339044495
4.410419416 0.1077227584493427
4.411770647 0.09517007672480218
4.413121879 0.08394778382588994
4.41447311 0.07394650438784156
4.415824342 0.06506137260348238
4.417175573000001 0.05721557360103707
4.418526804 0.0503088475713714
4.419878036 0.04423850733114315
4.421229266999999 0.03893314994568909
4.422580499 0.034285572543594114
4.4239317300000005 0.03021517834729741
4.425282962 0.026660191056625857
4.426634193 0.023559834025160934
4.427985425 0.02084456161707733
4.429336656 0.018464182344399394
4.430687887 0.016388733390534663
4.432039119 0.014567286280431767
4.43339035 0.012964659586128718
4.434741582 0.011555275035377996
4.436092813 0.010316349496514166
4.437444045 0.009222809951920137
4.438795276 0.00825763531486234
4.440146507000001 0.007407132787489489
4.441497739000001 0.00665164838096141
4.44284897 0.005980239304421989
4.444200202 0.0053859717692820025
4.445551432999999 0.0048568499659
4.446902665 0.004385434268845106
4.448253896 0.003966299639529526
4.449605128 0.0035941185749916466
4.450956359 0.003258311622697836
4.45230759 0.002955347543838002
4.453658822 0.0026847449507877087
4.455010053 0.0024427517573096073
4.456361285 0.0022244646652084133
4.457712516 0.002026593399901454
4.459063747999999 0.0018492844430588432
4.460414979 0.0016897704195603085
4.4617662110000005 0.0015462230613364557
4.463117442 0.0014161544915389733
4.464468673000001 0.001298377191043446
4.465819905 0.0011915639006616012
4.467171136 0.0010949107183846566
4.468522368 0.001006240602593266
4.469873599 0.0009252771444241135
4.471224831000001 0.0008517296115410427
4.472576062 0.0007847103710300132
4.473927293 0.0007234430828884162
4.475278524999999 0.0006674483891569353
4.476629756 0.0006168575096671838
4.4779809880000006 0.0005698386687213902
4.479332219 0.0005264201426740524
4.480683451 0.00048683247005770335
4.482034682 0.00045129033993119574
4.483385914 0.00041835101992646463
4.484737145 0.0003872264496862861
4.486088376 0.0003593454664979651
4.487439608 0.0003346959047417254
4.488790839 0.00031303863504373805
4.490142071 0.00029152424485801725
4.491493302 0.0002702356554256181
4.492844534 0.00024957739933262216
4.494195765000001 0.00022986500452103784
4.495546996 0.00021272521947233455
4.496898228 0.00019834313503493202
4.498249458999999 0.00018797078249100396
4.499600691 0.00017810821390996676
4.5009519220000005 0.00016758781576437163
4.502303154 0.00015573573044615525
4.503654385 0.00014635232144574457
4.505005617 0.00013856789914176306
4.506356848 0.00013231787015161744
4.507708079 0.00012421759001875787
4.509059311 0.00011693568885179661
4.510410542 0.00011049231493370643
4.511761774 0.00010476052571879282
4.513113005 9.84662846838506e-05
4.514464237 9.230294485311906e-05
4.515815468 8.716509377695759e-05
4.517166699000001 8.309266684007854e-05
4.518517931 7.953821054332088e-05
4.519869162 7.635130652181847e-05
4.521220394 7.354773751333852e-05
4.522571624999999 7.022010666869071e-05
4.523922857 6.601487034417218e-05
4.525274088 6.094659662368877e-05
4.52662532 5.6524820337779005e-05
4.527976551 5.278007443160223e-05
4.529327782 4.900057414393057e-05
4.530679014 4.5700425779289165e-05
4.532030245 4.2978109105144984e-05
4.533381477 3.9883015771087314e-05
4.534732708 3.511712293911467e-05
4.53608394 2.9991313122204487e-05
4.537435171 2.6340341186097236e-05
4.5387864030000005 2.5646739742423632e-05
4.540137634 2.5955499746591035e-05
4.541488865 2.5696575811675456e-05
4.542840097 2.470810851032504e-05
4.544191328 2.357984490175674e-05
4.54554256 2.263814029108521e-05
4.5468937910000005 2.0745432615896874e-05
4.548245023000001 2.002779753833484e-05
4.549596254 1.9180919959182708e-05
4.550947485 0.0
4.552298716 0.0
