# author: Fabian Haberhauer
# source: https://jwst-docs.stsci.edu/files/216457506/216457540/1/1762454226715/nircam_throughputs_Jan2025_v7.zip
# date_created: 2025-12-04
# date_modified: 2025-12-04
# wavelength_unit: um
# changes:
#   - 2025-12-04 (FH) initial transcription from source
#
wavelength  transmission
2.296355305 0.0
2.297963397 0.0
2.299571489 7.247772600662786e-07
2.301179581 1.2926233839092614e-06
2.302787673 7.734253112828941e-07
2.304395765 2.2921151176346494e-07
2.3060038570000003 1.4132911615576513e-07
2.307611949 2.6081175925812074e-07
2.309220041 9.064865164191994e-07
2.310828133 3.830785165060686e-06
2.312436225 1.8560213577638143e-06
2.314044317 1.2884505984284271e-06
2.315652409 1.8842733942336385e-06
2.3172605010000003 4.608075032634917e-06
2.318868592 1.425955195501937e-05
2.3204766840000004 1.3106051825011574e-05
2.322084776 1.2946284190300352e-05
2.323692868 1.444442549927285e-05
2.32530096 2.1105557086100854e-05
2.326909052 2.7971278403870494e-05
2.328517144 3.758283491460462e-05
2.330125236 4.974747914428831e-05
2.331733328 5.351826449753572e-05
2.33334142 4.9271214468675874e-05
2.334949512 4.5692735867300785e-05
2.336557604 6.045348854195955e-05
2.338165696 9.108014617927782e-05
2.339773788 0.00013390077752772377
2.34138188 0.00010052636286101273
2.342989972 8.74791672772112e-05
2.344598064 9.447098880400177e-05
2.346206156 0.00012495387907016214
2.347814248 0.0001870359031298942
2.3494223400000003 0.00018619392319420026
2.3510304310000003 0.00017981336193574184
2.352638523 0.0001833698379610222
2.354246615 0.0002239230140923267
2.355854707 0.0002744072694740828
2.357462799 0.0003396368434418225
2.359070891 0.0004003623882944165
2.360678983 0.0004644999559838945
2.362287075 0.000546336438030582
2.363895167 0.000629952775921894
2.365503259 0.0007564924530430234
2.367111351 0.0009731558690217269
2.368719443 0.0012266190763958074
2.370327535 0.001520834438112726
2.371935627 0.001789085531705884
2.373543719 0.0021292526858771674
2.3751518110000003 0.002634086439695491
2.376759903 0.003277340075406493
2.378367995 0.004073703453742002
2.379976087 0.004915844530659762
2.381584179 0.005941928763051066
2.383192271 0.007223491508304482
2.384800362 0.008851762414953524
2.386408454 0.010845855130680971
2.388016546 0.013133253544764977
2.389624638 0.015785300188284994
2.39123273 0.01898036683681269
2.392840822 0.02245771265983543
2.3944489140000003 0.026540012768723857
2.396057006 0.031274774523933666
2.397665098 0.03627813994399976
2.39927319 0.042108615992946616
2.400881282 0.048514529331971874
2.4024893740000004 0.055341424793740594
2.404097466 0.0631275118439829
2.405705558 0.07156907309959096
2.40731365 0.08091863196375827
2.408921742 0.09143461737852822
2.410529834 0.10246433544326061
2.412137926 0.11462661288287042
2.413746018 0.12807121318095832
2.41535411 0.14167707857947653
2.416962201 0.15664060054103765
2.418570293 0.17251415380422894
2.4201783850000003 0.18755276260606057
2.421786477 0.20384820262798248
2.423394569 0.21984190456866765
2.425002661 0.23471010083047628
2.426610753 0.2506956137305077
2.428218845 0.26521139642378994
2.429826937 0.2789750422485822
2.431435029 0.2941520444275282
2.4330431210000003 0.3070484422775369
2.434651213 0.31997049310039216
2.436259305 0.3343103221422331
2.437867397 0.3452658516527968
2.439475489 0.3570257321259408
2.441083581 0.36926239678574113
2.442691673 0.3775270111250374
2.444299765 0.38640330300861886
2.4459078570000004 0.39453265377062385
2.447515949 0.39980792615322375
2.44912404 0.40520293268182883
2.450732132 0.4090831806089027
2.452340224 0.41096967935140805
2.453948316 0.4130887621375318
2.455556408 0.41438155061182563
2.4571645 0.41498250139688864
2.458772592 0.41580847024435996
2.460380684 0.4161598735700996
2.461988776 0.4165519371437829
2.463596868 0.4167175236313859
2.46520496 0.41680898114605036
2.466813052 0.41709052202748675
2.468421144 0.41714471193552344
2.470029236 0.4173794302451923
2.471637328 0.4178283937513909
2.47324542 0.4180506947437743
2.474853512 0.4182356957160782
2.4764616040000003 0.4184046756383397
2.478069696 0.4185745120788841
2.479677788 0.4189349225773071
2.481285879 0.41906326908590746
2.482893971 0.41942023625493696
2.484502063 0.4197472481530812
2.486110155 0.4198515875943316
2.487718247 0.42018304290636355
2.489326339 0.4202556149373987
2.4909344310000003 0.4205536632389396
2.492542523 0.42084981174569147
2.494150615 0.42108259745780696
2.495758707 0.4213180121820007
2.497366799 0.4215533292106125
2.498974891 0.42167987621696534
2.499778162 0.4136064349775262
2.5011293930000003 0.41370327908003035
2.502480624 0.4137165417390218
2.503831856 0.4137315657926047
2.505183087 0.41374120252628366
2.506534319 0.41369957824242626
2.50788555 0.41363439844316885
2.509236782 0.4135496461136288
2.510588013 0.413459369706443
2.511939244 0.41335679747320564
2.5132904760000003 0.41327872401371135
2.514641707 0.4131859016623259
2.515992939 0.4131221621648107
2.51734417 0.4131085215364707
2.518695402 0.4131037023939247
2.520046633 0.41314174686758953
2.521397865 0.41321648905077524
2.522749096 0.41330341324370573
2.524100327 0.41342091343706866
2.525451559 0.41364202117563986
2.52680279 0.413834288431529
2.5281540220000003 0.41410774189715227
2.529505253 0.4143874753372451
2.530856485 0.41466394802240225
2.532207716 0.41492006413901067
2.533558948 0.4152976282380002
2.534910179 0.41565800687484544
2.5362614100000003 0.4158371877010258
2.537612642 0.41626436674713524
2.538963873 0.416514075946904
2.5403151050000004 0.4167244888812908
2.541666336 0.41676930380008914
2.543017568 0.4167055174614105
2.544368799 0.41684977230061626
2.54572003 0.4168739618656314
2.547071262 0.4166201529146356
2.548422493 0.41639168307906316
2.549773725 0.4161968349662687
2.551124956 0.41574801044557097
2.552476188 0.41522098793775375
2.553827419 0.41497878214774236
2.5551786510000003 0.41462755501957616
2.556529882 0.41403539281579743
2.557881113 0.4134639662889943
2.559232345 0.4128171378367037
2.560583576 0.4116876148079737
2.561934808 0.4108911356672624
2.5632860390000003 0.4104550985538966
2.564637271 0.4099659920017519
2.565988502 0.40996020227837543
2.567339733 0.40956093088214274
2.568690965 0.408940895549884
2.570042196 0.40845616779987853
2.571393428 0.4087833847909733
2.572744659 0.40816630120662384
2.574095891 0.4083384293998671
2.575447122 0.40889307837087546
2.576798354 0.40872888189028767
2.578149585 0.40974835336753174
2.5795008160000004 0.41035744062317653
2.580852048 0.4105839561784758
2.582203279 0.4116492283740023
2.583554511 0.4119147611024372
2.584905742 0.4135273614557306
2.586256974 0.4148346096919956
2.587608205 0.4157815188870905
2.588959437 0.4173364453964147
2.590310668 0.418967232773391
2.591661899 0.4202389607291109
2.593013131 0.4213584817524307
2.594364362 0.4209015237156001
2.595715594 0.4232096228128324
2.597066825 0.4258559479081305
2.598418057 0.4272447463740402
2.599769288 0.4283766123888779
2.601120519 0.42879688908665436
2.602471751 0.42924662860510393
2.603822982 0.4294115222623708
2.6051742140000003 0.4286180986856851
2.6065254450000004 0.42950894536086437
2.607876677 0.4296952030166121
2.609227908 0.42919524396637265
2.61057914 0.4292803049532167
2.611930371 0.42911068691363674
2.613281602 0.4280820346438884
2.614632834 0.42710279492499786
2.615984065 0.4262669584173371
2.617335297 0.42582489964386316
2.618686528 0.4264320084626447
2.62003776 0.42528398539758394
2.621388991 0.4256084251655638
2.622740222 0.4256596642903648
2.624091454 0.42521778342128813
2.625442685 0.42447695843346883
2.626793917 0.42343578154551065
2.628145148 0.42373571543219624
2.62949638 0.4227174369176367
2.630847611 0.4219999412036214
2.6321988430000003 0.42268652681817
2.6335500740000004 0.42211450138249285
2.634901305 0.4220879627014785
2.636252537 0.4221255099749308
2.637603768 0.42202398106729455
2.638955 0.42199018883719236
2.640306231 0.42200486637439105
2.641657463 0.4219463761125127
2.643008694 0.4221651872292249
2.6443599250000003 0.42233832375812025
2.645711157 0.4222949395432376
2.647062388 0.4229701769173794
2.64841362 0.42339364501088017
2.649764851 0.42378238479582875
2.651116083 0.4231120889012041
2.652467314 0.42295461527215156
2.653818546 0.4237734020612643
2.655169777 0.4237604468206999
2.6565210080000004 0.42429885967983527
2.65787224 0.4247104077902838
2.659223471 0.42442097354213515
2.6605747030000004 0.42481107379114724
2.661925934 0.42509973287791336
2.663277166 0.42506817902945526
2.664628397 0.42412602078963557
2.665979629 0.42419578596670604
2.66733086 0.42417900883815907
2.668682091 0.4250565854344863
2.670033323 0.4232323652011062
2.6713845540000003 0.4242446250884705
2.672735786 0.42505430649243997
2.674087017 0.4246770601715819
2.675438249 0.42401010111643656
2.67678948 0.42357465240625936
2.678140711 0.4236909289953262
2.679491943 0.42347464341907004
2.680843174 0.4241008721413173
2.6821944060000003 0.423739264287357
2.6835456370000004 0.4232341692967949
2.684896869 0.423266248735774
2.6862481 0.42284443944970634
2.687599332 0.42288844784302926
2.688950563 0.42272477332881664
2.690301794 0.4226978522701249
2.691653026 0.42248745571516333
2.693004257 0.42174920624200307
2.694355489 0.421636263619669
2.69570672 0.42202196804286346
2.697057952 0.4224943071852971
2.6984091830000003 0.42265902225598295
2.699760414 0.4226821757334214
2.701111646 0.4234387991815125
2.702462877 0.4239875196180003
2.703814109 0.4243559414609978
2.70516534 0.4246959227927857
2.706516572 0.4249725089287509
2.707867803 0.42497529870162754
2.7092190350000003 0.4249626170470774
2.7105702660000004 0.42481500190648286
2.711921497 0.4256879852091181
2.713272729 0.42672757966562846
2.71462396 0.42696084976702087
2.715975192 0.42716027821046954
2.717326423 0.42729463461696926
2.718677655 0.4274742088265868
2.720028886 0.4265709485350556
2.7213801170000003 0.42722338958127926
2.722731349 0.42812274474704426
2.72408258 0.4275019095565923
2.7254338120000003 0.42800786977695604
2.726785043 0.42871255011781345
2.728136275 0.4289915027664894
2.729487506 0.42900933008705433
2.730838738 0.4289249182293509
2.732189969 0.4289633869183055
2.7335412000000003 0.42871795648728095
2.734892432 0.4280656673921206
2.736243663 0.4285768399012084
2.737594895 0.4282995908301589
2.738946126 0.4272252435388507
2.740297358 0.42696474137411033
2.741648589 0.427312722204544
2.742999821 0.4277771150056278
2.744351052 0.42785382942272043
2.745702283 0.427618448525081
2.747053515 0.4275918287599575
2.7484047460000003 0.42743895426068435
2.749755978 0.42736051688644494
2.751107209 0.4265322253282672
2.7524584410000004 0.42581997587320675
2.753809672 0.42488092101594516
2.755160903 0.4226577311788095
2.756512135 0.42270875739632946
2.757863366 0.4228415971963532
2.759214598 0.42181450088346917
2.760565829 0.42124004202427984
2.761917061 0.42028811217090833
2.763268292 0.41980017703626415
2.764619524 0.42024657190596915
2.765970755 0.420404874535829
2.767321986 0.420264492561271
2.768673218 0.42064635007591833
2.770024449 0.42075148286172115
2.771375681 0.4211551869024107
2.772726912 0.4218581164552567
2.774078144 0.4225081098911563
2.7754293750000003 0.4229127392704617
2.776780606 0.4232757511596379
2.778131838 0.42387072195455366
2.779483069 0.4244257831234682
2.780834301 0.42489931199180847
2.782185532 0.4255584393803573
2.783536764 0.42624090656320257
2.784887995 0.42685204466642507
2.786239227 0.42710715494938684
2.787590458 0.4276221685933316
2.788941689 0.428595626064968
2.7902929210000003 0.42945143985419687
2.791644152 0.42999997517111943
2.792995384 0.4304909866876335
2.794346615 0.4311346438115521
2.795697847 0.4316367909773676
2.797049078 0.43219754552184086
2.7984003090000003 0.4326454359521953
2.799751541 0.4330422743067749
2.801102772 0.43332986892927444
2.8024540040000003 0.4332105192831722
2.803805235 0.4335949608651054
2.805156467 0.43428798704291494
2.806507698 0.4346613623424667
2.80785893 0.4348656418206244
2.809210161 0.4350226046501059
2.810561392 0.43521987198891426
2.811912624 0.43532957647160037
2.813263855 0.43536405862532157
2.814615087 0.43534896804842904
2.815966318 0.4354502460192392
2.8173175500000003 0.4354658043509664
2.818668781 0.435332508730504
2.820020013 0.4352042765802018
2.821371244 0.4352784107004434
2.822722475 0.4354348627425626
2.824073707 0.4354754482887834
2.8254249380000003 0.4355003880062851
2.82677617 0.43551080777352336
2.828127401 0.43551035710082103
2.8294786330000004 0.4356139155573209
2.830829864 0.43567117085924756
2.832181095 0.43561171107040725
2.833532327 0.43561256691259487
2.834883558 0.43568290715742686
2.83623479 0.43570327130238895
2.837586021 0.435817444549077
2.838937253 0.43599638629873116
2.840288484 0.43606660463228386
2.841639716 0.4362017888852415
2.842990947 0.4363734332078417
2.844342178 0.43645507035587205
2.84569341 0.4366423329516558
2.847044641 0.4367041580173053
2.848395873 0.4368485596824935
2.849747104 0.43702547075785053
2.851098336 0.4372256661706345
2.8524495670000003 0.43744494543366874
2.8538007980000004 0.4375825692868449
2.85515203 0.4377644197415953
2.856503261 0.4380436062631548
2.857854493 0.4382702963826586
2.859205724 0.4384262122317193
2.860556956 0.43861436615759336
2.861908187 0.4388365586735005
2.863259419 0.4390286264602485
2.86461065 0.43921151017926835
2.865961881 0.4393474980377888
2.867313113 0.439511527120942
2.868664344 0.4397034415684852
2.870015576 0.43986520513049193
2.871366807 0.43993471625908703
2.872718039 0.44008145160588286
2.87406927 0.4402857285773052
2.875420501 0.44038323375971167
2.876771733 0.440444154251127
2.878122964 0.4405875444929922
2.8794741960000003 0.44066005612600045
2.8808254270000004 0.44072119598083975
2.882176659 0.4408650723850621
2.88352789 0.44088330169903944
2.884879122 0.44090065252566746
2.886230353 0.44098773084949094
2.887581584 0.44100938898516284
2.888932816 0.4410539530108672
2.890284047 0.4411323536686388
2.891635279 0.44115901698507265
2.89298651 0.44117061765279963
2.8943377420000003 0.44124233654943357
2.895688973 0.4412721868165515
2.897040205 0.44132572447892277
2.898391436 0.44137354078720625
2.899742667 0.4413502897581878
2.901093899 0.44134461935295355
2.9024451300000003 0.44146480639885366
2.903796362 0.44153649770421255
2.905147593 0.44153162518410694
2.9064988250000003 0.44162380518686484
2.907850056 0.4417260150075417
2.909201287 0.4417088838077061
2.910552519 0.44179676307197036
2.91190375 0.4418812126464564
2.913254982 0.441813964911561
2.914606213 0.441920374655422
2.915957445 0.44202900724443606
2.917308676 0.4419420752581723
2.918659908 0.44201684442835626
2.920011139 0.441928137229361
2.92136237 0.4420021869490911
2.922713602 0.4420652520716849
2.924064833 0.441941050496881
2.925416065 0.4420417005504542
2.926767296 0.44212035082043843
2.928118528 0.4419333584622867
2.9294697590000003 0.4420017511049422
2.93082099 0.4420397355006437
2.932172222 0.44183868527076375
2.933523453 0.4418677303689041
2.934874685 0.4418487697352532
2.936225916 0.4416075037387228
2.937577148 0.4415971377535076
2.938928379 0.4416039009789952
2.940279611 0.4413585411364217
2.941630842 0.44133885776257453
2.942982073 0.441271085953579
2.944333305 0.44107665696313303
2.9456845360000004 0.4410491775846917
2.947035768 0.44086469809489087
2.948386999 0.44086189395824593
2.949738231 0.4407955764912975
2.951089462 0.44062487547596063
2.952440694 0.4405422887071737
2.953791925 0.4404674120837693
2.955143156 0.44036737882517574
2.956494388 0.4403295836324196
2.957845619 0.44028431858711403
2.959196851 0.44021993062688325
2.960548082 0.4401867760942616
2.961899314 0.4401370217785585
2.963250545 0.440158104559324
2.964601776 0.4401500886971442
2.965953008 0.44018457016027046
2.967304239 0.4403228490777241
2.968655471 0.44034923819623445
2.970006702 0.4405075068136
2.9713579340000003 0.4405629710558644
2.9727091650000004 0.44067492005504494
2.974060397 0.4409679433987591
2.975411628 0.4411361043680441
2.976762859 0.4412925844054828
2.978114091 0.44166760266507943
2.979465322 0.44186803511570305
2.980816554 0.4421027751767488
2.982167785 0.4426019628498581
2.983519017 0.4429147387960244
2.984870248 0.4432379023696414
2.986221479 0.44377693803040175
2.987572711 0.4441141697385393
2.988923942 0.44447424422424586
2.990275174 0.4451262813490548
2.991626405 0.4455176993082741
2.992977637 0.44594101341788284
2.994328868 0.4466326862550777
2.9956801 0.44706174422799017
2.997031331 0.44772198940034647
2.998382562 0.448151486788858
2.9997337940000004 0.44862094337323877
3.001085025 0.4491201683686926
3.002436257 0.4496274114612008
3.003787488 0.45011838647110947
3.00513872 0.4508361114705951
3.006489951 0.45129700902587333
3.007841182 0.45175514770420566
3.009192414 0.4524008227981763
3.0105436450000003 0.4528551742735002
3.011894877 0.4532957734757697
3.013246108 0.4538745294797473
3.01459734 0.45426258643552486
3.015948571 0.45462069377006964
3.017299803 0.45509218095838194
3.018651034 0.45541795167181953
3.020002265 0.4558435121874847
3.021353497 0.4561176390720144
3.0227047280000003 0.45637370197213206
3.02405596 0.4566718987734828
3.025407191 0.45688287081444395
3.0267584230000004 0.4570270973497733
3.028109654 0.45718098225706477
3.029460886 0.45729967917969616
3.030812117 0.45740470990240123
3.032163348 0.45746479926652117
3.03351458 0.4575220600540445
3.034865811 0.45756229505815404
3.036217043 0.45752205928994205
3.0375682740000003 0.4575154406822137
3.038919506 0.4574754801858504
3.040270737 0.45737333554799353
3.041621968 0.4573225685769676
3.0429732 0.45727476807374945
3.044324431 0.4571011604476546
3.045675663 0.45702176222049984
3.047026894 0.4568345600277318
3.048378126 0.4567630139821227
3.0497293570000004 0.4566812155241708
3.051080589 0.45651194405037154
3.05243182 0.4564355475823212
3.053783051 0.4563692940256114
3.055134283 0.45619942945405323
3.056485514 0.4561723763040562
3.057836746 0.45614229672617496
3.059187977 0.45602581733963354
3.060539209 0.4560007055033764
3.06189044 0.45599799011537956
3.063241671 0.45595897430752036
3.0645929030000003 0.45600340979250875
3.065944134 0.45605537355359904
3.067295366 0.45607245168126065
3.068646597 0.45617422621163883
3.069997829 0.4562893428835644
3.07134906 0.4564174837192528
3.072700292 0.4565435114367491
3.074051523 0.4567300373060251
3.075402754 0.4569277444892481
3.0767539860000004 0.4571452267173277
3.078105217 0.45740425036822335
3.079456449 0.4576598956109593
3.08080768 0.4578972567587958
3.082158912 0.4582348965253482
3.083510143 0.4585199209511506
3.084861374 0.45882863642692084
3.086212606 0.4592347160403589
3.0875638370000003 0.4595925664033972
3.088915069 0.45993357001170837
3.0902663 0.460426238452752
3.0916175320000003 0.46081294632941605
3.092968763 0.4611879983225937
3.094319995 0.461662868775422
3.095671226 0.4620431124049358
3.097022457 0.46257666504783346
3.098373689 0.46296284898985257
3.0997249200000003 0.46334105862268216
3.101076152 0.46390696522516506
3.102427383 0.464283267909598
3.103778615 0.464659783472119
3.105129846 0.4651897686089971
3.106481078 0.4655593877309715
3.107832309 0.4659408880238625
3.10918354 0.4665008473436063
3.110534772 0.46682481180860524
3.111886003 0.4671681157539237
3.113237235 0.46769489526266195
3.1145884660000003 0.4680158228955936
3.115939698 0.4683303261020815
3.117290929 0.468850846820972
3.11864216 0.46916475911894506
3.119993392 0.46947100387033414
3.121344623 0.46992788657414475
3.122695855 0.4702035275198547
3.124047086 0.47064210504092774
3.125398318 0.4709131907738186
3.126749549 0.4711655451998435
3.128100781 0.4715924696755388
3.129452012 0.47183900524519706
3.130803243 0.4720855597249233
3.132154475 0.47246205993414025
3.133505706 0.4726892474086455
3.134856938 0.4728928254021008
3.136208169 0.47324936966441195
3.137559401 0.47346691788630846
3.138910632 0.47368495286509615
3.140261863 0.47401365977058896
3.1416130950000003 0.47424536588075855
3.142964326 0.47445630087003876
3.144315558 0.47477694696199346
3.145666789 0.47496569727602944
3.147018021 0.4752728355620983
3.148369252 0.47550752255481843
3.149720484 0.4757515101463563
3.151071715 0.47603720378758263
3.152422946 0.4762725609938294
3.153774178 0.4765042365296771
3.155125409 0.47681083478304603
3.156476641 0.4770508983835992
3.157827872 0.47731799704112654
3.159179104 0.4776046573065075
3.160530335 0.4778758994140869
3.161881566 0.4781422616996181
3.163232798 0.4784573474287567
3.164584029 0.4787250500851459
3.165935261 0.4790125226309952
3.167286492 0.4793250425169867
3.1686377240000003 0.47962323300118187
3.169988955 0.4799106406965508
3.171340187 0.48024481701536803
3.172691418 0.4805306928780225
3.174042649 0.4808044237785433
3.175393881 0.48108166009879166
3.176745112 0.48137172395285244
3.178096344 0.4816653060496966
3.179447575 0.48195515623150176
3.180798807 0.4822451313091384
3.182150038 0.4825339317833465
3.1835012700000003 0.48282695144099297
3.184852501 0.4831051964298301
3.186203732 0.4833733497931428
3.187554964 0.48361649471665724
3.188906195 0.48387668348193047
3.190257427 0.4841283353049213
3.1916086580000003 0.4843839287710182
3.19295989 0.48462596674011227
3.194311121 0.4848827917018498
3.195662352 0.48509198226716743
3.197013584 0.48530876844946613
3.198364815 0.4855059922556306
3.199716047 0.4857194636921386
3.201067278 0.4859099373559156
3.20241851 0.4860980133791165
3.203769741 0.48629486862529314
3.205120973 0.4864778413222583
3.206472204 0.48662301204484626
3.207823435 0.4867830305274018
3.209174667 0.4869262634330196
3.210525898 0.4870622626144124
3.21187713 0.48719837651920483
3.213228361 0.48730964297183643
3.214579593 0.48743470764904795
3.215930824 0.48755808424798897
3.217282055 0.4876700783839239
3.2186332870000003 0.4877583943355325
3.2199845180000004 0.4878794466147909
3.22133575 0.4879637595661622
3.222686981 0.48806735449197175
3.224038213 0.4881382897145714
3.225389444 0.4882523179125864
3.226740676 0.48835617737197545
3.228091907 0.48843523070560013
3.229443138 0.48853180178971267
3.23079437 0.4886510161907381
3.232145601 0.4887440845830966
3.233496833 0.48886311270592564
3.234848064 0.48900283325309624
3.236199296 0.4890876325873664
3.237550527 0.48922174480885966
3.238901759 0.48934809515547895
3.24025299 0.48946114246723216
3.241604221 0.48962669718386187
3.242955453 0.4897923439001385
3.244306684 0.48988171215703336
3.2456579160000003 0.4900654189356499
3.2470091470000004 0.49016937782499476
3.248360379 0.49035722034774215
3.24971161 0.49056294754593927
3.251062841 0.49070466439159766
3.252414073 0.4909294612212365
3.253765304 0.49113716314713574
3.255116536 0.4912945171222849
3.256467767 0.4915162374507114
3.257818999 0.4917695497379922
3.25917023 0.4919416449271402
3.2605214620000003 0.49220223504618266
3.261872693 0.4924508648683697
3.263223924 0.4926593192083266
3.264575156 0.49295801030525604
3.265926387 0.49324294051030904
3.267277619 0.49345153315965873
3.2686288500000003 0.49373530568924523
3.269980082 0.4940405706551939
3.271331313 0.4942624600492942
3.272682544 0.4945777902861763
3.274033776 0.4948321340805011
3.275385007 0.4951594646361269
3.276736239 0.495476243809375
3.27808747 0.49573484360883
3.279438702 0.4960160419987731
3.280789933 0.4963207924402827
3.282141165 0.4966090261379674
3.283492396 0.49691674427831456
3.2848436270000003 0.4972510668988811
3.286194859 0.4975591553387828
3.28754609 0.4978778647309007
3.288897322 0.49815204858384354
3.290248553 0.4984317557949503
3.291599785 0.49870575396177197
3.292951016 0.49899575327853196
3.294302247 0.4993072558860109
3.2956534790000003 0.4995993927365638
3.29700471 0.49992848035197407
3.298355942 0.5001904969604183
3.299707173 0.5004698029560263
3.301058405 0.5007921158770583
3.302409636 0.5010669133206163
3.303760868 0.50132743368107
3.305112099 0.5016845604068837
3.30646333 0.5019729694120307
3.307814562 0.5022440736960118
3.309165793 0.5026106463662444
3.310517025 0.502879010817048
3.3118682560000003 0.5031533560885213
3.313219488 0.5035210613343768
3.314570719 0.5037918646084322
3.315921951 0.5040585857519212
3.317273182 0.5044863409964906
3.318624413 0.5047734421245145
3.319975645 0.5050579418392407
3.321326876 0.5054998973211131
3.322678108 0.5057608520318759
3.324029339 0.5062086350223184
3.325380571 0.5064963736959751
3.326731802 0.5068121838079334
3.328083033 0.5073029930789272
3.329434265 0.5076384858238308
3.330785496 0.5079879039607569
3.332136728 0.508483407225953
3.333487959 0.5088186898990306
3.334839191 0.5091473203924791
3.336190422 0.5096691268895035
3.337541654 0.5099963338026401
3.3388928850000004 0.5103611469634459
3.340244116 0.510933471805685
3.341595348 0.5113273830212439
3.342946579 0.5117164435860602
3.344297811 0.5122782478396604
3.345649042 0.5126706238260659
3.347000274 0.5132493131228809
3.348351505 0.5136684291494743
3.349702736 0.5140842380627867
3.351053968 0.5146995243922172
3.352405199 0.5151491495243924
3.353756431 0.5155966649976836
3.355107662 0.5162313463832661
3.356458894 0.5166615030098388
3.357810125 0.5171004429651792
3.359161357 0.517697838787069
3.360512588 0.5181370521069766
3.3618638190000003 0.5185854441549756
3.363215051 0.5191940766692993
3.364566282 0.5196538015944423
3.3659175140000004 0.5201003003772902
3.367268745 0.5207170007789353
3.368619977 0.5211516416166178
3.369971208 0.521591703965201
3.371322439 0.5221808153356324
3.372673671 0.5226036294392808
3.374024902 0.523174209510662
3.375376134 0.5235894414663806
3.3767273650000003 0.5240334105510975
3.378078597 0.5245915280373574
3.379429828 0.5250158419800057
3.38078106 0.52543076944081
3.382132291 0.5259416077503656
3.383483522 0.5263378241280388
3.384834754 0.5267141843640027
3.386185985 0.5272084950352479
3.387537217 0.527572013925292
3.3888884480000003 0.5279239250263337
3.39023968 0.5283655673649277
3.391590911 0.5286944077171273
3.3929421430000004 0.5290197735714869
3.394293374 0.5293781306074732
3.395644605 0.5296542602989338
3.396995837 0.5299111813013291
3.398347068 0.5302183240776877
3.3996983 0.5304471117543762
3.401049531 0.5307246975402311
3.402400763 0.5309520773644436
3.4037519940000003 0.5311482752707634
3.405103225 0.5313866355227492
3.406454457 0.5315574139752939
3.407805688 0.5317168678241515
3.40915692 0.5319304072892923
3.410508151 0.5320716736063174
3.411859383 0.5322339523504308
3.413210614 0.5324323517045482
3.414561846 0.5325640837299892
3.4159130770000004 0.5326902297811889
3.417264308 0.5328512007603528
3.41861554 0.53297536877447
3.419966771 0.5330836905331654
3.421318003 0.5332496911871905
3.422669234 0.5333622606226718
3.424020466 0.5335361463573647
3.425371697 0.5336815212227841
3.426722928 0.5338053955296158
3.42807416 0.5339964192865676
3.429425391 0.5341350516527046
3.4307766230000003 0.5343029355431339
3.432127854 0.534553912705429
3.433479086 0.5347411604158063
3.434830317 0.534949934943719
3.436181549 0.5351849009673703
3.43753278 0.5353469704022371
3.4388840110000003 0.5355128567421736
3.440235243 0.5357477832837598
3.441586474 0.5359340896283272
3.4429377060000004 0.5361117317568891
3.444288937 0.5363956252844526
3.445640169 0.5366184773656653
3.4469914 0.5368492339263558
3.448342631 0.5371856049519811
3.449693863 0.5374307119955655
3.451045094 0.5377900412850598
3.452396326 0.5380618069222188
3.453747557 0.5383344549751004
3.455098789 0.5387126434817693
3.45645002 0.5389924073317944
3.4578012520000003 0.5393089891111049
3.459152483 0.5397342768257876
3.460503714 0.5400801079136861
3.461854946 0.5404360065602956
3.463206177 0.5408777846317642
3.464557409 0.541239992782806
3.4659086400000003 0.5415923222486949
3.467259872 0.5420535646138808
3.468611103 0.5424142848160028
3.469962335 0.5427701181129885
3.471313566 0.54325528880749
3.472664797 0.5436297340191987
3.474016029 0.5441351147306359
3.47536726 0.5445329036909403
3.476718492 0.5449180226199963
3.478069723 0.5454343195309075
3.479420955 0.5458352523401835
3.4807721860000003 0.5462366995080508
3.482123417 0.5467395321332382
3.483474649 0.5471268010509893
3.48482588 0.5475273768946504
3.486177112 0.5480214776177845
3.487528343 0.5484208099833534
3.488879575 0.5488195085697992
3.490230806 0.5493020420592503
3.491582038 0.5496858350035271
3.492933269 0.5500490805558674
3.4942845 0.5505133447360426
3.495635732 0.55086998465988
3.496986963 0.5512098321656733
3.498338195 0.5516535023756926
3.499689426 0.5519766377642268
3.501040658 0.55239659974941
3.502391889 0.5527207973569379
3.50374312 0.5530295309850638
3.505094352 0.5534306421814286
3.506445583 0.5537242638300821
3.5077968150000003 0.5540197907029456
3.509148046 0.5543850793187564
3.510499278 0.5546366235916741
3.511850509 0.5548841929122044
3.513201741 0.5552098688368526
3.514552972 0.555513421482336
3.515904203 0.5558247497596241
3.517255435 0.5561301346817988
3.518606666 0.5563360665252371
3.519957898 0.5565225953065605
3.521309129 0.5567755032047668
3.522660361 0.5569686745714835
3.524011592 0.5571773276960966
3.525362824 0.5573406559300693
3.526714055 0.5574963559651895
3.528065286 0.5576839029370861
3.529416518 0.5578341443105312
3.530767749 0.5579625208657162
3.532118981 0.558169467609668
3.533470212 0.558319479986787
3.5348214440000003 0.5584610359461154
3.536172675 0.5586510228783206
3.537523906 0.5587698374956428
3.538875138 0.5588967637544114
3.540226369 0.559071197110012
3.541577601 0.5591865238888365
3.542928832 0.5593187871987604
3.544280064 0.5594862801470989
3.545631295 0.5596163701778649
3.546982527 0.5597494671771397
3.548333758 0.5599033281909687
3.549684989 0.560029069027332
3.551036221 0.5601853316403466
3.552387452 0.5603085468756832
3.553738684 0.5604462169109878
3.555089915 0.5606005568246576
3.556441147 0.5607365694795408
3.5577923780000003 0.5608880209931429
3.5591436090000004 0.5610707176782683
3.560494841 0.5612294338719197
3.561846072 0.5613827145660839
3.563197304 0.56158391412348
3.564548535 0.5617634505310669
3.565899767 0.5619294039900952
3.567250998 0.5621436378166274
3.56860223 0.5623132198344456
3.569953461 0.5624931011960532
3.571304692 0.5627402204461076
3.572655924 0.5629397789683932
3.574007155 0.5631914400708602
3.575358387 0.5634022681854616
3.576709618 0.5636015245503914
3.57806085 0.5638705210445882
3.579412081 0.5640859477413952
3.580763312 0.5643021422799555
3.582114544 0.5645824641572725
3.583465775 0.5648103084754551
3.5848170070000003 0.5650613901219208
3.5861682380000004 0.5653763974421424
3.58751947 0.565632280240339
3.588870701 0.5659021384167726
3.590221933 0.5662157551954052
3.591573164 0.5664670775502845
3.592924395 0.5667216876027327
3.594275627 0.5670238673321912
3.595626858 0.5672884236262695
3.59697809 0.5675605230823956
3.598329321 0.5678914530944541
3.599680553 0.5681678743308101
3.601031784 0.5684976203967
3.602383016 0.5687715692896196
3.603734247 0.5690368179992857
3.605085478 0.569314219674461
3.60643671 0.5695467957930422
3.607787941 0.5697706783789105
3.609139173 0.5700410932944165
3.610490404 0.570301675278203
3.611841636 0.5705566901424625
3.613192867 0.5708566306551772
3.614544098 0.571109835658603
3.61589533 0.5713511736159866
3.617246561 0.5716473188560474
3.618597793 0.5718748342756564
3.619949024 0.572088104992494
3.621300256 0.5723652016576066
3.622651487 0.572580073856104
3.624002719 0.5728585038497197
3.62535395 0.57309384810171
3.626705181 0.5733116029003156
3.628056413 0.5735930551931346
3.629407644 0.5738163078992418
3.630758876 0.5740125566404559
3.632110107 0.5742680351976845
3.633461339 0.5744534419425678
3.63481257 0.5746326987459188
3.636163801 0.5748900840976559
3.637515033 0.5750938410879058
3.638866264 0.5752986964000588
3.640217496 0.575557002689741
3.641568727 0.5757487968514505
3.642919959 0.5759416893245592
3.64427119 0.5761748618280806
3.645622422 0.5763453674483126
3.646973653 0.5765151962957621
3.648324884 0.5767155333794916
3.649676116 0.5768796382541324
3.651027347 0.5771088779949682
3.652378579 0.5772752583317442
3.65372981 0.5774508020189311
3.655081042 0.5776744318738454
3.656432273 0.5778381706594934
3.657783504 0.5780025207391568
3.659134736 0.5781890918929877
3.660485967 0.5783237184866192
3.661837199 0.578463706454322
3.66318843 0.5786274915110814
3.664539662 0.5787680698876062
3.665890893 0.5789296821085139
3.667242125 0.5791147857032464
3.668593356 0.5792743213925258
3.669944587 0.5794306625323594
3.671295819 0.5795914169068083
3.67264705 0.5797266798619609
3.673998282 0.5798502905876592
3.675349513 0.5799814883365942
3.676700745 0.5801025868644398
3.678051976 0.5802524688823563
3.679403208 0.5803852298007419
3.680754439 0.5805280567975704
3.68210567 0.5806729656606768
3.683456902 0.5808031512623419
3.684808133 0.580941529638688
3.686159365 0.581071513597327
3.687510596 0.5811828583755663
3.688861828 0.5812890318492712
3.690213059 0.5813960094498114
3.69156429 0.5815027464930613
3.692915522 0.5816188543243224
3.694266753 0.5817566161761141
3.695617985 0.5818893834272207
3.696969216 0.5820052896581471
3.698320448 0.5821355636728749
3.699671679 0.5822562205082478
3.701022911 0.5823724490150426
3.702374142 0.5824598603176059
3.703725373 0.5825545564552542
3.705076605 0.5826587811841715
3.706427836 0.5827510951297477
3.707779068 0.5828558961495713
3.709130299 0.5829754815702608
3.710481531 0.5830812506640052
3.711832762 0.5831855686088294
3.713183993 0.5833046011529319
3.714535225 0.5834055599772786
3.715886456 0.5834945765950449
3.717237688 0.5835983956805285
3.718588919 0.5836818725242736
3.719940151 0.5837590393618342
3.721291382 0.5838718826218092
3.722642614 0.5839761395894905
3.723993845 0.5840772846771638
3.725345076 0.5842159712275135
3.726696308 0.584329567782538
3.728047539 0.5844567939343611
3.729398771 0.5845493319265935
3.730750002 0.5846413634597325
3.732101234 0.5847613729450261
3.733452465 0.5848591339282405
3.734803696 0.5849576631745745
3.736154928 0.585092028398372
3.737506159 0.5852141041472387
3.738857391 0.5853374787753186
3.740208622 0.5854935559234393
3.741559854 0.5856255379755704
3.742911085 0.5857491468879217
3.744262317 0.5859002085963843
3.745613548 0.5860166972956646
3.746964779 0.5861299808247378
3.748316011 0.5862917129732438
3.749667242 0.5864275990512143
3.751018474 0.5865971786450153
3.752369705 0.5867344480372811
3.753720937 0.586890109089767
3.755072168 0.5870813770625634
3.7564234 0.587233551710874
3.757774631 0.5873906736531378
3.759125862 0.5875811104488808
3.760477094 0.5877305217849738
3.761828325 0.5878737128871867
3.763179557 0.5880503176930124
3.764530788 0.5882050712255456
3.76588202 0.5883721863115288
3.767233251 0.5885789785510848
3.768584482 0.5887631217439023
3.769935714 0.5889483341252042
3.771286945 0.5891546118556161
3.772638177 0.5893303647486997
3.773989408 0.5895084784960469
3.77534064 0.5897106260978403
3.776691871 0.58988429414857
3.778043103 0.5900859844971327
3.779394334 0.590249688856717
3.780745565 0.5904250972342812
3.782096797 0.5906295586397337
3.783448028 0.5908025524476102
3.78479926 0.5909899221685194
3.786150491 0.5911997107303641
3.787501723 0.5913728995659118
3.788852954 0.591548824116773
3.790204185 0.5917321246736322
3.791555417 0.5918819850687729
3.792906648 0.5920411861865476
3.79425788 0.592210690329876
3.795609111 0.5923666046321904
3.796960343 0.5925378910914665
3.798311574 0.5927029761939892
3.799662806 0.5928529127008
3.801014037 0.5930212774578112
3.802365268 0.5931571349498985
3.8037165 0.5932755940366037
3.805067731 0.5934076040797882
3.806418963 0.5935278993593384
3.807770194 0.5936437218075914
3.809121426 0.5937567628560337
3.810472657 0.5938581207396136
3.811823889 0.5939577061617255
3.81317512 0.5940549265498747
3.814526351 0.5941566054417418
3.815877583 0.5942550662178254
3.817228814 0.5943301528006977
3.818580046 0.5944034991059268
3.819931277 0.5944670485076919
3.821282509 0.5945063712525135
3.82263374 0.594561353228523
3.823984971 0.5946101468871816
3.825336203 0.5946291767775194
3.826687434 0.5946630375177568
3.828038666 0.5946566337931286
3.829389897 0.5946966271064376
3.830741129 0.5947270809629368
3.83209236 0.5947012203845429
3.833443592 0.5947111595955097
3.834794823 0.5946985275096033
3.836146054 0.5946384134531936
3.837497286 0.5946385838023489
3.838848517 0.5946155561258455
3.840199749 0.5945381172830988
3.84155098 0.5945206083616066
3.842902212 0.5944937000296742
3.844253443 0.5944142948856579
3.845604674 0.5943822185566685
3.846955906 0.5943318265910515
3.848307137 0.5942267995606754
3.849658369 0.5941715001880463
3.8510096 0.5940630915328486
3.852360832 0.5939873643058956
3.853712063 0.5939130427187083
3.855063295 0.5937892857012215
3.856414526 0.593703889628321
3.857765757 0.5936302590422919
3.859116989 0.5935087990663033
3.86046822 0.5934136695662446
3.861819452 0.5933332153321484
3.863170683 0.5932082050472638
3.864521915 0.593114697936377
3.865873146 0.5930304355286242
3.867224377 0.5928975960675236
3.868575609 0.5927972674481682
3.86992684 0.5927048943898352
3.871278072 0.5925734207571293
3.872629303 0.5924692099614266
3.873980535 0.5923684077948292
3.875331766 0.5922420572340502
3.876682998 0.592149091769948
3.878034229 0.592033589193067
3.87938546 0.5919583724569404
3.880736692 0.5918666065817129
3.882087923 0.5917507014685163
3.883439155 0.591674519230408
3.884790386 0.591591794957108
3.886141618 0.5915055143931542
3.887492849 0.5914571047926713
3.888844081 0.5914014394617314
3.890195312 0.5913356235355312
3.891546543 0.5913022582608201
3.892897775 0.5912726485758929
3.894249006 0.5912346253210159
3.895600238 0.591221285732197
3.896951469 0.5912093347127465
3.898302701 0.5911933522033838
3.899653932 0.5912087276196978
3.901005163 0.591232637863905
3.902356395 0.591269193144887
3.903707626 0.5913320038024961
3.905058858 0.591401746763588
3.906410089 0.5914714485166834
3.907761321 0.5915591923062704
3.909112552 0.5916634911291911
3.910463784 0.5917579615900146
3.911815015 0.5918681440712912
3.913166246 0.5920175171286444
3.914517478 0.5921555397742356
3.915868709 0.592305869563809
3.917219941 0.5924917603895159
3.918571172 0.592640578137134
3.919922404 0.5927939073190107
3.921273635 0.5929824717891623
3.922624866 0.5931419273657713
3.923976098 0.5933053511322048
3.925327329 0.5935053578618676
3.926678561 0.5936666631963416
3.928029792 0.5938471909885263
3.929381024 0.593999954671586
3.930732255 0.5941443160630009
3.932083487 0.5942960883977524
3.933434718 0.5943980084488059
3.934785949 0.5944551041281384
3.936137181 0.5944954840636479
3.937488412 0.5944577130891402
3.938839644 0.594377501973683
3.940190875 0.594285290912577
3.941542107 0.594097954076033
3.942893338 0.5938548158468689
3.944244569 0.5935730744495264
3.945595801 0.5931629447515882
3.946947032 0.5926587416307092
3.948298264 0.5920743884669171
3.949649495 0.591329489106563
3.951000727 0.5905171811318661
3.952351958 0.5895158845245769
3.95370319 0.5883598421907442
3.955054421 0.5871023981365423
3.956405652 0.5856353606612721
3.957756884 0.5839687816200434
3.959108115 0.5821508052413473
3.960459347 0.5800741739171817
3.961810578 0.5777650797788321
3.96316181 0.5752765169478795
3.964513041 0.5725016762690937
3.965864273 0.5694683734864772
3.967215504 0.566221571775792
3.968566735 0.5626750655391535
3.969917967 0.5588469468658239
3.971269198 0.554740856813871
3.97262043 0.5502685614967078
3.973971661 0.5454935065798638
3.975322893 0.5404456942316003
3.976674124 0.535051532635116
3.978025355 0.5293893968134908
3.979376587 0.5233644936847988
3.980727818 0.5170292500693067
3.98207905 0.5104468845846615
3.983430281 0.5034790111152189
3.984781513 0.49616564582644734
3.986132744 0.4886114515754928
3.987483976 0.48072309931783963
3.988835207 0.472553484388535
3.990186438 0.4641684527397868
3.99153767 0.45551580459068514
3.992888901 0.4466209684006901
3.994240133 0.4375487374407607
3.995591364 0.4282180204817797
3.996942596 0.41869487824642226
3.998293827 0.4090528114217459
3.999645058 0.3992633665994121
4.00099629 0.38935765883605045
4.002347521 0.37935468767865255
4.003698753 0.36928271008592856
4.005049984 0.3591892269059427
4.006401216 0.34898348816287034
4.007752447 0.33881089277900633
4.009103679 0.32868451092957496
4.01045491 0.3185768268026469
4.011806141 0.3085419088235614
4.013157373 0.29862732793091695
4.014508604 0.2887982737635728
4.015859836 0.2790547630089053
4.017211067 0.26946935663686955
4.018562299 0.26001505481810605
4.01991353 0.25070934927756283
4.021264761 0.24160211803367435
4.022615993 0.23267814223340005
4.023967224 0.2239301307696937
4.025318456 0.21538969227288576
4.026669687 0.20707148879476572
4.028020919 0.19894453086046798
4.02937215 0.19102969427271266
4.030723382 0.1833633084465336
4.032074613 0.175928794641466
4.033425844 0.16868607969161106
4.034777076 0.16167704417833478
4.036128307 0.1549222829009926
4.037479539 0.14833128916758553
4.03883077 0.14197392241658097
4.040182002 0.13586128993183144
4.041533233 0.12994470300090305
4.042884465 0.12422629363511913
4.044235696 0.11875106394035558
4.045586927 0.11348065988016243
4.046938159 0.10836883378623743
4.04828939 0.10348876359193102
4.049640622 0.09879624683473796
4.050991853 0.09426987806885687
4.052343085 0.0899226855173253
4.053694316 0.08577831671080186
4.055045547 0.08179475274330752
4.056396779 0.07794015272530835
4.05774801 0.07427731631207586
4.059099241999999 0.07077022735815813
4.060450473 0.06738732998095397
4.061801705 0.06415103741823552
4.063152936 0.06109987911349887
4.064504168 0.0581394470160148
4.065855399 0.05530498059241484
4.06720663 0.05262969564112406
4.0685578620000005 0.05005960610650333
4.069909093000001 0.04758599718875392
4.071260325 0.04524013800139881
4.072611556 0.043025629170753074
4.073962788 0.04086547534287366
4.075314019 0.03882251928550272
4.07666525 0.03688851756538883
4.078016482 0.03504071640246599
4.079367713 0.033254613709112785
4.080718945 0.03158058748787117
4.082070176 0.030000328735330727
4.083421408 0.028453134873651417
4.084772639 0.02699948983958448
4.086123871 0.025633727311673682
4.087475102 0.024319838239887023
4.088826333 0.023044366139758857
4.090177565 0.02187968386730938
4.091528796 0.02075304660753343
4.092880028 0.019657023969856188
4.094231259 0.018633749755468415
4.095582491 0.017679911337109864
4.096933722 0.01675647303443576
4.098284953 0.015867027390768174
4.0996361850000005 0.015065576273185086
4.100987416 0.014282274675225852
4.102338648 0.013522997272631981
4.103689878999999 0.012808215825995962
4.105041110999999 0.012160978306004475
4.106392342 0.011504407124982508
4.107743574 0.010887015053900335
4.109094805 0.01032964774250777
4.110446036 0.009787901728662568
4.111797268 0.009254546729893023
4.113148499 0.00876766209288126
4.114499731 0.00833119485450742
4.115850962000001 0.007871983989715354
4.117202194000001 0.0074501608893713985
4.118553425 0.007067271976569686
4.119904657 0.0067026388875516575
4.121255887999999 0.006320237357334429
4.122607119 0.005998168090277197
4.123958351000001 0.005695069804309039
4.125309582 0.005383490055747034
4.126660814 0.005088207603767084
4.128012045 0.0048389928201811915
4.129363277 0.004595005296779911
4.130714508 0.004330765237313223
4.132065739 0.004113509108570507
4.133416971 0.0039082112710655224
4.134768202 0.0036960363213917984
4.136119434 0.0034836673977068754
4.137470665 0.003329368195282712
4.138821897 0.003151288856306411
4.140173128000001 0.0029713149956295576
4.14152436 0.002816258094263896
4.142875591 0.0026903352239786987
4.144226821999999 0.0025320147395757053
4.145578054 0.0023848943141492026
4.146929285000001 0.0022783215131616363
4.148280517 0.0021664335487549197
4.149631748 0.002039875101627134
4.15098298 0.0019315916067459914
4.152334211 0.0018568789190520514
4.153685442 0.0017440523361236895
4.155036674 0.001645767654374085
4.156387905 0.0015718238672582374
4.157739136999999 0.0015078472456217615
4.159090368 0.001399813330940889
4.1604416 0.0013354573933912414
4.161792831 0.001284318043697597
4.163144063 0.001217083392338831
4.164495294 0.001129943211889295
4.165846525 0.001085638364398221
4.167197757 0.001038990106537064
4.168548988 0.000967894717852561
4.169900220000001 0.000912746256485023
4.171251451 0.0008851697310771735
4.172602683 0.0008425341192916916
4.173953914 0.0007737302879736901
4.175305146 0.000745105448405959
4.1766563770000005 0.0007172834297776206
4.178007608 0.000670977104177425
4.17935884 0.0006163332677718381
4.180710071 0.0006130927433077166
4.182061303 0.0005788643114751635
4.183412534 0.000534252653408229
4.184763766 0.000502585409371572
4.186114997 0.0005084803652189559
4.187466228 0.00046451664163257503
4.18881746 0.000427803485439709
4.190168691 0.00041156735050787647
4.191519923 0.00040193305682460854
4.1928711540000005 0.00035475377660461853
4.194222386000001 0.0003372956949978575
4.195573617 0.000338722157391375
4.196924849 0.0003193194509765035
4.198276079999999 0.00027869542070876104
4.199627311 0.00026564183738881947
4.200978543 0.0002647688105158755
4.202329774 0.0002300707158370605
4.203681006 0.000206475172263043
4.205032237 0.000210868976261844
4.206383469 0.000212492619359047
4.2077347 0.00016810401860543048
4.209085931 0.0001602771546369145
4.210437163 0.0001654067956925745
4.211788394 0.000153209725315068
4.213139626 0.00011085119593980948
4.214490857 0.00012556764994413918
4.215842089 0.00013258623806191178
4.217193320000001 0.00010970251420722589
4.218544552 8.67657056391856e-05
4.219895783 0.00010254814151879879
4.221247013999999 9.440973416375549e-05
4.222598246 7.420837743968948e-05
4.223949477 6.22264208742981e-05
4.225300709 8.043749096045238e-05
4.22665194 6.492876209927198e-05
4.228003171999999 5.032088449277621e-05
4.229354403 4.9522462538258764e-05
4.230705634 6.477591558067542e-05
4.232056866 5.048217522043771e-05
4.233408097000001 4.6709708718071306e-05
4.234759329 5.105637480135379e-05
4.23611056 5.599202642753687e-05
4.237461792 4.1613649773377034e-05
4.238813023 3.89215866084827e-05
4.240164255 4.2636605394515466e-05
4.241515486 4.159312012883292e-05
4.242866717 3.366318481132808e-05
4.244217949 3.619723605510987e-05
4.24556918 3.95810223539983e-05
4.246920412000001 3.333343749245482e-05
4.248271643 2.7358969623663988e-05
4.249622875 3.5701931742486506e-05
4.251230967 0.0
4.252839059 0.0
