# author: Fabian Haberhauer
# source: https://jwst-docs.stsci.edu/files/216457506/216457540/1/1762454226715/nircam_throughputs_Jan2025_v7.zip
# date_created: 2025-12-04
# date_modified: 2025-12-04
# wavelength_unit: um
# changes:
#   - 2025-12-04 (FH) initial transcription from source
#
wavelength  transmission
4.346911537 0.0
4.348262769 0.0
4.349614001 1.9474730596648416e-05
4.350965233 1.9940328805683685e-05
4.352316464 2.0336369873410176e-05
4.353667695 2.064786365390493e-05
4.355018927 2.1294540984555536e-05
4.356370158 2.131298819420694e-05
4.35772139 2.1566054228113085e-05
4.359072621 2.365408146759868e-05
4.360423853 2.5754243529452285e-05
4.361775084 2.633428627836178e-05
4.363126315000001 2.7253372672998846e-05
4.364477547000001 2.9836271641112565e-05
4.365828778 3.3094461952884953e-05
4.36718001 3.6190069530634645e-05
4.368531241 3.833718675487677e-05
4.369882473 3.969425747889191e-05
4.371233704 4.149325109828887e-05
4.372584936 4.587479788320452e-05
4.373936167 5.120283108312665e-05
4.375287398 5.699233217391613e-05
4.37663863 6.0577437944508904e-05
4.377989861 6.383525970588356e-05
4.379341093 6.75304927699466e-05
4.380692324 7.231860277086322e-05
4.382043555999999 7.693253096318443e-05
4.383394787 8.090400217937358e-05
4.384746018 8.467072015662115e-05
4.38609725 8.900375070750345e-05
4.387448481000001 9.536534512801555e-05
4.388799713 0.000101708121730016
4.390150944 0.0001073459950546213
4.391502176 0.00011038029993058847
4.392853407 0.00011490106195999436
4.394204639 0.00012138501615967877
4.39555587 0.00013056565932061297
4.396907101 0.00013953243996989905
4.398258332999999 0.00014935776129787194
4.399609564 0.000160357346230973
4.400960796000001 0.00017327587961377404
4.402312027 0.00018443120654879498
4.403663259 0.00019479295114626998
4.405014489999999 0.00020472566963483955
4.406365721999999 0.00021655226423143012
4.407716953 0.00022918097387402802
4.409068184 0.00024271842060651587
4.410419416 0.00025731307888228564
4.411770647 0.0002735406766603131
4.413121879 0.0002904028771424555
4.41447311 0.00030813549399088966
4.415824342 0.00032854393009747196
4.417175573000001 0.0003530057321088089
4.418526804 0.0003800406531310382
4.419878036 0.00040896169890356767
4.421229266999999 0.00043865633276576085
4.422580499 0.00046957350458576595
4.4239317300000005 0.0005016483221025455
4.425282962 0.0005342385998707779
4.426634193 0.00056967117285072
4.427985425 0.0006083293265765617
4.429336656 0.0006506713087239784
4.430687887 0.0006960473546246417
4.432039119 0.0007454032695689129
4.43339035 0.0007990071372499622
4.434741582 0.0008573221510895924
4.436092813 0.0009200950490476085
4.437444045 0.000988150191809957
4.438795276 0.0010623914100863704
4.440146507000001 0.0011429118995177167
4.441497739000001 0.0012292563469299379
4.44284897 0.0013220826306362485
4.444200202 0.0014228656936903386
4.445551432999999 0.001531610603594065
4.446902665 0.001649428738874116
4.448253896 0.0017775484601429202
4.449605128 0.001919684627158589
4.450956359 0.002074412388436981
4.45230759 0.002242696817433029
4.453658822 0.002425996482178715
4.455010053 0.0026280698478804545
4.456361285 0.002850133638633909
4.457712516 0.003094858599714508
4.459063747999999 0.003363720498631668
4.460414979 0.003658690826605437
4.4617662110000005 0.00398279537923798
4.463117442 0.004342307037405884
4.464468673000001 0.004737746143781897
4.465819905 0.0051732183383345004
4.467171136 0.005655938903732808
4.468522368 0.006193659123184817
4.469873599 0.00679053814194019
4.471224831000001 0.007455157021082648
4.472576062 0.008194525565285932
4.473927293 0.009016253856355723
4.475278524999999 0.009931320143617438
4.476629756 0.010962367922628587
4.4779809880000006 0.01211383350360455
4.479332219 0.013400455807799166
4.480683451 0.014843708088090421
4.482034682 0.01646651244518666
4.483385914 0.018285194876679827
4.484737145 0.02033064639918406
4.486088376 0.022647465366002227
4.487439608 0.025255287168701936
4.488790839 0.028194807548334824
4.490142071 0.03153045681505769
4.491493302 0.03529414661495448
4.492844534 0.03954570796408413
4.494195765000001 0.044375334912240494
4.495546996 0.04983275330197812
4.496898228 0.05599627063117647
4.498249458999999 0.0629712243222095
4.499600691 0.07083247804628173
4.5009519220000005 0.07967246233334184
4.502303154 0.08960343963850688
4.503654385 0.10067023141382027
4.505005617 0.1129859888417643
4.506356848 0.12664116697713373
4.507708079 0.14147177977167044
4.509059311 0.15763768775093423
4.510410542 0.17516024926816529
4.511761774 0.19358605258479963
4.513113005 0.2129308301967206
4.514464237 0.23320506178357794
4.515815468 0.2537342481940142
4.517166699000001 0.2741932033168948
4.518517931 0.2947961704764889
4.519869162 0.3148787599969234
4.521220394 0.33377034061609745
4.522571624999999 0.35208632810045537
4.523922857 0.3694062353525892
4.525274088 0.3847217438695102
4.52662532 0.39910007057992336
4.527976551 0.4124429187929881
4.529327782 0.4234710213564681
4.530679014 0.4335091186152128
4.532030245 0.44256908248301663
4.533381477 0.4497441484561909
4.534732708 0.45594071696218813
4.53608394 0.46133396183020514
4.537435171 0.4654326988905507
4.5387864030000005 0.46877547714341783
4.540137634 0.4715987542860962
4.541488865 0.47359905892865695
4.542840097 0.47512889466672015
4.544191328 0.476400234573063
4.54554256 0.47724797452346873
4.5468937910000005 0.4778136375581241
4.548245023000001 0.47829113278160357
4.549596254 0.4786060898481347
4.550947485 0.4788215853400001
4.552298716999999 0.4790378600549372
4.553649948 0.4791736899813869
4.5550011800000005 0.4793926439315823
4.556352411 0.4795795056973162
4.557703643 0.47977282826628476
4.559054874 0.4800290982724146
4.560406106 0.48027802208923254
4.561757337 0.4805680934621377
4.563108568 0.48089514593606963
4.5644598 0.4811937906233984
4.565811031 0.48150435971245775
4.567162263 0.481892042572573
4.568513493999999 0.4822252846043887
4.569864726 0.4825349680875848
4.571215957000001 0.482856108388832
4.572567188 0.48313600019811376
4.57391842 0.4834071498662911
4.575269650999999 0.4836165616378538
4.576620883 0.4837761868014949
4.5779721140000005 0.48391465864453453
4.579323346 0.4840381198702608
4.580674577 0.48408253339077906
4.582025809 0.48409626171577747
4.58337704 0.4840428154443264
4.584728271 0.48395904765852427
4.586079503 0.4838614627483553
4.587430734 0.48365276952803193
4.588781966 0.48343076247005323
4.590133197 0.4832073090909528
4.591484429 0.4829167094586451
4.59283566 0.4825882937026351
4.5941868910000005 0.48222983970314126
4.595538123 0.4818686338249588
4.596889354 0.4814883396356242
4.598240586 0.4810904644138366
4.599591817 0.48064773521898907
4.6009430490000005 0.48021922243055537
4.60229428 0.4798038020774447
4.603645512 0.47937544182312974
4.604996743 0.47894176183162257
4.606347974 0.47849449313537973
4.607699206 0.4780953425017503
4.609050437 0.47767642443335623
4.610401669 0.4772554744415084
4.611752900000001 0.4768396734273841
4.613104132 0.4764274337321921
4.614455363 0.47606387667545286
4.6158065950000005 0.47569369485943414
4.617157826 0.4753068332192477
4.618509057 0.4749558822822013
4.619860289 0.47463647430293393
4.62121152 0.4742864895574317
4.622562751999999 0.4739426012759572
4.623913983 0.4736165652330066
4.625265215000001 0.47326954298666424
4.626616446 0.47297656679583966
4.627967677 0.47266054540405106
4.629318908999999 0.472301682260026
4.63067014 0.47199679059477584
4.6320213720000005 0.47165133137777565
4.633372603 0.47133888305334914
4.634723835 0.4709838210433864
4.636075066 0.4705934673704194
4.637426298 0.4702539532981852
4.638777529 0.4699076628912372
4.64012876 0.46948386344191817
4.641479992 0.46908453808141287
4.642831223 0.46869365053637374
4.644182455 0.4682341335625373
4.645533685999999 0.46781016644480233
4.646884918 0.4673489071875819
4.648236149000001 0.46683359080050724
4.64958738 0.4663864400612447
4.650938612 0.4659025264435746
4.652289842999999 0.4653353832847333
4.653641075 0.46479344826591207
4.6549923060000005 0.4642605503884276
4.656343538 0.46365624947554573
4.657694769 0.4630780530855209
4.659046001 0.46241477242158724
4.660397232 0.4618090453341058
4.661748463 0.4612207992951738
4.663099695 0.4605397899515765
4.664450926000001 0.45990573529117873
4.665802158 0.45925628999664414
4.667153389 0.4585420538630456
4.668504621 0.4579044922643865
4.669855852 0.4572233614293351
4.6712070830000005 0.45646620912322544
4.672558315 0.45578130083778423
4.673909546 0.45510998488351917
4.675260778 0.45436068258647266
4.676612009 0.453645262052654
4.6779632410000005 0.4529303429680304
4.679314472 0.45214517779550917
4.680665704 0.4514316475565756
4.682016935 0.45062094485246473
4.683368166 0.44985767056335296
4.684719398 0.4491007462049011
4.686070629 0.448269757402415
4.687421861 0.44750278430567736
4.688773092 0.4466914677872974
4.690124324 0.4458023352783839
4.691475555 0.44497956939367445
4.692826787 0.4441253291329252
4.694178018 0.443182481983569
4.695529249 0.4422431135728808
4.696880481 0.44129179096001514
4.698231712 0.4402665519247625
4.699582943999999 0.43921880060512103
4.700934175 0.43812277562310586
4.702285407000001 0.4368943600881269
4.703636638 0.43565442665803045
4.704987869 0.434358668415862
4.706339100999999 0.43287479392853023
4.707690332 0.43132230316154996
4.7090415640000005 0.42963645114520266
4.710392795 0.42782501096595327
4.711744027 0.4258654366125425
4.713095258 0.4237039686482804
4.71444649 0.4212823310996292
4.715797721 0.41871614772556986
4.717148952 0.4158515822620067
4.718500184000001 0.4126611301682904
4.719851415 0.4092718876327892
4.721202647 0.4053654339525177
4.722553877999999 0.4011645277173642
4.72390511 0.39671459504095385
4.725256341000001 0.3914673666204651
4.726607572 0.3859741216768622
4.727958804 0.3800093384156171
4.729310035 0.37334461104025285
4.730661267 0.3664243437216841
4.7320124980000005 0.3586930697420732
4.73336373 0.3504859456443335
4.734714961 0.3420094546180364
4.736066193 0.3325069441600632
4.737417424 0.32279129711834564
4.738768654999999 0.31258756561578577
4.740119887 0.3017124741534194
4.741471118000001 0.2907596865101815
4.74282235 0.2791733899149427
4.744173581 0.26733041259348445
4.745524813 0.255503383805162
4.746876044 0.243110148583629
4.748227276 0.2309040802649549
4.749578507 0.218661938931749
4.750929738 0.20634698455183603
4.75228097 0.19438487958591305
4.753632201 0.18241532953980605
4.7549834330000005 0.17080407323540264
4.756334664 0.15960618494409332
4.757685896 0.1486040659941518
4.759037127 0.13817421889977677
4.760388358 0.12816054393175969
4.76173959 0.118613727216894
4.763090821 0.10964586732515988
4.764442053 0.10109075891302946
4.765793284 0.09311717686183016
4.767144516 0.08566787717703186
4.768495747 0.07869576574523526
4.769846979 0.07224798769982713
4.77119821 0.06625122105811568
4.772549441 0.06071941639346361
4.773900673 0.05562703203044368
4.775251904 0.05092628699370093
4.776603135999999 0.04661726593675772
4.777954367 0.042663907657719935
4.779305599000001 0.03904615759836226
4.78065683 0.035735615678837665
4.782008061000001 0.032708532388689586
4.783359293 0.029943683670085996
4.784710524 0.027420022457330336
4.7860617560000005 0.025123228558179923
4.787412987 0.02302423154034259
4.788764219 0.021111067455367116
4.79011545 0.019365682357446075
4.791466682 0.017770747776722617
4.792817913 0.016320923129761647
4.7941691440000005 0.0149959811435532
4.795520376000001 0.013788564042545422
4.796871607 0.012686805879519293
4.798222839 0.011679115267556859
4.799574069999999 0.010761461901053915
4.800925302 0.009920012556583478
4.802276533000001 0.009151715925893944
4.803627764 0.008448844065748829
4.804978996 0.007803232542154975
4.806330227 0.007212500730635523
4.807681459 0.006668073210312196
4.80903269 0.006168103732844378
4.810383922 0.005711781328188958
4.811735153 0.005292346679606952
4.813086384999999 0.004911914958704051
4.814437616 0.004560750594306442
4.815788846999999 0.00423752767902902
4.817140079 0.003940217324308635
4.818491310000001 0.003664601870701085
4.819842542 0.003410263818594276
4.821193773 0.003175334587002223
4.822545005 0.002957996846834869
4.823896236 0.0027592627265471186
4.825247468 0.0025753871117473264
4.826598699 0.0024053903704242766
4.82794993 0.002247333456279969
4.829301162 0.002100588590499277
4.830652393 0.001966565403736487
4.8320036250000005 0.0018423478952314647
4.833354856 0.0017274814464181912
4.834706088 0.0016195670278067679
4.836057318999999 0.0015182775487265284
4.83740855 0.0014246723691475503
4.838759782 0.0013375352253026129
4.840111013 0.0012577579212724615
4.841462245 0.0011831919145388644
4.842813476 0.0011136269200465578
4.844164708 0.0010492559528159824
4.845515939 0.0009888786132890872
4.846867171 0.0009324965918738088
4.8482184020000005 0.0008797918104233779
4.849569633 0.00083045644144822
4.850920865 0.0007843857536223614
4.852272096 0.0007410263989351844
4.853623327999999 0.0006992093566418789
4.854974559 0.0006601728695098694
4.856325791000001 0.0006239557154082921
4.857677022 0.0005904717387549285
4.859028253 0.0005591171452427016
4.860379485 0.0005273793013046077
4.861730716 0.000497874152377821
4.863081948 0.0004707690079044306
4.864433179 0.0004477551961479399
4.865784411 0.00042721197253595806
4.867135642 0.00040699757095214427
4.868486874 0.0003873260656481818
4.869838105 0.0003676463685632599
4.8711893360000005 0.0003498062224851457
4.872540568000001 0.0003334103709902725
4.873891799 0.00031798978924819335
4.875243031 0.00030341307065965786
4.876594261999999 0.0002897812347235668
4.877945494 0.000277074252834553
4.879296725000001 0.00026516107785592763
4.880647956 0.0002527425790311167
4.881999188 0.00024076793276769806
4.883350419 0.00022992346640268805
4.884701651 0.00022042654157106758
4.886052882 0.000212402586394407
4.887404114 0.0002038060755606458
4.888755345 0.00019517636153977292
4.890106576999999 0.00018544010634374215
4.891457808 0.0001765134458737824
4.892809038999999 0.00016867213041937178
4.894160271 0.0001616719530296611
4.895511502000001 0.00015541471722428773
4.896862734 0.00014927588238517075
4.898213965 0.0001431880379915596
4.899565197 0.00013661897174057622
4.900916428 0.00013026042567959635
4.902267660000001 0.00012413790334317714
4.903618891 0.00011875985810322324
4.904970122 0.00011380474105717877
4.906321354 0.00010785488398720882
4.907672585 0.000101972547455926
4.9090238170000005 9.574480274911806e-05
4.910375048 9.084955527657523e-05
4.91172628 8.684009291868363e-05
4.913077511 8.424697783972947e-05
4.914428742 8.208594260399285e-05
4.915779974 8.041072792330486e-05
4.917131205 7.868961753142853e-05
4.918482437 7.688336392875851e-05
4.919833668 7.467841674477617e-05
4.9211849 7.235755297376613e-05
4.922536131 7.131414555989922e-05
4.923887363 7.064660265546034e-05
4.9252385940000005 7.092231285314886e-05
4.926589825 7.055802159117996e-05
4.927941057 6.94802220503707e-05
4.929292288 6.766290118650749e-05
4.930643519999999 6.570414383133308e-05
4.931994751 6.359364165871978e-05
4.933345983000001 6.125320017228758e-05
4.934697214 5.833442668329711e-05
4.936048445 5.5532818236761464e-05
4.937399677 5.2828669038042065e-05
4.938750908 5.0465659077136886e-05
4.94010214 4.823325194730984e-05
4.941453371 4.599166402702481e-05
4.942804603 4.422554062154191e-05
4.944155834 4.3087272591023514e-05
4.945507066 4.225942836100722e-05
4.946858297 4.164010193940329e-05
4.9482095280000005 4.066856232685635e-05
4.949560760000001 3.968894576258359e-05
4.950911991 3.882255568168997e-05
4.952263223 3.79668407671777e-05
4.953614453999999 3.7095716003697226e-05
4.954965686 3.6601104886910196e-05
4.9563169170000005 3.6388224301606603e-05
4.957668148 3.636224705525638e-05
4.95901938 3.6198843624834806e-05
4.960370611 3.380935512355253e-05
4.961721843 3.0966183018308775e-05
4.963073074 2.8027285929204468e-05
4.964424306 2.6629242435226176e-05
4.965775537000001 2.6173393706616362e-05
4.967126769 2.529058209081964e-05
4.968478 2.4448158443019772e-05
4.969829230999999 2.3665316553965178e-05
4.971180463 2.3446045742398983e-05
4.972531694000001 2.4467028908897955e-05
4.973882926 2.4919676083964576e-05
4.975234157 2.4755480941174177e-05
4.976585389 2.3293078713455162e-05
4.97793662 2.1677465115831398e-05
4.979287852000001 2.014115387180523e-05
4.980639083 1.8982795108388843e-05
4.981990314 1.7523733903599718e-05
4.983341545999999 1.654221650173451e-05
4.984692777 1.623811910194865e-05
4.986044009 1.705422765108158e-05
4.98739524 1.834026686178263e-05
4.988746472 1.853867560848141e-05
4.990097703 1.9032272979689e-05
4.991448934 1.951243638323455e-05
4.992800166 2.0497767246119333e-05
4.994151397 2.1957334468319807e-05
4.995502629 2.233749609798014e-05
4.99685386 2.1677841840769342e-05
4.998205092 1.972742740996656e-05
4.999556323 1.8100288000225464e-05
5.000907555 1.6111126426546145e-05
5.0022587860000005 1.6098144349739824e-05
5.003610017 1.6028249110127003e-05
5.004961249 1.6075087663573582e-05
5.006312479999999 1.626059975148014e-05
5.007663711999999 1.6731463957416884e-05
5.009014943 1.7459430600140397e-05
5.010366175 1.7550665711428846e-05
5.011717406 1.76626019443158e-05
5.013068637 1.7384926998510273e-05
5.014419869 1.7571659989471394e-05
5.0157711 1.8181075978988716e-05
5.017122332 1.8934845675951266e-05
5.018473563 1.97041554414281e-05
5.019824795000001 2.0370024432398067e-05
5.021176026 2.1030467775727116e-05
5.022527258 2.054748919886667e-05
5.023878489 1.9523978799906583e-05
5.0252297200000005 1.7486581526764573e-05
5.026580952000001 1.710534401803225e-05
5.027932183 1.6540633546715497e-05
5.029283415 1.6199815054212885e-05
5.030634646 1.54508017194191e-05
5.031985878 1.4335755978516812e-05
5.033337109 1.4821884849596478e-05
5.034688341 1.5502320388636016e-05
5.036039572 1.608546131448592e-05
5.037390803 1.5887833336419007e-05
5.038742035 1.5869393670480397e-05
5.040093266 1.618881166563461e-05
5.041444498 1.6570392758712813e-05
5.042795729000001 1.7040003062255893e-05
5.044146961 1.6866773598131156e-05
5.045498192 1.6294390591166575e-05
5.046849422999999 1.561342426805552e-05
5.048200655 1.4972271368991733e-05
5.049551886000001 1.4459897912989379e-05
5.050903118 1.415759485168486e-05
5.052254349 1.4070885950670938e-05
5.053605581 1.4029906074383852e-05
5.054956812 1.3912684795240478e-05
5.056308044000001 1.3409288997899535e-05
5.057659275 1.2476698815632162e-05
5.059010506 1.177589764601353e-05
5.060361737999999 1.120415953152683e-05
5.061712969 1.1034772049647157e-05
5.063064201 1.1796872720021523e-05
5.064415432 1.2067844180292195e-05
5.065766664 1.2481592202015043e-05
5.067117895 1.1709000279981607e-05
5.068469126 1.0413225236510209e-05
5.069820358 1.0257547846997109e-05
5.071171589 1.101615837742825e-05
5.072522821 1.1401940746649558e-05
5.073874052 1.0651556924380287e-05
5.075225284 1.036773086279418e-05
5.076576515 9.880356238003064e-06
5.077927747 9.4275894353873e-06
5.0792789780000005 8.510285074273054e-06
5.080630209 7.830743043728156e-06
5.081981441 7.611930435449376e-06
5.083332671999999 7.452734465259221e-06
5.084683904 7.40521515802864e-06
5.086035135 7.298834230462004e-06
5.087386367 7.1161229801697245e-06
5.088737598 7.233620460891328e-06
5.090088829 7.534161305502424e-06
5.091440061 7.950238395294043e-06
5.092791292 8.449559438957722e-06
5.094142524 8.815268679056365e-06
5.095493755000001 9.199206717998375e-06
5.096844987000001 9.527662896227884e-06
5.098196218 9.747434475379228e-06
5.09954745 9.550033872616529e-06
5.100898682 0.0
5.102249914000001 0.0
