# author: Fabian Haberhauer
# source: https://jwst-docs.stsci.edu/files/216457506/216457540/1/1762454226715/nircam_throughputs_Jan2025_v7.zip
# date_created: 2025-12-04
# date_modified: 2025-12-04
# wavelength_unit: um
# changes:
#   - 2025-12-04 (FH) initial transcription from source
#
wavelength  transmission
2.298648794999999 0.0
2.2998497609999995 0.0
2.301050727 1.4867923571530692e-06
2.302251693 1.6812864629712869e-06
2.303452659 1.8902647783524736e-06
2.304653625 2.1232976078755614e-06
2.305854591 2.390650503603348e-06
2.307055557 2.902685136207437e-06
2.308256523 3.23941451729691e-06
2.309457488 3.6702478054176433e-06
2.310658454 4.1482252253269825e-06
2.31185942 4.691103922834022e-06
2.313060386 5.835913057666435e-06
2.314261352 6.626691112417739e-06
2.315462318 7.587087348861014e-06
2.316663284 8.744568137879752e-06
2.31786425 1.002985933122864e-05
2.319065216 1.2710806598796222e-05
2.320266182 1.4469462110883198e-05
2.321467148 1.6612937750404932e-05
2.322668114 1.9066481262481835e-05
2.32386908 2.177606590949638e-05
2.325070046 2.7098584316780064e-05
2.3262710120000003 3.0351647783828814e-05
2.327471977 3.42935686323701e-05
2.328672943 3.881710468172251e-05
2.329873909 4.3862567002109816e-05
2.331074875 5.245478013320731e-05
2.332275841 5.8701562544498233e-05
2.333476807 6.615808273997729e-05
2.334677773 7.483604853044461e-05
2.3358787390000004 8.483885573942102e-05
2.3370797050000003 0.00010024698444864714
2.338280671 0.00011402324388244075
2.339481637 0.00012967503092762008
2.3406826030000003 0.00014791785670725764
2.341883569 0.0001685515893841501
2.343084535 0.00019463751921382084
2.344285501 0.00022168208164909174
2.345486466 0.00025340516930226655
2.346687432 0.0002905097079007935
2.3478883980000003 0.00033353882273170766
2.349089364 0.00038681828983386994
2.35029033 0.00044939390895065777
2.3514912960000003 0.0005252360869200766
2.352692262 0.0006169044338638044
2.353893228 0.0007276784275764613
2.355094194 0.0008724290872605941
2.35629516 0.001038675964508239
2.357496126 0.001238246211332682
2.358697092 0.0014757462097821476
2.359898058 0.0017562346864758553
2.361099024 0.0021292706966848877
2.3622999890000003 0.0025175909473790824
2.363500955 0.002958569918549942
2.364701921 0.0034520088687606237
2.3659028870000003 0.003996658612781324
2.367103853 0.004687281244894972
2.368304819 0.005331002552294535
2.369505785 0.006013423861986254
2.370706751 0.006730397922573317
2.371907717 0.007481152396275874
2.373108683 0.008353963034711892
2.374309649 0.009165811445008455
2.375510615 0.009951537620802578
2.376711581 0.010805197723852442
2.377912547 0.011733229816027911
2.379113513 0.012767652735822579
2.380314478 0.013900554187624536
2.381515444 0.01517121076575281
2.38271641 0.016611859993957798
2.383917376 0.018257043009917862
2.385118342 0.020164306431053203
2.386319308 0.02234634132353515
2.387520274 0.024883845218181926
2.38872124 0.0278451616911399
2.389922206 0.0313057208883202
2.391123172 0.035374227387764544
2.392324138 0.040096648324487394
2.393525104 0.04558188106693585
2.3947260700000004 0.05190931210766052
2.395927036 0.05913958027201735
2.397128002 0.06733899574600771
2.398328967 0.0764027339491257
2.399529933 0.08627177497222609
2.400730899 0.09678241245578093
2.401931865 0.10771096386144272
2.403132831 0.11885390608769127
2.404333797 0.12977467962868044
2.405534763 0.14025409209086478
2.406735729 0.15004965241888554
2.407936695 0.1589943146944145
2.4091376610000004 0.16711761174674689
2.410338627 0.1742513158601822
2.411539593 0.18061082235256948
2.412740559 0.18639409840577115
2.4139415250000003 0.19185204046934745
2.415142491 0.19737056660394756
2.416343456 0.20299019950019273
2.417544422 0.20904770245718818
2.418745388 0.21570578233357163
2.4199463540000004 0.22304620535722047
2.42114732 0.23118679901464234
2.422348286 0.23976840200513794
2.423549252 0.24872130347125812
2.424750218 0.257792403494179
2.425951184 0.26670074118063997
2.42715215 0.27532326040934874
2.4283531160000003 0.28313454315312814
2.429554082 0.2901171381873362
2.430755048 0.29619462509806493
2.431956014 0.3013785719815556
2.43315698 0.3059219412834245
2.4343579450000004 0.309651400395851
2.435558911 0.31291240505230256
2.436759877 0.3158934797517091
2.437960843 0.31877225581276325
2.439161809 0.32186943974566806
2.440362775 0.32497322107785015
2.441563741 0.3283398322177268
2.442764707 0.332031945799657
2.443965673 0.33608830252752564
2.445166639 0.3406948028306418
2.446367605 0.34549520954516777
2.447568571 0.3506304913187781
2.448769537 0.3560515126554302
2.449970503 0.3616949371328756
2.451171469 0.36690425368798946
2.452372434 0.37235784776061787
2.4535734 0.37776991593532344
2.454774366 0.383046516313237
2.455975332 0.38810349917661285
2.457176298 0.39265585692224286
2.458377264 0.3970617478425605
2.45957823 0.40106524297145757
2.460779196 0.404637522893039
2.461980162 0.4077660922171753
2.463181128 0.41023251662067595
2.464382094 0.4125050422228767
2.46558306 0.4143914093267572
2.466784026 0.41592935716493634
2.4679849920000003 0.41716194719946026
2.469185958 0.41812743737086727
2.470386923 0.4188869671250657
2.471587889 0.41969720011505884
2.472788855 0.42015338717907
2.473989821 0.4207325562230535
2.475190787 0.4210103334469452
2.476391753 0.42124329427651525
2.477592719 0.4216674816252166
2.4787936850000003 0.4218470260982824
2.479994651 0.4222306340444548
2.481195617 0.4223708048901319
2.4823965830000003 0.4227246183446745
2.483597549 0.42305581919156715
2.484798515 0.4233602985749222
2.485999481 0.4234054514974139
2.487200446 0.42362311329731195
2.488401412 0.42378969171850056
2.489602378 0.4236720296298635
2.490803344 0.4237081257943698
2.49200431 0.4236635652564252
2.4932052760000003 0.42354111461830746
2.494406242 0.42333367885111195
2.495607208 0.42303972368250586
2.496808174 0.422662003501287
2.49800914 0.4222039813220893
2.499210106 0.4216679225674782
2.500411072 0.42106068462870627
2.501612038 0.4204000951978901
2.502813004 0.4196852432776313
2.50401397 0.4189342916622615
2.505214935 0.41814345986481993
2.506415901 0.41733154916145543
2.5076168670000003 0.4165058282630294
2.508817833 0.415681491487461
2.510018799 0.4148797287526954
2.511219765 0.41408734128395297
2.512420731 0.41332537406866143
2.513621697 0.4126055040482928
2.514822663 0.4119322404818276
2.516023629 0.4113264369566233
2.517224595 0.4107715801185347
2.518425561 0.4102821889420316
2.519626527 0.4098629374029792
2.520827493 0.4095197709578861
2.522028459 0.409241947743132
2.523229424 0.40904143315318037
2.52443039 0.4089211423439397
2.525631356 0.4088794536387449
2.526832322 0.4089150201709563
2.528033288 0.40903354819934656
2.529234254 0.4092253030579552
2.53043522 0.40948873402496766
2.531636186 0.4098217349044889
2.532837152 0.4102207434470371
2.534038118 0.41068683047178145
2.535239084 0.4112066010489234
2.53644005 0.4117797313668399
2.537641016 0.4123972161889854
2.538841982 0.41305432147596743
2.540042948 0.4137553059054201
2.541243913 0.41447845280697937
2.542444879 0.41522583272653135
2.543645845 0.4159895923562986
2.544846811 0.4167641722640498
2.546047777 0.4175564214752152
2.547248743 0.4183411097268652
2.548449709 0.4191236454238616
2.549650675 0.4198988119041382
2.5508516410000004 0.420663485476483
2.5520526070000003 0.4214949637524064
2.553253573 0.422261367438516
2.554454539 0.4230056608127275
2.5556555050000003 0.4237246994698183
2.556856471 0.42441581765690944
2.558057437 0.4251286390641522
2.559258402 0.42576112856213943
2.560459368 0.4263619357892316
2.561660334 0.4269348391628903
2.5628613 0.42747771567631043
2.564062266 0.4280448478352216
2.565263232 0.4285275026694051
2.5664641980000003 0.4289843612877555
2.567665164 0.42942098333832207
2.56886613 0.42982798837066094
2.5700670960000003 0.4302667019534547
2.571268062 0.4306345167449867
2.572469028 0.4309798612812982
2.573669994 0.431311402992722
2.57487096 0.4316363900750245
2.576071926 0.43200794030484047
2.577272891 0.4323077069970843
2.578473857 0.43260803721883795
2.579674823 0.4328992564860948
2.5808757890000003 0.43318665527879263
2.582076755 0.43354216505964305
2.583277721 0.4338766741026129
2.584478687 0.4342129796078335
2.585679653 0.43455109470645237
2.586880619 0.43489498847178115
2.588081585 0.43534509034569124
2.589282551 0.4356957624383142
2.590483517 0.43603082806919374
2.591684483 0.436367327304247
2.592885449 0.43671748205477084
2.594086414 0.4371722979401671
2.5952873800000003 0.43751656042243564
2.596488346 0.43785407662191833
2.597689312 0.4381847589004356
2.598890278 0.4385070480501571
2.600091244 0.4389401951447174
2.60129221 0.4387778251343885
2.602493176 0.43850445139713423
2.603694142 0.43821641967435976
2.604895108 0.4379099529219981
2.606096074 0.4371397580338291
2.60729704 0.43679612757282676
2.608498006 0.4364316318027711
2.6096989720000003 0.43604566278580303
2.610899938 0.43564638909543363
2.612100903 0.43477626764524663
2.613301869 0.43432090853209593
2.614502835 0.4330942181963787
2.615703801 0.43306368340917994
2.616904767 0.4330079709442827
2.618105733 0.4329651998565278
2.619306699 0.4328901763022445
2.620507665 0.43280033230484277
2.621708631 0.43270353161169567
2.622909597 0.43259716937906395
2.6241105630000003 0.4325020592156379
2.625311529 0.43239001268433597
2.626512495 0.4322747666381811
2.627713461 0.4321553661830675
2.628914427 0.4320462191675804
2.630115392 0.4319582680263978
2.631316358 0.43186749027764104
2.632517324 0.43179460380611123
2.63371829 0.43172871352479336
2.6349192560000003 0.43167887498390833
2.636120222 0.43167190721677007
2.637321188 0.43166125812569456
2.638522154 0.431667618470964
2.63972312 0.43169955185263964
2.640924086 0.43174860359388456
2.642125052 0.43183443127061444
2.643326018 0.4319290899363678
2.644526984 0.4320476790107157
2.64572795 0.43218818582517027
2.646928916 0.4323510612474516
2.648129881 0.43255015539426145
2.6493308470000003 0.43275071460721765
2.650531813 0.43297257247958915
2.651732779 0.43223472282445585
2.652933745 0.432358665046052
2.654134711 0.43235340886660023
2.655335677 0.4324743409005551
2.656536643 0.43259736466697496
2.657737609 0.4327255623253903
2.658938575 0.43285580124971823
2.660139541 0.43280531775659004
2.661340507 0.43287746849597514
2.662541473 0.43294665000535737
2.663742439 0.43300614953657846
2.664943405 0.43306662576488686
2.66614437 0.4328771143156507
2.667345336 0.43291184198381116
2.668546302 0.43294917862135823
2.669747268 0.4329781634885069
2.670948234 0.4330094442747836
2.6721492 0.432821915895324
2.673350166 0.43284987943649555
2.674551132 0.43287235345271885
2.675752098 0.4329039374172627
2.676953064 0.4329316987073378
2.67815403 0.43277882851405397
2.679354996 0.43278745817046144
2.680555962 0.4327816858356469
2.681756928 0.432763719460206
2.6829578940000003 0.4327266910342015
2.684158859 0.43257130896174567
2.685359825 0.4325139062457045
2.686560791 0.43243884178637115
2.687761757 0.43235455231188447
2.688962723 0.43226635844783146
2.690163689 0.4321343944096746
2.691364655 0.4320530753754196
2.6925656210000004 0.4319733642136391
2.6937665870000003 0.4318985024074476
2.694967553 0.43183142375936
2.696168519 0.43178854329435334
2.6973694850000003 0.4317446635330776
2.698570451 0.43171275520539054
2.699771417 0.4316959990587689
2.700972383 0.43255701366660076
2.702173348 0.4327511140956787
2.703374314 0.43283165150473246
2.70457528 0.4329139172505638
2.705776246 0.4329990893437084
2.706977212 0.4330841707224514
2.7081781780000003 0.4332906792144382
2.709379144 0.43338332183333406
2.71058011 0.4334726062141503
2.7117810760000003 0.43356181538179506
2.712982042 0.4336461499255535
2.714183008 0.43384528387402793
2.715383974 0.43392164279007217
2.71658494 0.4339888691324194
2.717785906 0.4340563541612228
2.718986871 0.4341179505114561
2.720187837 0.4342872509795241
2.721388803 0.43433783421368405
2.7225897690000003 0.43438816225826976
2.723790735 0.4344380598019097
2.724991701 0.43448390451620555
2.726192667 0.4346543309335773
2.727393633 0.4346978803573482
2.728594599 0.43473398663069984
2.729795565 0.43477584995070784
2.730996531 0.43480533207569516
2.732197497 0.4349521384265701
2.733398463 0.43498049058559674
2.734599429 0.435006402825007
2.735800395 0.43503039900389523
2.7370013600000003 0.43517402276877326
2.738202326 0.4352093583168133
2.739403292 0.4352520325756467
2.740604258 0.4353086771432225
2.741805224 0.4353702561323487
2.74300619 0.4355587814099232
2.744207156 0.43564651450563396
2.745408122 0.43574755244242397
2.746609088 0.43586248462710375
2.747810054 0.4359847128352298
2.74901102 0.4362386471521407
2.750211986 0.43638859408665864
2.751412952 0.4358820714871702
2.752613918 0.43539542027694667
2.753814884 0.43492628936023686
2.755015849 0.43392638818567664
2.756216815 0.43348828675038564
2.757417781 0.43306955668740016
2.758618747 0.43266261096590675
2.759819713 0.4322726440839738
2.761020679 0.4313583650644507
2.762221645 0.4309983149379636
2.763422611 0.43127155293707153
2.764623577 0.43140482914037215
2.7658245430000004 0.4315605869825583
2.767025509 0.43167902423130217
2.768226475 0.4318820489175722
2.769427441 0.43210183197747565
2.770628407 0.4323356217728481
2.771829373 0.43258754872649274
2.773030338 0.4328508314603515
2.774231304 0.43313557755583854
2.77543227 0.433426158188882
2.7766332360000003 0.4337255953174919
2.777834202 0.4340276488278018
2.779035168 0.43438024699048317
2.7802361340000004 0.4346944247753177
2.7814371 0.4350053481317571
2.782638066 0.43531236045004895
2.783839032 0.43561210354434493
2.785039998 0.43599447644619593
2.786240964 0.43628695419010155
2.78744193 0.4365699748824057
2.788642896 0.43684280819740795
2.789843862 0.43710184199951174
2.7910448270000003 0.43745142366052037
2.792245793 0.4376846251473694
2.793446759 0.4379032617551901
2.794647725 0.4381014973196008
2.795848691 0.4382854053429024
2.797049657 0.43854972578755314
2.798250623 0.438694881393763
2.799451589 0.43882196422717995
2.800652555 0.43893210522654824
2.801853521 0.4390276910535643
2.803054487 0.4391764246661801
2.804255453 0.43923522938870585
2.805456419 0.4392778806160876
2.806657385 0.43930948282780535
2.807858351 0.4393284669483566
2.809059316 0.4393625310820687
2.810260282 0.4393506308969625
2.811461248 0.4393291023796275
2.812662214 0.43930174755157264
2.81386318 0.43926705620828066
2.815064146 0.43919581323369156
2.816265112 0.4391420646524642
2.817466078 0.43908894803189097
2.818667044 0.4390341306584501
2.81986801 0.4389838232871916
2.821068976 0.4388432267502582
2.822269942 0.4388733874764249
2.823470908 0.4389088446809107
2.8246718740000003 0.43895118821483914
2.825872839 0.43900021782695064
2.827073805 0.43899543546575215
2.828274771 0.43905210046926074
2.829475737 0.4391161617357908
2.830676703 0.4391929588974445
2.831877669 0.4392781858360577
2.833078635 0.4392802267317625
2.834279601 0.4393810132957666
2.8354805670000003 0.43949519905995205
2.836681533 0.4396208750909334
2.837882499 0.43975770066456066
2.8390834650000003 0.43979725730102626
2.840284431 0.439957648596733
2.841485397 0.44013041426742433
2.842686363 0.4403136327299062
2.843887328 0.440509072851379
2.845088294 0.4406099361609822
2.84628926 0.44082818796552936
2.847490226 0.44105716062039935
2.848691192 0.4412965801952809
2.8498921580000003 0.44154171768950345
2.851093124 0.44171930709306617
2.85229409 0.4419865268053915
2.8534950560000003 0.4422626797551499
2.854696022 0.442545777818756
2.855896988 0.4428351176516342
2.857097954 0.443089468109383
2.85829892 0.4433958576514083
2.859499886 0.44370805672795555
2.860700852 0.4440231866187062
2.861901817 0.44434164713613256
2.863102783 0.44466352192051173
2.8643037490000003 0.44499557770566733
2.865504715 0.44532961154177536
2.866705681 0.4456658534843977
2.867906647 0.4460011219518121
2.869107613 0.446377199337593
2.870308579 0.446718542080643
2.871509545 0.4470604151616068
2.872710511 0.447399792180134
2.873911477 0.4477369831048655
2.875112443 0.4481342020843291
2.876313409 0.44846671036343816
2.877514375 0.4487938515768104
2.878715341 0.44911454977020876
2.879916306 0.4494267700189714
2.881117272 0.44980503526039095
2.882318238 0.4500997094335489
2.883519204 0.4503827087938244
2.88472017 0.45065430638599846
2.885921136 0.4509124812122346
2.887122102 0.4512214595303532
2.888323068 0.451445615073653
2.889524034 0.451653696909554
2.890725 0.4518429103158508
2.891925966 0.4520149357158198
2.893126932 0.45220237169104394
2.894327898 0.452328940852864
2.895528864 0.4524323838110447
2.8967298300000004 0.45251421450066265
2.897930795 0.45257365081159695
2.899131761 0.4526011502208004
2.900332727 0.4526078665454063
2.901533693 0.4525914176995465
2.902734659 0.4525497771491715
2.903935625 0.452486082665961
2.905136591 0.4523325285594473
2.906337557 0.452214344580075
2.9075385230000004 0.4520735341320632
2.908739489 0.45191167454183223
2.909940455 0.4517287973854184
2.911141421 0.451401403788907
2.9123423870000003 0.4511732433186128
2.913543353 0.45092884007231776
2.914744319 0.4506691855179584
2.915945284 0.4503974995387622
2.91714625 0.4499366101808573
2.918347216 0.4496394411628317
2.919548182 0.44933794974649444
2.920749148 0.4490335403297099
2.9219501140000004 0.4487285595149244
2.92315108 0.44820631169359226
2.924352046 0.44790002234260673
2.925553012 0.4475996861721644
2.9267539780000003 0.4473076206270481
2.927954944 0.4470254850985128
2.92915591 0.44651749825060144
2.930356876 0.44625889925849016
2.931557842 0.44601458310841513
2.932758808 0.44578715317421613
2.933959773 0.4455787870161252
2.935160739 0.4451561426075182
2.936361705 0.44499159336095695
2.937562671 0.4448497335746525
2.938763637 0.4447304313272067
2.939964603 0.4446344644260002
2.941165569 0.44439018799251595
2.942366535 0.4443849168858523
2.943567501 0.4444041301759435
2.944768467 0.44444797979366946
2.945969433 0.4445150329290134
2.947170399 0.44447649095594144
2.948371365 0.4445962939198662
2.949572331 0.44473635951395263
2.950773296 0.4448952121418479
2.951974262 0.4450713192492303
2.953175228 0.44519503638174773
2.954376194 0.44540994759391184
2.95557716 0.44563669350385476
2.956778126 0.44587436442221784
2.957979092 0.4461200706286296
2.959180058 0.44637288884263693
2.960381024 0.446639079802668
2.96158199 0.44690718809173036
2.962782956 0.4471757024917353
2.963983922 0.44744359364962183
2.965184888 0.44778171700738756
2.9663858540000003 0.4480519513023664
2.96758682 0.4483148182936637
2.968787785 0.44857021857034474
2.969988751 0.44881773120550084
2.971189717 0.4491958109933659
2.972390683 0.44943362975473455
2.973591649 0.4496597760033849
2.974792615 0.44987587194969814
2.975993581 0.4500815532137906
2.977194547 0.4504741856505424
2.978395513 0.4506675033657681
2.979596479 0.4508517707549844
2.9807974450000003 0.451027639410862
2.981998411 0.45119714228501745
2.983199377 0.4515967044150039
2.984400343 0.45175948803411836
2.985601309 0.45191658584555655
2.986802274 0.4520727847841769
2.98800324 0.45248390808390004
2.989204206 0.45264182472436854
2.990405172 0.4528001209051621
2.9916061380000003 0.45296322352445817
2.992807104 0.45313069706725184
2.99400807 0.4535677341804941
2.9952090360000003 0.45375106916203095
2.996410002 0.4539439571281664
2.997610968 0.4541471779721704
2.998811934 0.4543650721192884
3.0000129 0.45460922595238573
3.001213866 0.454890209635327
3.002414832 0.4551866717657291
3.003615798 0.4554988570818509
3.004816763 0.4558262229330532
3.0060177290000003 0.45639180404225566
3.007218695 0.4567451081292241
3.008419661 0.4571119684805438
3.009620627 0.45749264514297383
3.010821593 0.4578843323576963
3.012022559 0.458461604789521
3.013223525 0.4588654236755175
3.014424491 0.45927851741587156
3.015625457 0.45969575531987455
3.016826423 0.46011807443992325
3.018027389 0.4606575363824215
3.019228355 0.4610725498463582
3.020429321 0.4614846911844107
3.021630287 0.46189311769166086
3.022831252 0.4622914152018882
3.024032218 0.46273733501972425
3.025233184 0.4631033468981458
3.02643415 0.4634559300181101
3.027635116 0.46379100866744605
3.028836082 0.4641070101024731
3.030037048 0.46440248725971356
3.031238014 0.4646671686048615
3.03243898 0.4649115562993539
3.033639946 0.46513314372890224
3.034840912 0.4653320390837944
3.036041878 0.465457506876231
3.037242844 0.4656011307843525
3.0384438100000004 0.46571940097555875
3.0396447760000003 0.4658159908227888
3.040845741 0.4658882188751939
3.042046707 0.4658592912880306
3.043247673 0.4658835929155668
3.044448639 0.4658908271195583
3.045649605 0.4658812672409155
3.046850571 0.4658589660280249
3.048051537 0.4657270867253117
3.049252503 0.46568123645492665
3.0504534690000003 0.46562960716676755
3.051654435 0.4655732981196072
3.052855401 0.4655181957031041
3.0540563670000003 0.4653678055007052
3.055257333 0.4653218345782309
3.056458299 0.4652806105024958
3.057659264 0.46525132240644146
3.05886023 0.46523277186495016
3.060061196 0.46515148759219216
3.061262162 0.46517703771392127
3.062463128 0.46522271662901604
3.0636640940000004 0.4652880572331359
3.0648650600000003 0.4653754262004314
3.066066026 0.46544210892027393
3.067266992 0.4655791157142655
3.0684679580000003 0.465738346658456
3.069668924 0.46591572432943795
3.07086989 0.4661144049945496
3.072070856 0.4663227043170581
3.073271822 0.46655873465368547
3.074472788 0.4668011460626408
3.075673753 0.46704961475261453
3.076874719 0.4672962916112605
3.078075685 0.46757581165589457
3.0792766510000003 0.4678101994843291
3.080477617 0.46802066453725044
3.081678583 0.4681976307327834
3.0828795490000003 0.46832782793111416
3.084080515 0.4684861967713134
3.085281481 0.4684979465571669
3.086482447 0.4684272527350847
3.087683413 0.46825336937744927
3.088884379 0.4679628715672673
3.090085345 0.46764903511982164
3.091286311 0.46705892821412304
3.092487277 0.46628717912266016
3.0936882420000003 0.4653067831254649
3.094889208 0.4640927349215573
3.096090174 0.46277041341456815
3.09729114 0.4610142171811442
3.098492106 0.45893357924215555
3.099693072 0.45651127602102026
3.100894038 0.45371511554946625
3.102095004 0.45068198022348405
3.10329597 0.4470451866606858
3.104496936 0.4429534074193734
3.105697902 0.4383772930696745
3.106898868 0.4332894095062406
3.108099834 0.4278585752641797
3.1093008 0.42172088451885337
3.110501766 0.4150325949232143
3.111702731 0.40779602078061605
3.112903697 0.4000201711449818
3.114104663 0.39186458300852045
3.115305629 0.38301955046925784
3.116506595 0.37367907577069265
3.117707561 0.36386950174496496
3.118908527 0.3536129513182351
3.120109493 0.3430939698170855
3.121310459 0.3320856125840751
3.1225114250000003 0.32076850125271517
3.123712391 0.30919697700707083
3.124913357 0.2974309047892605
3.126114323 0.2856297382709025
3.127315289 0.27363250928558025
3.128516255 0.26161257521116943
3.12971722 0.24963070893323402
3.130918186 0.23773745118494413
3.132119152 0.2260563769990902
3.133320118 0.21449448127980375
3.134521084 0.2031751459039434
3.13572205 0.19213642274811873
3.1369230160000003 0.18141662361745947
3.138123982 0.17109545299672768
3.139324948 0.1611021853458517
3.140525914 0.15150743287902946
3.14172688 0.1423270786289137
3.142927846 0.13357330260782405
3.144128812 0.12527363074789816
3.145329778 0.11737673224001513
3.146530744 0.10991068012273289
3.1477317090000003 0.1028665555733388
3.148932675 0.0962367436154902
3.150133641 0.0900200994713225
3.151334607 0.08417817714974826
3.152535573 0.07870841383082454
3.153736539 0.07359603172809753
3.154937505 0.06882318026883058
3.156138471 0.06437709168703694
3.157339437 0.06022749552215478
3.158540403 0.05636281842908149
3.159741369 0.05276899795118681
3.160942335 0.0494262701781072
3.162143301 0.04632298256968927
3.163344267 0.043435021432720176
3.164545233 0.04075086596783013
3.165746198 0.03825891688854336
3.166947164 0.03594267749720756
3.16814813 0.033792962612702274
3.169349096 0.031791976486414276
3.170550062 0.029932804542482625
3.171751028 0.02820402300272535
3.172951994 0.026596104033101683
3.17415296 0.025101262281023856
3.175353926 0.023707413300205423
3.176554892 0.02241101471370509
3.177755858 0.021202623254791525
3.178956824 0.02007650939809467
3.18015779 0.019025470173680913
3.1813587560000003 0.018043511618760295
3.182559721 0.017126913993888594
3.183760687 0.01626864669432122
3.184961653 0.015467014243708142
3.186162619 0.014715370216163964
3.187363585 0.01401123631494405
3.188564551 0.013350899499504472
3.189765517 0.012730633242751092
3.190966483 0.012149300831584256
3.192167449 0.011601845505533597
3.193368415 0.011088024706565495
3.194569381 0.010603493419467713
3.1957703470000003 0.010147178517339971
3.196971313 0.009716745172905428
3.198172279 0.009309372263544616
3.1993732450000003 0.008924830396865535
3.20057421 0.008558406127341215
3.201775176 0.008211414937156415
3.202976142 0.007881241118472444
3.204177108 0.0075671268512076395
3.2053780740000004 0.007268492455284804
3.2065790400000003 0.0069827375482437075
3.207780006 0.006711316250706642
3.208980972 0.006451431310956768
3.2101819380000003 0.006204132089739368
3.211382904 0.005967030298953411
3.21258387 0.005739073259845984
3.213784836 0.005521567469309567
3.214985802 0.005311556655288728
3.216186768 0.005110429739601121
3.217387734 0.004915661571056797
3.218588699 0.004727564244613908
3.219789665 0.004546467663389978
3.2209906310000003 0.004371204444945409
3.222191597 0.0042029522790553355
3.223392563 0.004038969269659732
3.2245935290000003 0.003880781147889813
3.225794495 0.003727519070347668
3.226995461 0.003578975353989383
3.228196427 0.0034355657321641668
3.229397393 0.0032954240074380106
3.230598359 0.0031605514904300474
3.231799325 0.003028995753613939
3.233000291 0.002901213162203358
3.234201257 0.0027778704854610537
3.235402223 0.002657343078815645
3.236603188 0.002541516431981205
3.237804154 0.00242858265983697
3.23900512 0.002319348671485615
3.240206086 0.0022135217920482703
3.241407052 0.0021108129867350132
3.242608018 0.0020123793438770843
3.243808984 0.0019161440925782134
3.24500995 0.0018240566935435766
3.246210916 0.001735515923650593
3.247411882 0.0016502513553020804
3.248612848 0.001568742383369241
3.249813814 0.001489372347428384
3.25101478 0.0014136168895116019
3.252215746 0.0013404085946734105
3.2534167120000004 0.0012705923823690185
3.254617677 0.0012040204558044088
3.255818643 0.0011393203013391534
3.257019609 0.0010781354079149267
3.258220575 0.0010192526639538207
3.259421541 0.0009633172974341441
3.260622507 0.0009100828448623149
3.261823473 0.0008591072632437393
3.263024439 0.0008112853889051463
3.2642254050000004 0.0007647248731366529
3.265426371 0.000720540183111903
3.266627337 0.0006784732998216138
3.267828303 0.0006381039770367295
3.269029269 0.000600612668823409
3.270230235 0.0005646158866775171
3.271431201 0.0005309339859940955
3.272632166 0.0004988298999021898
3.273833132 0.00046831115876741903
3.275034098 0.0004403762290211281
3.276235064 0.0004134300580732521
3.27743603 0.000388927278109915
3.2786369960000004 0.0003658323826282526
3.279837962 0.0003434649334962598
3.281038928 0.0003231728166978195
3.282239894 0.0003035310178119391
3.28344086 0.0002855726483610954
3.284641826 0.0002683743257510281
3.285842792 0.0002523046997122968
3.287043758 0.00023808427277312305
3.288244724 0.00022402857036016494
3.2894456890000003 0.0002115859639819227
3.290646655 0.00019967886923945107
3.291847621 0.00018855674399373157
3.2930485870000004 0.00017874253780597685
3.294249553 0.00016890764163977824
3.295450519 0.00016006131108386749
3.296651485 0.0001513280040828422
3.297852451 0.0001430287335859627
3.299053417 0.0001357152110026438
3.300254383 0.0001281645367386733
3.301455349 0.00012136576860341437
3.302656315 0.0001148744611740071
3.303857281 0.00010874126816786946
3.305058247 0.00010366712059999404
3.306259213 9.844926954253631e-05
3.307460178 9.3922458975352e-05
3.308661144 8.965615434047855e-05
3.30986211 8.560519082552539e-05
3.311063076 8.231774187004827e-05
3.312264042 7.886047189831995e-05
3.313465008 7.602081544677684e-05
3.314665974 7.336445495570836e-05
3.31586694 7.072385549494525e-05
3.317067906 6.898345161853378e-05
3.318268872 6.690101394876604e-05
3.319469838 6.499838987494552e-05
3.320670804 6.31317226134466e-05
3.32187177 6.133612897153081e-05
3.323072736 6.0468849214657116e-05
3.324273702 5.911485579776725e-05
3.325474667 5.744530236992188e-05
3.326675633 5.596432943418758e-05
3.327876599 5.4645631756113544e-05
3.329077565 5.3869672121019074e-05
3.330278531 5.2979503365788764e-05
3.331479497 5.154711481231406e-05
3.332680463 5.018077083321602e-05
3.333881429 4.85199726374343e-05
3.335082395 4.723762519821551e-05
3.336283361 4.560715108020749e-05
3.3374843270000003 4.3882125720973214e-05
3.338685293 4.246516356355594e-05
3.339886259 4.1026387507984824e-05
3.3410872250000003 4.0311452588618385e-05
3.342288191 3.957001543261932e-05
3.343489156 3.843220013299674e-05
3.344690122 3.766420579376661e-05
3.345891088 3.692864969475246e-05
3.347092054 3.613095165741133e-05
3.3482930200000003 3.5292876753005897e-05
3.349493986 3.4254255999209354e-05
3.350694952 3.353922954607442e-05
3.3518959180000003 3.2853572781303804e-05
3.353096884 3.2370810221556964e-05
3.35429785 3.2037487685213914e-05
3.355498816 3.148774411110003e-05
3.356699782 3.101720774655964e-05
3.357900748 3.0515429674478474e-05
3.359101714 2.9876081575073526e-05
3.36030268 2.9402904709321877e-05
3.361503645 2.8878718991495525e-05
3.3627046110000003 2.8540735754198687e-05
3.363905577 2.836693703103875e-05
3.365106543 2.812733679001001e-05
3.3663075090000003 2.8173719211459037e-05
3.367508475 2.850055790138819e-05
3.368709441 2.8786051430506553e-05
3.369910407 2.8987118457992634e-05
3.371111373 2.8789980619472056e-05
3.372312339 2.856235632167421e-05
3.373513305 2.8434303208187273e-05
3.374714271 2.8424830515128225e-05
3.375915237 2.8509344157194917e-05
3.377116203 2.851424722643071e-05
3.378317169 2.8519148099225872e-05
3.379518134 2.898326010931684e-05
3.3807191 2.963233953532583e-05
3.381920066 3.0196937593249713e-05
3.383121032 3.054297388013951e-05
3.384321998 3.054101937681352e-05
3.385522964 3.0628069709474574e-05
3.38672393 3.079461713464875e-05
3.387924896 3.105728379926142e-05
3.389125862 3.122462602361688e-05
3.390326828 3.1022228830437504e-05
3.391527794 3.08662701902912e-05
3.39272876 3.1357074669894445e-05
3.393929726 3.205278259512743e-05
3.3951306920000004 3.275183319383897e-05
3.3963316580000003 3.341088568090081e-05
3.397532623 3.424428259694265e-05
3.398733589 3.524255742122104e-05
3.399934555 3.651527397772364e-05
3.401135521 3.7910179603740295e-05
3.402336487 3.88293168936679e-05
3.403537453 3.957243083233452e-05
3.404738419 4.0334498058949935e-05
3.405939385 4.1046309311789045e-05
3.407140351 4.1545263507094084e-05
3.408341317 4.224332469272295e-05
3.4095422830000004 4.330104862274921e-05
3.4107432490000003 4.4343738101362885e-05
3.411944215 4.592199550903635e-05
3.413145181 4.78488029223472e-05
3.414346146 4.934590116354462e-05
3.415547112 5.0468392227819605e-05
3.416748078 5.161906047255757e-05
3.417949044 5.255159930489174e-05
3.41915001 5.358571410359359e-05
3.4203509760000004 5.4535865529161396e-05
3.421551942 5.4900988069652755e-05
3.422752908 5.517049305293937e-05
3.423953874 5.5863759953367424e-05
3.4251548400000003 5.7245447308640694e-05
3.426355806 5.8319183034374395e-05
3.427556772 5.859090310900815e-05
3.428757738 5.856004729532397e-05
3.429958704 5.848270823248512e-05
3.43115967 5.911624513051705e-05
3.432360635 6.022636531680018e-05
3.433561601 6.057241929030207e-05
3.4347625670000004 6.048443185239195e-05
3.435963533 6.089100362265652e-05
3.437164499 6.134636800671686e-05
3.438365465 6.191350725314764e-05
3.4395664310000003 6.256380486542973e-05
3.440767397 6.2403063545745e-05
3.441968363 6.234033106940243e-05
3.443169329 6.276633370857923e-05
3.444370295 6.337532576880997e-05
3.445571261 6.385945981670264e-05
3.446772227 6.409612360516138e-05
3.447973193 6.480641355318097e-05
3.449174159 6.565486151436076e-05
3.450375124 6.592035273980055e-05
3.45157609 6.621633762033069e-05
3.452777056 6.575756019005945e-05
3.453978022 6.478011445557055e-05
3.455178988 6.45263523539476e-05
3.456379954 6.416888792943839e-05
3.45758092 6.327462352122374e-05
3.458781886 6.264078114354633e-05
3.459982852 6.200162738006232e-05
3.461183818 6.15102902177788e-05
3.462384784 6.186900865322157e-05
3.46358575 6.204639884759088e-05
3.464786716 6.255400666443856e-05
3.465987682 6.337843725476125e-05
3.467188648 6.368569740578434e-05
3.468389613 6.395300306692508e-05
3.469590579 6.398137813844507e-05
3.470791545 6.367378682574541e-05
3.471992511 6.349398215406212e-05
3.473193477 6.307961762988186e-05
3.474394443 6.215818175220063e-05
3.475595409 6.104695977717776e-05
3.476796375 5.95871645755903e-05
3.477997341 5.847494517360661e-05
3.4791983070000003 5.773817092012024e-05
3.480399273 5.6692853511446156e-05
3.481600239 5.610505145327783e-05
3.4828012050000003 5.552790066786273e-05
3.484002171 5.502849791336074e-05
3.485203137 5.532560044005992e-05
3.486404102 5.501981980655491e-05
3.487605068 5.424198355280676e-05
3.488806034 5.3818203826891656e-05
3.490007 5.271510767689945e-05
3.491207966 5.188705039452217e-05
3.492408932 5.175722290582055e-05
3.4936098980000003 5.076328638160672e-05
3.494810864 5.01440153642973e-05
3.49601183 5.0508624535422725e-05
3.497212796 5.05308587493241e-05
3.498413762 5.111485332527567e-05
3.499614728 5.1667021174381664e-05
3.500815694 5.0792650371513423e-05
3.50201666 5.030172794281424e-05
3.503217626 5.009238136288999e-05
3.5044185910000003 4.913908972847582e-05
3.505619557 4.8898895813621604e-05
3.506820523 4.8608566797253195e-05
3.5080214890000003 4.8202735391642625e-05
3.5092224550000006 0.0
3.510423421000001 0.0
