# data from ERIS/NIX/NB_filters/Br-g.txt
# manually processed and written by cleantrim.pro
       0.0000021301759398       0.0039999999105930
       0.0000021303949397       0.0039999999105930
       0.0000021306139397       0.0039999999105930
       0.0000021308329397       0.0037999999150634
       0.0000021310519397       0.0035999999195337
       0.0000021312699397       0.0032999999262393
       0.0000021314889397       0.0027999999374151
       0.0000021317089397       0.0022999999485910
       0.0000021319279397       0.0017999999597669
       0.0000021321469397       0.0013999999687076
       0.0000021323659397       0.0010999999754131
       0.0000021325849397       0.0009999999776483
       0.0000021328049397       0.0011999999731779
       0.0000021330239397       0.0013999999687076
       0.0000021332439397       0.0016999999620020
       0.0000021334629397       0.0018999999575317
       0.0000021336819397       0.0019999999552965
       0.0000021339019396       0.0019999999552965
       0.0000021341209396       0.0018999999575317
       0.0000021343409396       0.0017999999597669
       0.0000021345609396       0.0017999999597669
       0.0000021347809396       0.0018999999575317
       0.0000021349999396       0.0021999999508262
       0.0000021352199396       0.0024999999441206
       0.0000021354399396       0.0028999999351799
       0.0000021356599396       0.0032999999262393
       0.0000021358799396       0.0035999999195337
       0.0000021360989396       0.0037999999150634
       0.0000021363189396       0.0039999999105930
       0.0000021365389396       0.0040999999083579
       0.0000021367599396       0.0040999999083579
       0.0000021369799396       0.0039999999105930
       0.0000021371999396       0.0038999999128282
       0.0000021374199395       0.0037999999150634
       0.0000021376409395       0.0036999999172986
       0.0000021378609395       0.0035999999195337
       0.0000021380809395       0.0035999999195337
       0.0000021383019395       0.0036999999172986
       0.0000021385219395       0.0038999999128282
       0.0000021387419395       0.0040999999083579
       0.0000021389629395       0.0043999999016523
       0.0000021391839395       0.0046999998949468
       0.0000021394039395       0.0048999998904765
       0.0000021396249395       0.0050999998860061
       0.0000021398459395       0.0053999998793006
       0.0000021400669395       0.0056999998725951
       0.0000021402869395       0.0059999998658895
       0.0000021405089395       0.0062999998591840
       0.0000021407289395       0.0064999998547137
       0.0000021409499394       0.0067999998480082
       0.0000021411709394       0.0069999998435378
       0.0000021413919394       0.0070999998413026
       0.0000021416129394       0.0072999998368323
       0.0000021418339394       0.0073999998345971
       0.0000021420559394       0.0075999998301268
       0.0000021422769394       0.0078999998234212
       0.0000021424979394       0.0081999998167157
       0.0000021427199394       0.0085999998077750
       0.0000021429409394       0.0088999998010695
       0.0000021431619394       0.0091999997943640
       0.0000021433839394       0.0094999997876585
       0.0000021436049394       0.0097999997809529
       0.0000021438269394       0.0099999997764826
       0.0000021440489394       0.0102999997697771
       0.0000021442699394       0.0105999997630715
       0.0000021444919393       0.0109999997541308
       0.0000021447139393       0.0113999997451901
       0.0000021449349393       0.0117999997362494
       0.0000021451569393       0.0121999997273087
       0.0000021453789393       0.0126999997161329
       0.0000021456009393       0.0130999997071922
       0.0000021458229393       0.0135999996960163
       0.0000021460449393       0.0139999996870756
       0.0000021462669393       0.0144999996758997
       0.0000021464889393       0.0148999996669590
       0.0000021467109393       0.0151999996602535
       0.0000021469339393       0.0153999996557832
       0.0000021471559393       0.0155999996513128
       0.0000021473779393       0.0155999996513128
       0.0000021476009393       0.0157999996468425
       0.0000021478229393       0.0159999996423721
       0.0000021480449392       0.0162999996356666
       0.0000021482679392       0.0167999996244907
       0.0000021484899392       0.0173999996110797
       0.0000021487129392       0.0181999995931983
       0.0000021489349392       0.0190999995730817
       0.0000021491579392       0.0200999995507300
       0.0000021493809392       0.0211999995261431
       0.0000021496029392       0.0222999995015562
       0.0000021498269392       0.0234999994747341
       0.0000021500489392       0.0246999994479120
       0.0000021502719392       0.0258999994210899
       0.0000021504949392       0.0270999993942678
       0.0000021507179392       0.0281999993696809
       0.0000021509409392       0.0291999993473291
       0.0000021511639392       0.0302999993227422
       0.0000021513879392       0.0314999992959201
       0.0000021516109391       0.0327999992668629
       0.0000021518339391       0.0341999992355704
       0.0000021520569391       0.0357999991998076
       0.0000021522809391       0.0375999991595745
       0.0000021525039391       0.0393999991193414
       0.0000021527269391       0.0412999990768731
       0.0000021529509391       0.0431999990344048
       0.0000021531739391       0.0450999989919364
       0.0000021533979391       0.0470999989472330
       0.0000021536209391       0.0490999989025295
       0.0000021538449391       0.0511999988555908
       0.0000021540679391       0.0534999988041818
       0.0000021542919391       0.0559999987483025
       0.0000021545159391       0.0586999986879528
       0.0000021547399391       0.0615999986231327
       0.0000021549639391       0.0647999985516071
       0.0000021551879390       0.0682999984733760
       0.0000021554119390       0.0720999983884394
       0.0000021556359390       0.0762999982945621
       0.0000021558599390       0.0805999981984496
       0.0000021560839390       0.0851999980956316
       0.0000021563079390       0.0899999979883432
       0.0000021565319390       0.0948999978788197
       0.0000021567569390       0.0997999977692962
       0.0000021569809390       0.1049999976530671
       0.0000021572049390       0.1102999975346029
       0.0000021574289390       0.1159999974071979
       0.0000021576539390       0.1220999972708523
       0.0000021578779390       0.1287999971210957
       0.0000021581029390       0.1359999969601631
       0.0000021583279390       0.1438999967835844
       0.0000021585519390       0.1524999965913594
       0.0000021587769389       0.1616999963857234
       0.0000021590009389       0.1713999961689115
       0.0000021592259389       0.1816999959386885
       0.0000021594509389       0.1923999956995249
       0.0000021596759389       0.2036999954469502
       0.0000021598999389       0.2153999951854348
       0.0000021601259389       0.2277999949082732
       0.0000021603509389       0.2406999946199357
       0.0000021605759389       0.2542999943159521
       0.0000021608009389       0.2684999939985573
       0.0000021610259389       0.2832999936677515
       0.0000021612509389       0.2987999933212995
       0.0000021614759389       0.3147999929636717
       0.0000021617019389       0.3313999925926328
       0.0000021619269389       0.3485999922081828
       0.0000021621519389       0.3663999918103218
       0.0000021623779388       0.3846999914012849
       0.0000021626029388       0.4035999909788370
       0.0000021628289388       0.4229999905452132
       0.0000021630539388       0.4426999901048839
       0.0000021632799388       0.4625999896600843
       0.0000021635059388       0.4823999892175198
       0.0000021637309388       0.5019999887794256
       0.0000021639569388       0.5213999883458018
       0.0000021641829388       0.5403999879211188
       0.0000021644079388       0.5588999875076115
       0.0000021646339388       0.5769999871030450
       0.0000021648599388       0.5944999867118895
       0.0000021650859388       0.6114999863319098
       0.0000021653129388       0.6276999859698117
       0.0000021655389388       0.6431999856233596
       0.0000021657639387       0.6577999852970242
       0.0000021659909387       0.6714999849908054
       0.0000021662169387       0.6841999847069383
       0.0000021664429387       0.6958999844454229
       0.0000021666689387       0.7064999842084945
       0.0000021668959387       0.7160999839939177
       0.0000021671219387       0.7244999838061631
       0.0000021673479387       0.7317999836429955
       0.0000021675749387       0.7379999835044145
       0.0000021678019387       0.7430999833904207
       0.0000021680279387       0.7471999832987786
       0.0000021682549387       0.7504999832250178
       0.0000021684819387       0.7530999831669033
       0.0000021687079387       0.7549999831244349
       0.0000021689349387       0.7563999830931425
       0.0000021691619387       0.7572999830730259
       0.0000021693889386       0.7576999830640853
       0.0000021696159386       0.7576999830640853
       0.0000021698429386       0.7574999830685556
       0.0000021700699386       0.7569999830797315
       0.0000021702969386       0.7563999830931425
       0.0000021705239386       0.7555999831110239
       0.0000021707509386       0.7547999831289053
       0.0000021709779386       0.7538999831490218
       0.0000021712059386       0.7528999831713736
       0.0000021714329386       0.7519999831914902
       0.0000021716599386       0.7509999832138419
       0.0000021718879386       0.7499999832361937
       0.0000021721149386       0.7490999832563102
       0.0000021723419386       0.7481999832764267
       0.0000021725699386       0.7473999832943081
       0.0000021727979385       0.7467999833077194
       0.0000021730249385       0.7461999833211304
       0.0000021732529385       0.7457999833300709
       0.0000021734809385       0.7453999833390117
       0.0000021737079385       0.7451999833434820
       0.0000021739359385       0.7449999833479524
       0.0000021741639385       0.7446999833546579
       0.0000021743919385       0.7442999833635987
       0.0000021746199385       0.7435999833792448
       0.0000021748479385       0.7426999833993614
       0.0000021750759385       0.7414999834261835
       0.0000021753039385       0.7398999834619462
       0.0000021755319385       0.7379999835044145
       0.0000021757609385       0.7356999835558234
       0.0000021759889385       0.7329999836161732
       0.0000021762169385       0.7296999836899341
       0.0000021764459384       0.7256999837793409
       0.0000021766739384       0.7209999838843941
       0.0000021769019384       0.7153999840095639
       0.0000021771309384       0.7089999841526151
       0.0000021773589384       0.7017999843135477
       0.0000021775879384       0.6937999844923615
       0.0000021778169384       0.6850999846868218
       0.0000021780459384       0.6754999849013984
       0.0000021782739384       0.6650999851338566
       0.0000021785029384       0.6537999853864311
       0.0000021787319384       0.6416999856568874
       0.0000021789609384       0.6285999859496951
       0.0000021791899384       0.6146999862603844
       0.0000021794179384       0.5999999865889549
       0.0000021796479384       0.5845999869331717
       0.0000021798759383       0.5686999872885644
       0.0000021801049383       0.5522999876551330
       0.0000021803349383       0.5354999880306422
       0.0000021805639383       0.5182999884150922
       0.0000021807929383       0.5008999888040125
       0.0000021810229383       0.4831999891996384
       0.0000021812519383       0.4653999895974993
       0.0000021814809383       0.4475999899953604
       0.0000021817109383       0.4296999903954565
       0.0000021819409383       0.4118999907933175
       0.0000021821699383       0.3942999911867082
       0.0000021823999383       0.3768999915756285
       0.0000021826289383       0.3597999919578433
       0.0000021828589383       0.3430999923311174
       0.0000021830889383       0.3268999926932156
       0.0000021833179383       0.3109999930486083
       0.0000021835489382       0.2956999933905899
       0.0000021837779382       0.2809999937191606
       0.0000021840079382       0.2667999940365553
       0.0000021842379382       0.2531999943405390
       0.0000021844679382       0.2401999946311116
       0.0000021846979382       0.2278999949060380
       0.0000021849279382       0.2161999951675534
       0.0000021851589382       0.2051999954134226
       0.0000021853889382       0.1946999956481159
       0.0000021856189382       0.1846999958716333
       0.0000021858499382       0.1751999960839748
       0.0000021860799382       0.1660999962873757
       0.0000021863099382       0.1574999964796007
       0.0000021865409382       0.1491999966651201
       0.0000021867709382       0.1413999968394637
       0.0000021870019381       0.1339999970048666
       0.0000021872329381       0.1270999971590936
       0.0000021874629381       0.1205999973043799
       0.0000021876939381       0.1145999974384904
       0.0000021879249381       0.1089999975636601
       0.0000021881559381       0.1037999976798892
       0.0000021883859381       0.0988999977894127
       0.0000021886169381       0.0942999978922307
       0.0000021888489381       0.0898999979905784
       0.0000021890789381       0.0855999980866909
       0.0000021893109381       0.0814999981783330
       0.0000021895419381       0.0774999982677400
       0.0000021897729381       0.0735999983549118
       0.0000021900039381       0.0698999984376133
       0.0000021902349381       0.0663999985158443
       0.0000021904659380       0.0629999985918403
       0.0000021906979380       0.0598999986611307
       0.0000021909289380       0.0568999987281859
       0.0000021911599380       0.0541999987885356
       0.0000021913919380       0.0515999988466501
       0.0000021916239380       0.0491999989002943
       0.0000021918549380       0.0468999989517033
       0.0000021920869380       0.0446999990008771
       0.0000021923189380       0.0426999990455806
       0.0000021925509380       0.0407999990880489
       0.0000021927819380       0.0390999991260469
       0.0000021930139380       0.0373999991640449
       0.0000021932459380       0.0358999991975725
       0.0000021934779380       0.0343999992311001
       0.0000021937099380       0.0329999992623925
       0.0000021939419380       0.0316999992914498
       0.0000021941739379       0.0302999993227422
       0.0000021944059379       0.0290999993495643
       0.0000021946379379       0.0278999993763864
       0.0000021948709379       0.0268999993987381
       0.0000021951029379       0.0258999994210899
       0.0000021953349379       0.0249999994412065
       0.0000021955679379       0.0241999994590878
       0.0000021957999379       0.0233999994769692
       0.0000021960319379       0.0224999994970858
       0.0000021962649379       0.0216999995149672
       0.0000021964969379       0.0207999995350838
       0.0000021967299379       0.0198999995552003
       0.0000021969629379       0.0190999995730817
       0.0000021971959379       0.0182999995909631
       0.0000021974279379       0.0176999996043742
       0.0000021976609378       0.0170999996177852
       0.0000021978939378       0.0166999996267259
       0.0000021981269378       0.0162999996356666
       0.0000021983599378       0.0159999996423721
       0.0000021985929378       0.0156999996490777
       0.0000021988259378       0.0153999996557832
       0.0000021990589378       0.0151999996602535
       0.0000021992919378       0.0148999996669590
       0.0000021995259378       0.0146999996714294
       0.0000021997589378       0.0144999996758997
       0.0000021999919378       0.0141999996826053
       0.0000022002259378       0.0136999996937811
       0.0000022004589378       0.0129999997094274
       0.0000022006929378       0.0120999997295439
       0.0000022009259378       0.0110999997518957
       0.0000022011599377       0.0099999997764826
       0.0000022013929377       0.0089999997988343
       0.0000022016269377       0.0081999998167157
       0.0000022018599377       0.0075999998301268
       0.0000022020939377       0.0072999998368323
       0.0000022023279377       0.0071999998390675
       0.0000022025619377       0.0071999998390675
       0.0000022027959377       0.0072999998368323
       0.0000022030299377       0.0074999998323619
       0.0000022032639377       0.0075999998301268
       0.0000022034979377       0.0076999998278916
       0.0000022037319377       0.0077999998256564
       0.0000022039669377       0.0077999998256564
       0.0000022042009377       0.0076999998278916
       0.0000022044339377       0.0075999998301268
       0.0000022046689376       0.0073999998345971
       0.0000022049029376       0.0071999998390675
       0.0000022051379376       0.0068999998457730
       0.0000022053719376       0.0064999998547137
       0.0000022056069376       0.0060999998636544
       0.0000022058419376       0.0056999998725951
       0.0000022060759376       0.0053999998793006
       0.0000022063109376       0.0051999998837709
       0.0000022065449376       0.0049999998882413
       0.0000022067799376       0.0047999998927116
       0.0000022070149376       0.0047999998927116
       0.0000022072499376       0.0046999998949468
       0.0000022074849376       0.0045999998971820
       0.0000022077189376       0.0045999998971820
       0.0000022079549376       0.0045999998971820
       0.0000022081889375       0.0045999998971820
       0.0000022084249375       0.0046999998949468
       0.0000022086599375       0.0048999998904765
       0.0000022088949375       0.0050999998860061
       0.0000022091299375       0.0052999998815358
       0.0000022093659375       0.0053999998793006
       0.0000022096009375       0.0054999998770654
       0.0000022098359375       0.0053999998793006
       0.0000022100719375       0.0051999998837709
       0.0000022103079375       0.0048999998904765
       0.0000022105429375       0.0043999999016523
       0.0000022107789375       0.0037999999150634
       0.0000022110139375       0.0031999999284744
       0.0000022112499375       0.0025999999418855
       0.0000022114859375       0.0020999999530613
       0.0000022117219374       0.0015999999642372
       0.0000022119579374       0.0013999999687076
       0.0000022121939374       0.0011999999731779
       0.0000022124299374       0.0012999999709427
       0.0000022126649374       0.0014999999664724
       0.0000022129009374       0.0017999999597669
       0.0000022131379374       0.0021999999508262
       0.0000022133739374       0.0025999999418855
       0.0000022136099374       0.0029999999329448
       0.0000022138469374       0.0033999999240041
       0.0000022140829374       0.0035999999195337
       0.0000022143189374       0.0037999999150634
       0.0000022145549374       0.0036999999172986
       0.0000022147919374       0.0035999999195337
       0.0000022150279374       0.0031999999284744
       0.0000022152649373       0.0027999999374151
       0.0000022155019373       0.0022999999485910
       0.0000022157379373       0.0016999999620020
       0.0000022159749373       0.0011999999731779
