# data from ERIS/NIX/cameras2.txt
# manually processed and written by cleantrim.pro
       0.0000009999999717       0.7907999999999999
       0.0000010009999717       0.7915000000000000
       0.0000010019999717       0.7921000000000000
       0.0000010029999716       0.7927000000000000
       0.0000010039999716       0.7934000000000000
       0.0000010049999716       0.7940000000000000
       0.0000010059999715       0.7946000000000000
       0.0000010069999715       0.7953000000000000
       0.0000010079999715       0.7959000000000001
       0.0000010089999715       0.7966000000000000
       0.0000010099999714       0.7972000000000000
       0.0000010109999714       0.7978000000000000
       0.0000010119999714       0.7985000000000000
       0.0000010129999714       0.7991000000000000
       0.0000010139999713       0.7998000000000000
       0.0000010149999713       0.8004000000000000
       0.0000010159999713       0.8011000000000000
       0.0000010169999712       0.8017000000000000
       0.0000010179999712       0.8024000000000000
       0.0000010189999712       0.8031000000000000
       0.0000010199999712       0.8037000000000000
       0.0000010209999711       0.8044000000000000
       0.0000010219999711       0.8050000000000000
       0.0000010229999711       0.8057000000000000
       0.0000010239999710       0.8064000000000000
       0.0000010249999710       0.8070000000000001
       0.0000010259999710       0.8077000000000000
       0.0000010269999710       0.8083000000000000
       0.0000010279999709       0.8090000000000001
       0.0000010289999709       0.8097000000000000
       0.0000010299999709       0.8103000000000000
       0.0000010309999708       0.8110000000000001
       0.0000010319999708       0.8117000000000000
       0.0000010329999708       0.8123000000000000
       0.0000010339999708       0.8129999999999999
       0.0000010349999707       0.8137000000000000
       0.0000010359999707       0.8143000000000000
       0.0000010369999707       0.8149999999999999
       0.0000010379999706       0.8156000000000000
       0.0000010389999706       0.8163000000000000
       0.0000010399999706       0.8169999999999999
       0.0000010409999706       0.8176000000000000
       0.0000010419999705       0.8183000000000000
       0.0000010429999705       0.8190000000000000
       0.0000010439999705       0.8196000000000000
       0.0000010449999704       0.8203000000000000
       0.0000010459999704       0.8209000000000000
       0.0000010469999704       0.8216000000000000
       0.0000010479999704       0.8223000000000000
       0.0000010489999703       0.8229000000000000
       0.0000010499999703       0.8236000000000000
       0.0000010509999703       0.8242000000000000
       0.0000010519999702       0.8249000000000000
       0.0000010529999702       0.8256000000000000
       0.0000010539999702       0.8262000000000000
       0.0000010549999702       0.8269000000000000
       0.0000010559999701       0.8275000000000000
       0.0000010569999701       0.8282000000000000
       0.0000010579999701       0.8288000000000000
       0.0000010589999700       0.8295000000000000
       0.0000010599999700       0.8300999999999999
       0.0000010609999700       0.8308000000000000
       0.0000010619999700       0.8314000000000000
       0.0000010629999699       0.8320000000000000
       0.0000010639999699       0.8327000000000000
       0.0000010649999699       0.8333000000000000
       0.0000010659999699       0.8340000000000000
       0.0000010669999698       0.8346000000000000
       0.0000010679999698       0.8352000000000001
       0.0000010689999698       0.8359000000000000
       0.0000010699999697       0.8365000000000000
       0.0000010709999697       0.8371000000000000
       0.0000010719999697       0.8377000000000000
       0.0000010729999697       0.8384000000000000
       0.0000010739999696       0.8390000000000000
       0.0000010749999696       0.8396000000000000
       0.0000010759999696       0.8401999999999999
       0.0000010769999695       0.8408000000000000
       0.0000010779999695       0.8414000000000000
       0.0000010789999695       0.8420000000000000
       0.0000010799999695       0.8426000000000000
       0.0000010809999694       0.8431999999999999
       0.0000010819999694       0.8438000000000000
       0.0000010829999694       0.8444000000000000
       0.0000010839999693       0.8450000000000000
       0.0000010849999693       0.8456000000000000
       0.0000010859999693       0.8462000000000000
       0.0000010869999693       0.8468000000000000
       0.0000010879999692       0.8474000000000000
       0.0000010889999692       0.8479000000000000
       0.0000010899999692       0.8485000000000000
       0.0000010909999691       0.8491000000000000
       0.0000010919999691       0.8497000000000000
       0.0000010929999691       0.8502000000000000
       0.0000010939999691       0.8508000000000000
       0.0000010949999690       0.8512999999999999
       0.0000010959999690       0.8519000000000000
       0.0000010969999690       0.8524000000000000
       0.0000010979999689       0.8530000000000000
       0.0000010989999689       0.8535000000000000
       0.0000010999999689       0.8541000000000000
       0.0000011009999689       0.8546000000000000
       0.0000011019999688       0.8551000000000000
       0.0000011029999688       0.8557000000000000
       0.0000011039999688       0.8562000000000000
       0.0000011049999687       0.8567000000000000
       0.0000011059999687       0.8572000000000000
       0.0000011069999687       0.8577000000000000
       0.0000011079999687       0.8582000000000000
       0.0000011089999686       0.8587000000000000
       0.0000011099999686       0.8592000000000000
       0.0000011109999686       0.8597000000000000
       0.0000011119999686       0.8602000000000000
       0.0000011129999685       0.8607000000000000
       0.0000011139999685       0.8612000000000000
       0.0000011149999685       0.8616000000000000
       0.0000011159999684       0.8621000000000000
       0.0000011169999684       0.8626000000000000
       0.0000011179999684       0.8630000000000000
       0.0000011189999684       0.8635000000000000
       0.0000011199999683       0.8639000000000000
       0.0000011209999683       0.8643000000000000
       0.0000011219999683       0.8648000000000000
       0.0000011229999682       0.8652000000000000
       0.0000011239999682       0.8656000000000000
       0.0000011249999682       0.8661000000000000
       0.0000011259999682       0.8665000000000000
       0.0000011269999681       0.8669000000000000
       0.0000011279999681       0.8673000000000000
       0.0000011289999681       0.8677000000000000
       0.0000011299999680       0.8681000000000000
       0.0000011309999680       0.8685000000000000
       0.0000011319999680       0.8688000000000000
       0.0000011329999680       0.8692000000000000
       0.0000011339999679       0.8696000000000000
       0.0000011349999679       0.8699000000000000
       0.0000011359999679       0.8703000000000000
       0.0000011369999678       0.8706000000000000
       0.0000011379999678       0.8710000000000000
       0.0000011389999678       0.8713000000000000
       0.0000011399999678       0.8717000000000000
       0.0000011409999677       0.8720000000000000
       0.0000011419999677       0.8723000000000000
       0.0000011429999677       0.8726000000000000
       0.0000011439999676       0.8729000000000000
       0.0000011449999676       0.8732000000000000
       0.0000011459999676       0.8735000000000001
       0.0000011469999676       0.8738000000000000
       0.0000011479999675       0.8741000000000000
       0.0000011489999675       0.8743000000000000
       0.0000011499999675       0.8746000000000000
       0.0000011509999674       0.8749000000000000
       0.0000011519999674       0.8751000000000000
       0.0000011529999674       0.8753000000000000
       0.0000011539999674       0.8756000000000000
       0.0000011549999673       0.8758000000000000
       0.0000011559999673       0.8760000000000000
       0.0000011569999673       0.8762000000000000
       0.0000011579999672       0.8764000000000000
       0.0000011589999672       0.8766000000000000
       0.0000011599999672       0.8768000000000000
       0.0000011609999672       0.8770000000000000
       0.0000011619999671       0.8772000000000000
       0.0000011629999671       0.8774000000000000
       0.0000011639999671       0.8774999999999999
       0.0000011649999671       0.8777000000000000
       0.0000011659999670       0.8778000000000000
       0.0000011669999670       0.8780000000000000
       0.0000011679999670       0.8781000000000000
       0.0000011689999669       0.8782000000000000
       0.0000011699999669       0.8783000000000000
       0.0000011709999669       0.8784000000000000
       0.0000011719999669       0.8784999999999999
       0.0000011729999668       0.8786000000000000
       0.0000011739999668       0.8787000000000000
       0.0000011749999668       0.8788000000000000
       0.0000011759999667       0.8789000000000000
       0.0000011769999667       0.8789000000000000
       0.0000011779999667       0.8790000000000000
       0.0000011789999667       0.8791000000000000
       0.0000011799999666       0.8791000000000000
       0.0000011809999666       0.8791000000000000
       0.0000011819999666       0.8792000000000000
       0.0000011829999665       0.8792000000000000
       0.0000011839999665       0.8792000000000000
       0.0000011849999665       0.8793000000000000
       0.0000011859999665       0.8793000000000000
       0.0000011869999664       0.8793000000000000
       0.0000011879999664       0.8793000000000000
       0.0000011889999664       0.8793000000000000
       0.0000011899999663       0.8792000000000000
       0.0000011909999663       0.8792000000000000
       0.0000011919999663       0.8792000000000000
       0.0000011929999663       0.8792000000000000
       0.0000011939999662       0.8791000000000000
       0.0000011949999662       0.8791000000000000
       0.0000011959999662       0.8791000000000000
       0.0000011969999661       0.8790000000000000
       0.0000011979999661       0.8789000000000000
       0.0000011989999661       0.8789000000000000
       0.0000011999999661       0.8788000000000000
       0.0000012009999660       0.8787000000000000
       0.0000012019999660       0.8787000000000000
       0.0000012029999660       0.8786000000000000
       0.0000012039999659       0.8784999999999999
       0.0000012049999659       0.8784000000000000
       0.0000012059999659       0.8783000000000000
       0.0000012069999659       0.8782000000000000
       0.0000012079999658       0.8781000000000000
       0.0000012089999658       0.8780000000000000
       0.0000012099999658       0.8779000000000000
       0.0000012109999658       0.8777000000000000
       0.0000012119999657       0.8776000000000000
       0.0000012129999657       0.8774999999999999
       0.0000012139999657       0.8774000000000000
       0.0000012149999656       0.8772000000000000
       0.0000012159999656       0.8771000000000000
       0.0000012169999656       0.8769000000000000
       0.0000012179999656       0.8768000000000000
       0.0000012189999655       0.8766000000000000
       0.0000012199999655       0.8764999999999999
       0.0000012209999655       0.8763000000000000
       0.0000012219999654       0.8761000000000000
       0.0000012229999654       0.8760000000000000
       0.0000012239999654       0.8758000000000000
       0.0000012249999654       0.8756000000000000
       0.0000012259999653       0.8754000000000000
       0.0000012269999653       0.8752000000000000
       0.0000012279999653       0.8751000000000000
       0.0000012289999652       0.8749000000000000
       0.0000012299999652       0.8747000000000000
       0.0000012309999652       0.8745000000000001
       0.0000012319999652       0.8743000000000000
       0.0000012329999651       0.8741000000000000
       0.0000012339999651       0.8739000000000000
       0.0000012349999651       0.8736000000000000
       0.0000012359999650       0.8734000000000000
       0.0000012369999650       0.8732000000000000
       0.0000012379999650       0.8730000000000000
       0.0000012389999650       0.8728000000000000
       0.0000012399999649       0.8725000000000001
       0.0000012409999649       0.8723000000000000
       0.0000012419999649       0.8721000000000000
       0.0000012429999648       0.8719000000000000
       0.0000012439999648       0.8716000000000000
       0.0000012449999648       0.8714000000000000
       0.0000012459999648       0.8711000000000000
       0.0000012469999647       0.8709000000000000
       0.0000012479999647       0.8707000000000000
       0.0000012489999647       0.8704000000000000
       0.0000012499999646       0.8702000000000000
       0.0000012509999646       0.8699000000000000
       0.0000012519999646       0.8697000000000000
       0.0000012529999646       0.8694000000000000
       0.0000012539999645       0.8691000000000000
       0.0000012549999645       0.8689000000000000
       0.0000012559999645       0.8686000000000000
       0.0000012569999644       0.8683999999999999
       0.0000012579999644       0.8681000000000000
       0.0000012589999644       0.8678000000000000
       0.0000012599999644       0.8676000000000000
       0.0000012609999643       0.8673000000000000
       0.0000012619999643       0.8670000000000000
       0.0000012629999643       0.8668000000000000
       0.0000012639999643       0.8665000000000000
       0.0000012649999642       0.8662000000000000
       0.0000012659999642       0.8659000000000000
       0.0000012669999642       0.8656000000000000
       0.0000012679999641       0.8653999999999999
       0.0000012689999641       0.8651000000000000
       0.0000012699999641       0.8648000000000000
       0.0000012709999641       0.8645000000000000
       0.0000012719999640       0.8642000000000000
       0.0000012729999640       0.8640000000000000
       0.0000012739999640       0.8637000000000000
       0.0000012749999639       0.8633999999999999
       0.0000012759999639       0.8631000000000000
       0.0000012769999639       0.8628000000000000
       0.0000012779999639       0.8625000000000000
       0.0000012789999638       0.8622000000000000
       0.0000012799999638       0.8619000000000000
       0.0000012809999638       0.8616000000000000
       0.0000012819999637       0.8613000000000000
       0.0000012829999637       0.8610000000000000
       0.0000012839999637       0.8607000000000000
       0.0000012849999637       0.8604000000000001
       0.0000012859999636       0.8602000000000000
       0.0000012869999636       0.8599000000000000
       0.0000012879999636       0.8596000000000000
       0.0000012889999635       0.8593000000000000
       0.0000012899999635       0.8590000000000000
       0.0000012909999635       0.8587000000000000
       0.0000012919999635       0.8584000000000001
       0.0000012929999634       0.8581000000000000
       0.0000012939999634       0.8578000000000000
       0.0000012949999634       0.8575000000000000
       0.0000012959999633       0.8572000000000000
       0.0000012969999633       0.8568000000000000
       0.0000012979999633       0.8565000000000000
       0.0000012989999633       0.8562000000000000
       0.0000012999999632       0.8559000000000000
       0.0000013009999632       0.8556000000000000
       0.0000013019999632       0.8552999999999999
       0.0000013029999631       0.8550000000000000
       0.0000013039999631       0.8547000000000000
       0.0000013049999631       0.8544000000000000
       0.0000013059999631       0.8541000000000000
       0.0000013069999630       0.8538000000000000
       0.0000013079999630       0.8535000000000000
       0.0000013089999630       0.8532000000000000
       0.0000013099999630       0.8529000000000000
       0.0000013109999629       0.8526000000000000
       0.0000013119999629       0.8522999999999999
       0.0000013129999629       0.8520000000000000
       0.0000013139999628       0.8517000000000000
       0.0000013149999628       0.8514000000000000
       0.0000013159999628       0.8511000000000000
       0.0000013169999628       0.8508000000000000
       0.0000013179999627       0.8505000000000000
       0.0000013189999627       0.8502000000000000
       0.0000013199999627       0.8499000000000000
       0.0000013209999626       0.8496000000000000
       0.0000013219999626       0.8493000000000001
       0.0000013229999626       0.8490000000000000
       0.0000013239999626       0.8488000000000000
       0.0000013249999625       0.8485000000000000
       0.0000013259999625       0.8482000000000000
       0.0000013269999625       0.8479000000000000
       0.0000013279999624       0.8476000000000000
       0.0000013289999624       0.8473000000000001
       0.0000013299999624       0.8470000000000000
       0.0000013309999624       0.8467000000000000
       0.0000013319999623       0.8464000000000000
       0.0000013329999623       0.8462000000000000
       0.0000013339999623       0.8459000000000000
       0.0000013349999622       0.8456000000000000
       0.0000013359999622       0.8453000000000001
       0.0000013369999622       0.8450000000000000
       0.0000013379999622       0.8448000000000000
       0.0000013389999621       0.8445000000000000
       0.0000013399999621       0.8442000000000000
       0.0000013409999621       0.8439000000000000
       0.0000013419999620       0.8437000000000000
       0.0000013429999620       0.8434000000000000
       0.0000013439999620       0.8431000000000000
       0.0000013449999620       0.8429000000000000
       0.0000013459999619       0.8426000000000000
       0.0000013469999619       0.8423000000000000
       0.0000013479999619       0.8421000000000000
       0.0000013489999618       0.8418000000000000
       0.0000013499999618       0.8416000000000000
       0.0000013509999618       0.8413000000000000
       0.0000013519999618       0.8411000000000000
       0.0000013529999617       0.8408000000000000
       0.0000013539999617       0.8406000000000000
       0.0000013549999617       0.8403000000000000
       0.0000013559999616       0.8401000000000000
       0.0000013569999616       0.8398000000000000
       0.0000013579999616       0.8396000000000000
       0.0000013589999616       0.8393000000000000
       0.0000013599999615       0.8391000000000000
       0.0000013609999615       0.8389000000000000
       0.0000013619999615       0.8386000000000000
       0.0000013629999615       0.8384000000000000
       0.0000013639999614       0.8381999999999999
       0.0000013649999614       0.8380000000000000
       0.0000013659999614       0.8377000000000000
       0.0000013669999613       0.8375000000000000
       0.0000013679999613       0.8373000000000000
       0.0000013689999613       0.8371000000000000
       0.0000013699999613       0.8369000000000000
       0.0000013709999612       0.8367000000000000
       0.0000013719999612       0.8365000000000000
       0.0000013729999612       0.8362000000000001
       0.0000013739999611       0.8360000000000000
       0.0000013749999611       0.8358000000000000
       0.0000013759999611       0.8357000000000000
       0.0000013769999611       0.8355000000000000
       0.0000013779999610       0.8353000000000000
       0.0000013789999610       0.8351000000000000
       0.0000013799999610       0.8349000000000000
       0.0000013809999609       0.8347000000000000
       0.0000013819999609       0.8345000000000000
       0.0000013829999609       0.8344000000000000
       0.0000013839999609       0.8342000000000001
       0.0000013849999608       0.8340000000000000
       0.0000013859999608       0.8339000000000000
       0.0000013869999608       0.8337000000000000
       0.0000013879999607       0.8336000000000000
       0.0000013889999607       0.8334000000000000
       0.0000013899999607       0.8332000000000001
       0.0000013909999607       0.8331000000000000
       0.0000013919999606       0.8330000000000000
       0.0000013929999606       0.8328000000000000
       0.0000013939999606       0.8327000000000000
       0.0000013949999605       0.8326000000000000
       0.0000013959999605       0.8324000000000000
       0.0000013969999605       0.8323000000000000
       0.0000013979999605       0.8322000000000001
       0.0000013989999604       0.8321000000000000
       0.0000013999999604       0.8319000000000000
       0.0000014009999604       0.8318000000000000
       0.0000014019999603       0.8317000000000000
       0.0000014029999603       0.8316000000000000
       0.0000014039999603       0.8315000000000000
       0.0000014049999603       0.8314000000000000
       0.0000014059999602       0.8313000000000000
       0.0000014069999602       0.8313000000000000
       0.0000014079999602       0.8312000000000000
       0.0000014089999602       0.8310999999999999
       0.0000014099999601       0.8310000000000000
       0.0000014109999601       0.8310000000000000
       0.0000014119999601       0.8309000000000000
       0.0000014129999600       0.8308000000000000
       0.0000014139999600       0.8308000000000000
       0.0000014149999600       0.8307000000000000
       0.0000014159999600       0.8307000000000000
       0.0000014169999599       0.8306000000000000
       0.0000014179999599       0.8306000000000000
       0.0000014189999599       0.8306000000000000
       0.0000014199999598       0.8305000000000000
       0.0000014209999598       0.8305000000000000
       0.0000014219999598       0.8305000000000000
       0.0000014229999598       0.8305000000000000
       0.0000014239999597       0.8305000000000000
       0.0000014249999597       0.8305000000000000
       0.0000014259999597       0.8305000000000000
       0.0000014269999596       0.8305000000000000
       0.0000014279999596       0.8305000000000000
       0.0000014289999596       0.8305000000000000
       0.0000014299999596       0.8305000000000000
       0.0000014309999595       0.8305000000000000
       0.0000014319999595       0.8306000000000000
       0.0000014329999595       0.8306000000000000
       0.0000014339999594       0.8306000000000000
       0.0000014349999594       0.8307000000000000
       0.0000014359999594       0.8307000000000000
       0.0000014369999594       0.8308000000000000
       0.0000014379999593       0.8308000000000000
       0.0000014389999593       0.8309000000000000
       0.0000014399999593       0.8310000000000000
       0.0000014409999592       0.8310000000000000
       0.0000014419999592       0.8310999999999999
       0.0000014429999592       0.8312000000000000
       0.0000014439999592       0.8313000000000000
       0.0000014449999591       0.8314000000000000
       0.0000014459999591       0.8315000000000000
       0.0000014469999591       0.8316000000000000
       0.0000014479999590       0.8317000000000000
       0.0000014489999590       0.8318000000000000
       0.0000014499999590       0.8319000000000000
       0.0000014509999590       0.8320000000000000
       0.0000014519999589       0.8321000000000000
       0.0000014529999589       0.8322000000000001
       0.0000014539999589       0.8323000000000000
       0.0000014549999588       0.8325000000000000
       0.0000014559999588       0.8326000000000000
       0.0000014569999588       0.8327000000000000
       0.0000014579999588       0.8329000000000000
       0.0000014589999587       0.8330000000000000
       0.0000014599999587       0.8332000000000001
       0.0000014609999587       0.8333000000000000
       0.0000014619999587       0.8335000000000000
       0.0000014629999586       0.8336000000000000
       0.0000014639999586       0.8338000000000000
       0.0000014649999586       0.8339000000000000
       0.0000014659999585       0.8341000000000000
       0.0000014669999585       0.8343000000000000
       0.0000014679999585       0.8345000000000000
       0.0000014689999585       0.8346000000000000
       0.0000014699999584       0.8348000000000000
       0.0000014709999584       0.8350000000000000
       0.0000014719999584       0.8352000000000001
       0.0000014729999583       0.8354000000000000
       0.0000014739999583       0.8356000000000000
       0.0000014749999583       0.8357000000000000
       0.0000014759999583       0.8359000000000000
       0.0000014769999582       0.8361000000000000
       0.0000014779999582       0.8363000000000000
       0.0000014789999582       0.8365000000000000
       0.0000014799999581       0.8368000000000000
       0.0000014809999581       0.8370000000000000
       0.0000014819999581       0.8372000000000001
       0.0000014829999581       0.8374000000000000
       0.0000014839999580       0.8376000000000000
       0.0000014849999580       0.8378000000000000
       0.0000014859999580       0.8380000000000000
       0.0000014869999579       0.8383000000000000
       0.0000014879999579       0.8385000000000000
       0.0000014889999579       0.8387000000000000
       0.0000014899999579       0.8390000000000000
       0.0000014909999578       0.8391999999999999
       0.0000014919999578       0.8394000000000000
       0.0000014929999578       0.8397000000000000
       0.0000014939999577       0.8399000000000000
       0.0000014949999577       0.8401000000000000
       0.0000014959999577       0.8404000000000000
       0.0000014969999577       0.8406000000000000
       0.0000014979999576       0.8409000000000000
       0.0000014989999576       0.8411000000000000
       0.0000014999999576       0.8414000000000000
       0.0000015009999575       0.8416000000000000
       0.0000015019999575       0.8419000000000000
       0.0000015029999575       0.8421000000000000
       0.0000015039999575       0.8424000000000000
       0.0000015049999574       0.8426000000000000
       0.0000015059999574       0.8429000000000000
       0.0000015069999574       0.8431000000000000
       0.0000015079999574       0.8434000000000000
       0.0000015089999573       0.8437000000000000
       0.0000015099999573       0.8439000000000000
       0.0000015109999573       0.8442000000000000
       0.0000015119999572       0.8445000000000000
       0.0000015129999572       0.8447000000000000
       0.0000015139999572       0.8450000000000000
       0.0000015149999572       0.8453000000000001
       0.0000015159999571       0.8455000000000000
       0.0000015169999571       0.8458000000000000
       0.0000015179999571       0.8461000000000000
       0.0000015189999570       0.8463000000000001
       0.0000015199999570       0.8466000000000000
       0.0000015209999570       0.8469000000000000
       0.0000015219999570       0.8471000000000000
       0.0000015229999569       0.8474000000000000
       0.0000015239999569       0.8477000000000000
       0.0000015249999569       0.8480000000000000
       0.0000015259999568       0.8482000000000000
       0.0000015269999568       0.8485000000000000
       0.0000015279999568       0.8488000000000000
       0.0000015289999568       0.8491000000000000
       0.0000015299999567       0.8493000000000001
       0.0000015309999567       0.8496000000000000
       0.0000015319999567       0.8499000000000000
       0.0000015329999566       0.8502000000000000
       0.0000015339999566       0.8505000000000000
       0.0000015349999566       0.8507000000000000
       0.0000015359999566       0.8510000000000000
       0.0000015369999565       0.8512999999999999
       0.0000015379999565       0.8516000000000000
       0.0000015389999565       0.8518000000000000
       0.0000015399999564       0.8521000000000000
       0.0000015409999564       0.8524000000000000
       0.0000015419999564       0.8527000000000000
       0.0000015429999564       0.8529000000000000
       0.0000015439999563       0.8532000000000000
       0.0000015449999563       0.8535000000000000
       0.0000015459999563       0.8538000000000000
       0.0000015469999562       0.8540000000000000
       0.0000015479999562       0.8542999999999999
       0.0000015489999562       0.8546000000000000
       0.0000015499999562       0.8548000000000000
       0.0000015509999561       0.8551000000000000
       0.0000015519999561       0.8554000000000000
       0.0000015529999561       0.8557000000000000
       0.0000015539999560       0.8559000000000000
       0.0000015549999560       0.8562000000000000
       0.0000015559999560       0.8565000000000000
       0.0000015569999560       0.8567000000000000
       0.0000015579999559       0.8570000000000000
       0.0000015589999559       0.8572000000000000
       0.0000015599999559       0.8575000000000000
       0.0000015609999559       0.8578000000000000
       0.0000015619999558       0.8580000000000000
       0.0000015629999558       0.8583000000000000
       0.0000015639999558       0.8585000000000000
       0.0000015649999557       0.8588000000000000
       0.0000015659999557       0.8591000000000000
       0.0000015669999557       0.8593000000000000
       0.0000015679999557       0.8596000000000000
       0.0000015689999556       0.8598000000000000
       0.0000015699999556       0.8600000000000000
       0.0000015709999556       0.8603000000000000
       0.0000015719999555       0.8605000000000000
       0.0000015729999555       0.8608000000000000
       0.0000015739999555       0.8610000000000000
       0.0000015749999555       0.8613000000000000
       0.0000015759999554       0.8615000000000000
       0.0000015769999554       0.8617000000000000
       0.0000015779999554       0.8620000000000000
       0.0000015789999553       0.8622000000000000
       0.0000015799999553       0.8624000000000001
       0.0000015809999553       0.8626000000000000
       0.0000015819999553       0.8629000000000000
       0.0000015829999552       0.8631000000000000
       0.0000015839999552       0.8633000000000000
       0.0000015849999552       0.8635000000000000
       0.0000015859999551       0.8637000000000000
       0.0000015869999551       0.8640000000000000
       0.0000015879999551       0.8642000000000000
       0.0000015889999551       0.8643999999999999
       0.0000015899999550       0.8646000000000000
       0.0000015909999550       0.8648000000000000
       0.0000015919999550       0.8650000000000000
       0.0000015929999549       0.8652000000000000
       0.0000015939999549       0.8653999999999999
       0.0000015949999549       0.8656000000000000
       0.0000015959999549       0.8657000000000000
       0.0000015969999548       0.8659000000000000
       0.0000015979999548       0.8661000000000000
       0.0000015989999548       0.8663000000000000
       0.0000015999999547       0.8665000000000000
       0.0000016009999547       0.8666000000000000
       0.0000016019999547       0.8668000000000000
       0.0000016029999547       0.8670000000000000
       0.0000016039999546       0.8671000000000000
       0.0000016049999546       0.8673000000000000
       0.0000016059999546       0.8675000000000000
       0.0000016069999546       0.8676000000000000
       0.0000016079999545       0.8678000000000000
       0.0000016089999545       0.8679000000000000
       0.0000016099999545       0.8680000000000000
       0.0000016109999544       0.8682000000000000
       0.0000016119999544       0.8683000000000000
       0.0000016129999544       0.8685000000000000
       0.0000016139999544       0.8686000000000000
       0.0000016149999543       0.8687000000000000
       0.0000016159999543       0.8688000000000000
       0.0000016169999543       0.8690000000000000
       0.0000016179999542       0.8691000000000000
       0.0000016189999542       0.8692000000000000
       0.0000016199999542       0.8693000000000000
       0.0000016209999542       0.8694000000000000
       0.0000016219999541       0.8695000000000001
       0.0000016229999541       0.8696000000000000
       0.0000016239999541       0.8697000000000000
       0.0000016249999540       0.8698000000000000
       0.0000016259999540       0.8699000000000000
       0.0000016269999540       0.8700000000000000
       0.0000016279999540       0.8701000000000000
       0.0000016289999539       0.8702000000000000
       0.0000016299999539       0.8702000000000000
       0.0000016309999539       0.8703000000000000
       0.0000016319999538       0.8704000000000000
       0.0000016329999538       0.8705000000000001
       0.0000016339999538       0.8705000000000001
       0.0000016349999538       0.8706000000000000
       0.0000016359999537       0.8707000000000000
       0.0000016369999537       0.8707000000000000
       0.0000016379999537       0.8708000000000000
       0.0000016389999536       0.8708000000000000
       0.0000016399999536       0.8709000000000000
       0.0000016409999536       0.8709000000000000
       0.0000016419999536       0.8710000000000000
       0.0000016429999535       0.8710000000000000
       0.0000016439999535       0.8711000000000000
       0.0000016449999535       0.8711000000000000
       0.0000016459999534       0.8711000000000000
       0.0000016469999534       0.8712000000000000
       0.0000016479999534       0.8712000000000000
       0.0000016489999534       0.8712000000000000
       0.0000016499999533       0.8713000000000000
       0.0000016509999533       0.8713000000000000
       0.0000016519999533       0.8713000000000000
       0.0000016529999532       0.8713000000000000
       0.0000016539999532       0.8713000000000000
       0.0000016549999532       0.8713000000000000
       0.0000016559999532       0.8714000000000000
       0.0000016569999531       0.8714000000000000
       0.0000016579999531       0.8714000000000000
       0.0000016589999531       0.8714000000000000
       0.0000016599999531       0.8714000000000000
       0.0000016609999530       0.8714000000000000
       0.0000016619999530       0.8714000000000000
       0.0000016629999530       0.8714000000000000
       0.0000016639999529       0.8714000000000000
       0.0000016649999529       0.8714000000000000
       0.0000016659999529       0.8713000000000000
       0.0000016669999529       0.8713000000000000
       0.0000016679999528       0.8713000000000000
       0.0000016689999528       0.8713000000000000
       0.0000016699999528       0.8713000000000000
       0.0000016709999527       0.8713000000000000
       0.0000016719999527       0.8712000000000000
       0.0000016729999527       0.8712000000000000
       0.0000016739999527       0.8712000000000000
       0.0000016749999526       0.8711000000000000
       0.0000016759999526       0.8711000000000000
       0.0000016769999526       0.8711000000000000
       0.0000016779999525       0.8710000000000000
       0.0000016789999525       0.8710000000000000
       0.0000016799999525       0.8710000000000000
       0.0000016809999525       0.8709000000000000
       0.0000016819999524       0.8709000000000000
       0.0000016829999524       0.8708000000000000
       0.0000016839999524       0.8708000000000000
       0.0000016849999523       0.8707000000000000
       0.0000016859999523       0.8707000000000000
       0.0000016869999523       0.8706000000000000
       0.0000016879999523       0.8706000000000000
       0.0000016889999522       0.8705000000000001
       0.0000016899999522       0.8705000000000001
       0.0000016909999522       0.8704000000000000
       0.0000016919999521       0.8704000000000000
       0.0000016929999521       0.8703000000000000
       0.0000016939999521       0.8702000000000000
       0.0000016949999521       0.8702000000000000
       0.0000016959999520       0.8701000000000000
       0.0000016969999520       0.8700000000000000
       0.0000016979999520       0.8700000000000000
       0.0000016989999519       0.8699000000000000
       0.0000016999999519       0.8698000000000000
       0.0000017009999519       0.8698000000000000
       0.0000017019999519       0.8697000000000000
       0.0000017029999518       0.8696000000000000
       0.0000017039999518       0.8695000000000001
       0.0000017049999518       0.8695000000000001
       0.0000017059999518       0.8694000000000000
       0.0000017069999517       0.8693000000000000
       0.0000017079999517       0.8692000000000000
       0.0000017089999517       0.8691000000000000
       0.0000017099999516       0.8690000000000000
       0.0000017109999516       0.8690000000000000
       0.0000017119999516       0.8689000000000000
       0.0000017129999516       0.8688000000000000
       0.0000017139999515       0.8687000000000000
       0.0000017149999515       0.8686000000000000
       0.0000017159999515       0.8685000000000000
       0.0000017169999514       0.8683999999999999
       0.0000017179999514       0.8683000000000000
       0.0000017189999514       0.8682000000000000
       0.0000017199999514       0.8681000000000000
       0.0000017209999513       0.8680000000000000
       0.0000017219999513       0.8679000000000000
       0.0000017229999513       0.8678000000000000
       0.0000017239999512       0.8677000000000000
       0.0000017249999512       0.8676000000000000
       0.0000017259999512       0.8675000000000000
       0.0000017269999512       0.8673999999999999
       0.0000017279999511       0.8673000000000000
       0.0000017289999511       0.8672000000000000
       0.0000017299999511       0.8671000000000000
       0.0000017309999510       0.8670000000000000
       0.0000017319999510       0.8669000000000000
       0.0000017329999510       0.8668000000000000
       0.0000017339999510       0.8667000000000000
       0.0000017349999509       0.8666000000000000
       0.0000017359999509       0.8665000000000000
       0.0000017369999509       0.8663999999999999
       0.0000017379999508       0.8663000000000000
       0.0000017389999508       0.8662000000000000
       0.0000017399999508       0.8661000000000000
       0.0000017409999508       0.8660000000000000
       0.0000017419999507       0.8658000000000000
       0.0000017429999507       0.8657000000000000
       0.0000017439999507       0.8656000000000000
       0.0000017449999506       0.8655000000000000
       0.0000017459999506       0.8653999999999999
       0.0000017469999506       0.8653000000000000
       0.0000017479999506       0.8652000000000000
       0.0000017489999505       0.8651000000000000
       0.0000017499999505       0.8649000000000000
       0.0000017509999505       0.8648000000000000
       0.0000017519999505       0.8647000000000000
       0.0000017529999504       0.8646000000000000
       0.0000017539999504       0.8645000000000000
       0.0000017549999504       0.8643999999999999
       0.0000017559999503       0.8642000000000000
       0.0000017569999503       0.8641000000000000
       0.0000017579999503       0.8640000000000000
       0.0000017589999503       0.8639000000000000
       0.0000017599999502       0.8638000000000000
       0.0000017609999502       0.8637000000000000
       0.0000017619999502       0.8636000000000000
       0.0000017629999501       0.8633999999999999
       0.0000017639999501       0.8633000000000000
       0.0000017649999501       0.8632000000000000
       0.0000017659999501       0.8631000000000000
       0.0000017669999500       0.8630000000000000
       0.0000017679999500       0.8629000000000000
       0.0000017689999500       0.8627000000000000
       0.0000017699999499       0.8626000000000000
       0.0000017709999499       0.8625000000000000
       0.0000017719999499       0.8624000000000001
       0.0000017729999499       0.8623000000000000
       0.0000017739999498       0.8622000000000000
       0.0000017749999498       0.8620000000000000
       0.0000017759999498       0.8619000000000000
       0.0000017769999497       0.8618000000000000
       0.0000017779999497       0.8617000000000000
       0.0000017789999497       0.8616000000000000
       0.0000017799999497       0.8615000000000000
       0.0000017809999496       0.8614000000000001
       0.0000017819999496       0.8612000000000000
       0.0000017829999496       0.8611000000000000
       0.0000017839999495       0.8610000000000000
       0.0000017849999495       0.8609000000000000
       0.0000017859999495       0.8608000000000000
       0.0000017869999495       0.8607000000000000
       0.0000017879999494       0.8606000000000000
       0.0000017889999494       0.8605000000000000
       0.0000017899999494       0.8604000000000001
       0.0000017909999493       0.8603000000000000
       0.0000017919999493       0.8601000000000000
       0.0000017929999493       0.8600000000000000
       0.0000017939999493       0.8599000000000000
       0.0000017949999492       0.8598000000000000
       0.0000017959999492       0.8597000000000000
       0.0000017969999492       0.8596000000000000
       0.0000017979999491       0.8595000000000000
       0.0000017989999491       0.8594000000000001
       0.0000017999999491       0.8593000000000000
       0.0000018009999491       0.8592000000000000
       0.0000018019999490       0.8591000000000000
       0.0000018029999490       0.8590000000000000
       0.0000018039999490       0.8589000000000000
       0.0000018049999490       0.8588000000000000
       0.0000018059999489       0.8587000000000000
       0.0000018069999489       0.8586000000000000
       0.0000018079999489       0.8585000000000000
       0.0000018089999488       0.8584000000000001
       0.0000018099999488       0.8583000000000000
       0.0000018109999488       0.8582000000000000
       0.0000018119999488       0.8581000000000000
       0.0000018129999487       0.8580000000000000
       0.0000018139999487       0.8579000000000000
       0.0000018149999487       0.8578000000000000
       0.0000018159999486       0.8577000000000000
       0.0000018169999486       0.8576000000000000
       0.0000018179999486       0.8575000000000000
       0.0000018189999486       0.8574000000000001
       0.0000018199999485       0.8573000000000000
       0.0000018209999485       0.8572000000000000
       0.0000018219999485       0.8571000000000000
       0.0000018229999484       0.8570000000000000
       0.0000018239999484       0.8569000000000000
       0.0000018249999484       0.8568000000000000
       0.0000018259999484       0.8567000000000000
       0.0000018269999483       0.8567000000000000
       0.0000018279999483       0.8566000000000000
       0.0000018289999483       0.8565000000000000
       0.0000018299999482       0.8564000000000001
       0.0000018309999482       0.8563000000000000
       0.0000018319999482       0.8562000000000000
       0.0000018329999482       0.8561000000000000
       0.0000018339999481       0.8560000000000000
       0.0000018349999481       0.8559000000000000
       0.0000018359999481       0.8559000000000000
       0.0000018369999480       0.8558000000000000
       0.0000018379999480       0.8557000000000000
       0.0000018389999480       0.8556000000000000
       0.0000018399999480       0.8555000000000000
       0.0000018409999479       0.8554000000000000
       0.0000018419999479       0.8552999999999999
       0.0000018429999479       0.8552000000000000
       0.0000018439999478       0.8552000000000000
       0.0000018449999478       0.8551000000000000
       0.0000018459999478       0.8550000000000000
       0.0000018469999478       0.8549000000000000
       0.0000018479999477       0.8548000000000000
       0.0000018489999477       0.8548000000000000
       0.0000018499999477       0.8547000000000000
       0.0000018509999477       0.8546000000000000
       0.0000018519999476       0.8545000000000000
       0.0000018529999476       0.8544000000000000
       0.0000018539999476       0.8542999999999999
       0.0000018549999475       0.8542999999999999
       0.0000018559999475       0.8542000000000000
       0.0000018569999475       0.8541000000000000
       0.0000018579999475       0.8540000000000000
       0.0000018589999474       0.8540000000000000
       0.0000018599999474       0.8539000000000000
       0.0000018609999474       0.8538000000000000
       0.0000018619999473       0.8537000000000000
       0.0000018629999473       0.8537000000000000
       0.0000018639999473       0.8536000000000000
       0.0000018649999473       0.8535000000000000
       0.0000018659999472       0.8534000000000000
       0.0000018669999472       0.8534000000000000
       0.0000018679999472       0.8532999999999999
       0.0000018689999471       0.8532000000000000
       0.0000018699999471       0.8531000000000000
       0.0000018709999471       0.8531000000000000
       0.0000018719999471       0.8530000000000000
       0.0000018729999470       0.8529000000000000
       0.0000018739999470       0.8529000000000000
       0.0000018749999470       0.8528000000000000
       0.0000018759999469       0.8527000000000000
       0.0000018769999469       0.8526000000000000
       0.0000018779999469       0.8526000000000000
       0.0000018789999469       0.8525000000000000
       0.0000018799999468       0.8524000000000000
       0.0000018809999468       0.8524000000000000
       0.0000018819999468       0.8522999999999999
       0.0000018829999467       0.8522000000000000
       0.0000018839999467       0.8522000000000000
       0.0000018849999467       0.8521000000000000
       0.0000018859999467       0.8520000000000000
       0.0000018869999466       0.8520000000000000
       0.0000018879999466       0.8519000000000000
       0.0000018889999466       0.8518000000000000
       0.0000018899999465       0.8518000000000000
       0.0000018909999465       0.8517000000000000
       0.0000018919999465       0.8517000000000000
       0.0000018929999465       0.8516000000000000
       0.0000018939999464       0.8515000000000000
       0.0000018949999464       0.8515000000000000
       0.0000018959999464       0.8514000000000000
       0.0000018969999463       0.8512999999999999
       0.0000018979999463       0.8512999999999999
       0.0000018989999463       0.8512000000000000
       0.0000018999999463       0.8512000000000000
       0.0000019009999462       0.8511000000000000
       0.0000019019999462       0.8510000000000000
       0.0000019029999462       0.8510000000000000
       0.0000019039999462       0.8509000000000000
       0.0000019049999461       0.8509000000000000
       0.0000019059999461       0.8508000000000000
       0.0000019069999461       0.8508000000000000
       0.0000019079999460       0.8507000000000000
       0.0000019089999460       0.8507000000000000
       0.0000019099999460       0.8506000000000000
       0.0000019109999460       0.8505000000000000
       0.0000019119999459       0.8505000000000000
       0.0000019129999459       0.8504000000000000
       0.0000019139999459       0.8504000000000000
       0.0000019149999458       0.8502999999999999
       0.0000019159999458       0.8502999999999999
       0.0000019169999458       0.8502000000000000
       0.0000019179999458       0.8502000000000000
       0.0000019189999457       0.8501000000000000
       0.0000019199999457       0.8501000000000000
       0.0000019209999457       0.8500000000000000
       0.0000019219999456       0.8500000000000000
       0.0000019229999456       0.8499000000000000
       0.0000019239999456       0.8499000000000000
       0.0000019249999456       0.8498000000000000
       0.0000019259999455       0.8498000000000000
       0.0000019269999455       0.8497000000000000
       0.0000019279999455       0.8497000000000000
       0.0000019289999454       0.8496000000000000
       0.0000019299999454       0.8496000000000000
       0.0000019309999454       0.8495000000000000
       0.0000019319999454       0.8495000000000000
       0.0000019329999453       0.8494000000000000
       0.0000019339999453       0.8494000000000000
       0.0000019349999453       0.8494000000000000
       0.0000019359999452       0.8493000000000001
       0.0000019369999452       0.8493000000000001
       0.0000019379999452       0.8492000000000000
       0.0000019389999452       0.8492000000000000
       0.0000019399999451       0.8491000000000000
       0.0000019409999451       0.8491000000000000
       0.0000019419999451       0.8491000000000000
       0.0000019429999450       0.8490000000000000
       0.0000019439999450       0.8490000000000000
       0.0000019449999450       0.8489000000000000
       0.0000019459999450       0.8489000000000000
       0.0000019469999449       0.8489000000000000
       0.0000019479999449       0.8488000000000000
       0.0000019489999449       0.8488000000000000
       0.0000019499999449       0.8487000000000000
       0.0000019509999448       0.8487000000000000
       0.0000019519999448       0.8487000000000000
       0.0000019529999448       0.8486000000000000
       0.0000019539999447       0.8486000000000000
       0.0000019549999447       0.8486000000000000
       0.0000019559999447       0.8485000000000000
       0.0000019569999447       0.8485000000000000
       0.0000019579999446       0.8484000000000000
       0.0000019589999446       0.8484000000000000
       0.0000019599999446       0.8484000000000000
       0.0000019609999445       0.8483000000000001
       0.0000019619999445       0.8483000000000001
       0.0000019629999445       0.8483000000000001
       0.0000019639999445       0.8482000000000000
       0.0000019649999444       0.8482000000000000
       0.0000019659999444       0.8482000000000000
       0.0000019669999444       0.8482000000000000
       0.0000019679999443       0.8481000000000000
       0.0000019689999443       0.8481000000000000
       0.0000019699999443       0.8481000000000000
       0.0000019709999443       0.8480000000000000
       0.0000019719999442       0.8480000000000000
       0.0000019729999442       0.8480000000000000
       0.0000019739999442       0.8479000000000000
       0.0000019749999441       0.8479000000000000
       0.0000019759999441       0.8479000000000000
       0.0000019769999441       0.8479000000000000
       0.0000019779999441       0.8478000000000000
       0.0000019789999440       0.8478000000000000
       0.0000019799999440       0.8478000000000000
       0.0000019809999440       0.8478000000000000
       0.0000019819999439       0.8477000000000000
       0.0000019829999439       0.8477000000000000
       0.0000019839999439       0.8477000000000000
       0.0000019849999439       0.8477000000000000
       0.0000019859999438       0.8476000000000000
       0.0000019869999438       0.8476000000000000
       0.0000019879999438       0.8476000000000000
       0.0000019889999437       0.8476000000000000
       0.0000019899999437       0.8475000000000000
       0.0000019909999437       0.8475000000000000
       0.0000019919999437       0.8475000000000000
       0.0000019929999436       0.8475000000000000
       0.0000019939999436       0.8475000000000000
       0.0000019949999436       0.8474000000000000
       0.0000019959999435       0.8474000000000000
       0.0000019969999435       0.8474000000000000
       0.0000019979999435       0.8474000000000000
       0.0000019989999435       0.8474000000000000
       0.0000019999999434       0.8473000000000001
       0.0000020009999434       0.8473000000000001
       0.0000020019999434       0.8473000000000001
       0.0000020029999434       0.8473000000000001
       0.0000020039999433       0.8473000000000001
       0.0000020049999433       0.8473000000000001
       0.0000020059999433       0.8472000000000000
       0.0000020069999432       0.8472000000000000
       0.0000020079999432       0.8472000000000000
       0.0000020089999432       0.8472000000000000
       0.0000020099999432       0.8472000000000000
       0.0000020109999431       0.8472000000000000
       0.0000020119999431       0.8472000000000000
       0.0000020129999431       0.8472000000000000
       0.0000020139999430       0.8471000000000000
       0.0000020149999430       0.8471000000000000
       0.0000020159999430       0.8471000000000000
       0.0000020169999430       0.8471000000000000
       0.0000020179999429       0.8471000000000000
       0.0000020189999429       0.8471000000000000
       0.0000020199999429       0.8471000000000000
       0.0000020209999428       0.8471000000000000
       0.0000020219999428       0.8471000000000000
       0.0000020229999428       0.8470000000000000
       0.0000020239999428       0.8470000000000000
       0.0000020249999427       0.8470000000000000
       0.0000020259999427       0.8470000000000000
       0.0000020269999427       0.8470000000000000
       0.0000020279999426       0.8470000000000000
       0.0000020289999426       0.8470000000000000
       0.0000020299999426       0.8470000000000000
       0.0000020309999426       0.8470000000000000
       0.0000020319999425       0.8470000000000000
       0.0000020329999425       0.8470000000000000
       0.0000020339999425       0.8470000000000000
       0.0000020349999424       0.8470000000000000
       0.0000020359999424       0.8470000000000000
       0.0000020369999424       0.8470000000000000
       0.0000020379999424       0.8470000000000000
       0.0000020389999423       0.8470000000000000
       0.0000020399999423       0.8469000000000000
       0.0000020409999423       0.8469000000000000
       0.0000020419999422       0.8469000000000000
       0.0000020429999422       0.8469000000000000
       0.0000020439999422       0.8469000000000000
       0.0000020449999422       0.8469000000000000
       0.0000020459999421       0.8469000000000000
       0.0000020469999421       0.8469000000000000
       0.0000020479999421       0.8469000000000000
       0.0000020489999421       0.8469000000000000
       0.0000020499999420       0.8469000000000000
       0.0000020509999420       0.8469000000000000
       0.0000020519999420       0.8469000000000000
       0.0000020529999419       0.8470000000000000
       0.0000020539999419       0.8470000000000000
       0.0000020549999419       0.8470000000000000
       0.0000020559999419       0.8470000000000000
       0.0000020569999418       0.8470000000000000
       0.0000020579999418       0.8470000000000000
       0.0000020589999418       0.8470000000000000
       0.0000020599999417       0.8470000000000000
       0.0000020609999417       0.8470000000000000
       0.0000020619999417       0.8470000000000000
       0.0000020629999417       0.8470000000000000
       0.0000020639999416       0.8470000000000000
       0.0000020649999416       0.8470000000000000
       0.0000020659999416       0.8470000000000000
       0.0000020669999415       0.8470000000000000
       0.0000020679999415       0.8470000000000000
       0.0000020689999415       0.8470000000000000
       0.0000020699999415       0.8471000000000000
       0.0000020709999414       0.8471000000000000
       0.0000020719999414       0.8471000000000000
       0.0000020729999414       0.8471000000000000
       0.0000020739999413       0.8471000000000000
       0.0000020749999413       0.8471000000000000
       0.0000020759999413       0.8471000000000000
       0.0000020769999413       0.8471000000000000
       0.0000020779999412       0.8471000000000000
       0.0000020789999412       0.8471000000000000
       0.0000020799999412       0.8472000000000000
       0.0000020809999411       0.8472000000000000
       0.0000020819999411       0.8472000000000000
       0.0000020829999411       0.8472000000000000
       0.0000020839999411       0.8472000000000000
       0.0000020849999410       0.8472000000000000
       0.0000020859999410       0.8472000000000000
       0.0000020869999410       0.8473000000000001
       0.0000020879999409       0.8473000000000001
       0.0000020889999409       0.8473000000000001
       0.0000020899999409       0.8473000000000001
       0.0000020909999409       0.8473000000000001
       0.0000020919999408       0.8473000000000001
       0.0000020929999408       0.8474000000000000
       0.0000020939999408       0.8474000000000000
       0.0000020949999407       0.8474000000000000
       0.0000020959999407       0.8474000000000000
       0.0000020969999407       0.8474000000000000
       0.0000020979999407       0.8474000000000000
       0.0000020989999406       0.8475000000000000
       0.0000020999999406       0.8475000000000000
       0.0000021009999406       0.8475000000000000
       0.0000021019999406       0.8475000000000000
       0.0000021029999405       0.8475000000000000
       0.0000021039999405       0.8476000000000000
       0.0000021049999405       0.8476000000000000
       0.0000021059999404       0.8476000000000000
       0.0000021069999404       0.8476000000000000
       0.0000021079999404       0.8477000000000000
       0.0000021089999404       0.8477000000000000
       0.0000021099999403       0.8477000000000000
       0.0000021109999403       0.8477000000000000
       0.0000021119999403       0.8477000000000000
       0.0000021129999402       0.8478000000000000
       0.0000021139999402       0.8478000000000000
       0.0000021149999402       0.8478000000000000
       0.0000021159999402       0.8478000000000000
       0.0000021169999401       0.8479000000000000
       0.0000021179999401       0.8479000000000000
       0.0000021189999401       0.8479000000000000
       0.0000021199999400       0.8480000000000000
       0.0000021209999400       0.8480000000000000
       0.0000021219999400       0.8480000000000000
       0.0000021229999400       0.8480000000000000
       0.0000021239999399       0.8481000000000000
       0.0000021249999399       0.8481000000000000
       0.0000021259999399       0.8481000000000000
       0.0000021269999398       0.8482000000000000
       0.0000021279999398       0.8482000000000000
       0.0000021289999398       0.8482000000000000
       0.0000021299999398       0.8482000000000000
       0.0000021309999397       0.8483000000000001
       0.0000021319999397       0.8483000000000001
       0.0000021329999397       0.8483000000000001
       0.0000021339999396       0.8484000000000000
       0.0000021349999396       0.8484000000000000
       0.0000021359999396       0.8484000000000000
       0.0000021369999396       0.8485000000000000
       0.0000021379999395       0.8485000000000000
       0.0000021389999395       0.8485000000000000
       0.0000021399999395       0.8486000000000000
       0.0000021409999394       0.8486000000000000
       0.0000021419999394       0.8486000000000000
       0.0000021429999394       0.8487000000000000
       0.0000021439999394       0.8487000000000000
       0.0000021449999393       0.8487000000000000
       0.0000021459999393       0.8488000000000000
       0.0000021469999393       0.8488000000000000
       0.0000021479999393       0.8488000000000000
       0.0000021489999392       0.8489000000000000
       0.0000021499999392       0.8489000000000000
       0.0000021509999392       0.8490000000000000
       0.0000021519999391       0.8490000000000000
       0.0000021529999391       0.8490000000000000
       0.0000021539999391       0.8491000000000000
       0.0000021549999391       0.8491000000000000
       0.0000021559999390       0.8492000000000000
       0.0000021569999390       0.8492000000000000
       0.0000021579999390       0.8492000000000000
       0.0000021589999389       0.8493000000000001
       0.0000021599999389       0.8493000000000001
       0.0000021609999389       0.8493000000000001
       0.0000021619999389       0.8494000000000000
       0.0000021629999388       0.8494000000000000
       0.0000021639999388       0.8495000000000000
       0.0000021649999388       0.8495000000000000
       0.0000021659999387       0.8496000000000000
       0.0000021669999387       0.8496000000000000
       0.0000021679999387       0.8496000000000000
       0.0000021689999387       0.8497000000000000
       0.0000021699999386       0.8497000000000000
       0.0000021709999386       0.8498000000000000
       0.0000021719999386       0.8498000000000000
       0.0000021729999385       0.8498000000000000
       0.0000021739999385       0.8499000000000000
       0.0000021749999385       0.8499000000000000
       0.0000021759999385       0.8500000000000000
       0.0000021769999384       0.8500000000000000
       0.0000021779999384       0.8501000000000000
       0.0000021789999384       0.8501000000000000
       0.0000021799999383       0.8502000000000000
       0.0000021809999383       0.8502000000000000
       0.0000021819999383       0.8502000000000000
       0.0000021829999383       0.8502999999999999
       0.0000021839999382       0.8502999999999999
       0.0000021849999382       0.8504000000000000
       0.0000021859999382       0.8504000000000000
       0.0000021869999381       0.8505000000000000
       0.0000021879999381       0.8505000000000000
       0.0000021889999381       0.8505000000000000
       0.0000021899999381       0.8506000000000000
       0.0000021909999380       0.8506000000000000
       0.0000021919999380       0.8507000000000000
       0.0000021929999380       0.8507000000000000
       0.0000021939999379       0.8508000000000000
       0.0000021949999379       0.8508000000000000
       0.0000021959999379       0.8509000000000000
       0.0000021969999379       0.8509000000000000
       0.0000021979999378       0.8510000000000000
       0.0000021989999378       0.8510000000000000
       0.0000021999999378       0.8510000000000000
       0.0000022009999378       0.8511000000000000
       0.0000022019999377       0.8511000000000000
       0.0000022029999377       0.8512000000000000
       0.0000022039999377       0.8512000000000000
       0.0000022049999376       0.8512999999999999
       0.0000022059999376       0.8512999999999999
       0.0000022069999376       0.8514000000000000
       0.0000022079999376       0.8514000000000000
       0.0000022089999375       0.8515000000000000
       0.0000022099999375       0.8515000000000000
       0.0000022109999375       0.8515000000000000
       0.0000022119999374       0.8516000000000000
       0.0000022129999374       0.8516000000000000
       0.0000022139999374       0.8517000000000000
       0.0000022149999374       0.8517000000000000
       0.0000022159999373       0.8518000000000000
       0.0000022169999373       0.8518000000000000
       0.0000022179999373       0.8519000000000000
       0.0000022189999372       0.8519000000000000
       0.0000022199999372       0.8520000000000000
       0.0000022209999372       0.8520000000000000
       0.0000022219999372       0.8520000000000000
       0.0000022229999371       0.8521000000000000
       0.0000022239999371       0.8521000000000000
       0.0000022249999371       0.8522000000000000
       0.0000022259999370       0.8522000000000000
       0.0000022269999370       0.8522999999999999
       0.0000022279999370       0.8522999999999999
       0.0000022289999370       0.8522999999999999
       0.0000022299999369       0.8524000000000000
       0.0000022309999369       0.8524000000000000
       0.0000022319999369       0.8525000000000000
       0.0000022329999368       0.8525000000000000
       0.0000022339999368       0.8526000000000000
       0.0000022349999368       0.8526000000000000
       0.0000022359999368       0.8526000000000000
       0.0000022369999367       0.8527000000000000
       0.0000022379999367       0.8527000000000000
       0.0000022389999367       0.8528000000000000
       0.0000022399999366       0.8528000000000000
       0.0000022409999366       0.8529000000000000
       0.0000022419999366       0.8529000000000000
       0.0000022429999366       0.8529000000000000
       0.0000022439999365       0.8530000000000000
       0.0000022449999365       0.8530000000000000
       0.0000022459999365       0.8531000000000000
       0.0000022469999365       0.8531000000000000
       0.0000022479999364       0.8531000000000000
       0.0000022489999364       0.8532000000000000
       0.0000022499999364       0.8532000000000000
       0.0000022509999363       0.8532999999999999
       0.0000022519999363       0.8532999999999999
       0.0000022529999363       0.8532999999999999
       0.0000022539999363       0.8534000000000000
       0.0000022549999362       0.8534000000000000
       0.0000022559999362       0.8535000000000000
       0.0000022569999362       0.8535000000000000
       0.0000022579999361       0.8535000000000000
       0.0000022589999361       0.8536000000000000
       0.0000022599999361       0.8536000000000000
       0.0000022609999361       0.8536000000000000
       0.0000022619999360       0.8537000000000000
       0.0000022629999360       0.8537000000000000
       0.0000022639999360       0.8537000000000000
       0.0000022649999359       0.8538000000000000
       0.0000022659999359       0.8538000000000000
       0.0000022669999359       0.8538000000000000
       0.0000022679999359       0.8539000000000000
       0.0000022689999358       0.8539000000000000
       0.0000022699999358       0.8539000000000000
       0.0000022709999358       0.8540000000000000
       0.0000022719999357       0.8540000000000000
       0.0000022729999357       0.8540000000000000
       0.0000022739999357       0.8541000000000000
       0.0000022749999357       0.8541000000000000
       0.0000022759999356       0.8541000000000000
       0.0000022769999356       0.8542000000000000
       0.0000022779999356       0.8542000000000000
       0.0000022789999355       0.8542000000000000
       0.0000022799999355       0.8542999999999999
       0.0000022809999355       0.8542999999999999
       0.0000022819999355       0.8542999999999999
       0.0000022829999354       0.8542999999999999
       0.0000022839999354       0.8544000000000000
       0.0000022849999354       0.8544000000000000
       0.0000022859999353       0.8544000000000000
       0.0000022869999353       0.8544000000000000
       0.0000022879999353       0.8545000000000000
       0.0000022889999353       0.8545000000000000
       0.0000022899999352       0.8545000000000000
       0.0000022909999352       0.8545000000000000
       0.0000022919999352       0.8546000000000000
       0.0000022929999351       0.8546000000000000
       0.0000022939999351       0.8546000000000000
       0.0000022949999351       0.8546000000000000
       0.0000022959999351       0.8547000000000000
       0.0000022969999350       0.8547000000000000
       0.0000022979999350       0.8547000000000000
       0.0000022989999350       0.8547000000000000
       0.0000022999999350       0.8547000000000000
       0.0000023009999349       0.8548000000000000
       0.0000023019999349       0.8548000000000000
       0.0000023029999349       0.8548000000000000
       0.0000023039999348       0.8548000000000000
       0.0000023049999348       0.8548000000000000
       0.0000023059999348       0.8548000000000000
       0.0000023069999348       0.8549000000000000
       0.0000023079999347       0.8549000000000000
       0.0000023089999347       0.8549000000000000
       0.0000023099999347       0.8549000000000000
       0.0000023109999346       0.8549000000000000
       0.0000023119999346       0.8549000000000000
       0.0000023129999346       0.8549000000000000
       0.0000023139999346       0.8550000000000000
       0.0000023149999345       0.8550000000000000
       0.0000023159999345       0.8550000000000000
       0.0000023169999345       0.8550000000000000
       0.0000023179999344       0.8550000000000000
       0.0000023189999344       0.8550000000000000
       0.0000023199999344       0.8550000000000000
       0.0000023209999344       0.8550000000000000
       0.0000023219999343       0.8550000000000000
       0.0000023229999343       0.8550000000000000
       0.0000023239999343       0.8550000000000000
       0.0000023249999342       0.8550000000000000
       0.0000023259999342       0.8550000000000000
       0.0000023269999342       0.8550000000000000
       0.0000023279999342       0.8550000000000000
       0.0000023289999341       0.8550000000000000
       0.0000023299999341       0.8550000000000000
       0.0000023309999341       0.8550000000000000
       0.0000023319999340       0.8550000000000000
       0.0000023329999340       0.8550000000000000
       0.0000023339999340       0.8550000000000000
       0.0000023349999340       0.8550000000000000
       0.0000023359999339       0.8550000000000000
       0.0000023369999339       0.8550000000000000
       0.0000023379999339       0.8550000000000000
       0.0000023389999338       0.8550000000000000
       0.0000023399999338       0.8550000000000000
       0.0000023409999338       0.8550000000000000
       0.0000023419999338       0.8550000000000000
       0.0000023429999337       0.8550000000000000
       0.0000023439999337       0.8550000000000000
       0.0000023449999337       0.8550000000000000
       0.0000023459999337       0.8550000000000000
       0.0000023469999336       0.8549000000000000
       0.0000023479999336       0.8549000000000000
       0.0000023489999336       0.8549000000000000
       0.0000023499999335       0.8549000000000000
       0.0000023509999335       0.8549000000000000
       0.0000023519999335       0.8549000000000000
       0.0000023529999335       0.8548000000000000
       0.0000023539999334       0.8548000000000000
       0.0000023549999334       0.8548000000000000
       0.0000023559999334       0.8548000000000000
       0.0000023569999333       0.8548000000000000
       0.0000023579999333       0.8548000000000000
       0.0000023589999333       0.8547000000000000
       0.0000023599999333       0.8547000000000000
       0.0000023609999332       0.8547000000000000
       0.0000023619999332       0.8547000000000000
       0.0000023629999332       0.8546000000000000
       0.0000023639999331       0.8546000000000000
       0.0000023649999331       0.8546000000000000
       0.0000023659999331       0.8545000000000000
       0.0000023669999331       0.8545000000000000
       0.0000023679999330       0.8545000000000000
       0.0000023689999330       0.8545000000000000
       0.0000023699999330       0.8544000000000000
       0.0000023709999329       0.8544000000000000
       0.0000023719999329       0.8544000000000000
       0.0000023729999329       0.8542999999999999
       0.0000023739999329       0.8542999999999999
       0.0000023749999328       0.8542000000000000
       0.0000023759999328       0.8542000000000000
       0.0000023769999328       0.8542000000000000
       0.0000023779999327       0.8541000000000000
       0.0000023789999327       0.8541000000000000
       0.0000023799999327       0.8540000000000000
       0.0000023809999327       0.8540000000000000
       0.0000023819999326       0.8540000000000000
       0.0000023829999326       0.8539000000000000
       0.0000023839999326       0.8539000000000000
       0.0000023849999325       0.8538000000000000
       0.0000023859999325       0.8538000000000000
       0.0000023869999325       0.8537000000000000
       0.0000023879999325       0.8537000000000000
       0.0000023889999324       0.8536000000000000
       0.0000023899999324       0.8536000000000000
       0.0000023909999324       0.8535000000000000
       0.0000023919999323       0.8535000000000000
       0.0000023929999323       0.8534000000000000
       0.0000023939999323       0.8532999999999999
       0.0000023949999323       0.8532999999999999
       0.0000023959999322       0.8532000000000000
       0.0000023969999322       0.8532000000000000
       0.0000023979999322       0.8531000000000000
       0.0000023989999322       0.8530000000000000
       0.0000023999999321       0.8530000000000000
       0.0000024009999321       0.8529000000000000
       0.0000024019999321       0.8529000000000000
       0.0000024029999320       0.8528000000000000
       0.0000024039999320       0.8527000000000000
       0.0000024049999320       0.8527000000000000
       0.0000024059999320       0.8526000000000000
       0.0000024069999319       0.8525000000000000
       0.0000024079999319       0.8524000000000000
       0.0000024089999319       0.8524000000000000
       0.0000024099999318       0.8522999999999999
       0.0000024109999318       0.8522000000000000
       0.0000024119999318       0.8521000000000000
       0.0000024129999318       0.8521000000000000
       0.0000024139999317       0.8520000000000000
       0.0000024149999317       0.8519000000000000
       0.0000024159999317       0.8518000000000000
       0.0000024169999316       0.8517000000000000
       0.0000024179999316       0.8517000000000000
       0.0000024189999316       0.8516000000000000
       0.0000024199999316       0.8515000000000000
       0.0000024209999315       0.8514000000000000
       0.0000024219999315       0.8512999999999999
       0.0000024229999315       0.8512000000000000
       0.0000024239999314       0.8511000000000000
       0.0000024249999314       0.8510000000000000
       0.0000024259999314       0.8509000000000000
       0.0000024269999314       0.8508000000000000
       0.0000024279999313       0.8507000000000000
       0.0000024289999313       0.8506000000000000
       0.0000024299999313       0.8505000000000000
       0.0000024309999312       0.8504000000000000
       0.0000024319999312       0.8502999999999999
       0.0000024329999312       0.8502000000000000
       0.0000024339999312       0.8501000000000000
       0.0000024349999311       0.8500000000000000
       0.0000024359999311       0.8499000000000000
       0.0000024369999311       0.8498000000000000
       0.0000024379999310       0.8497000000000000
       0.0000024389999310       0.8496000000000000
       0.0000024399999310       0.8495000000000000
       0.0000024409999310       0.8494000000000000
       0.0000024419999309       0.8493000000000001
       0.0000024429999309       0.8491000000000000
       0.0000024439999309       0.8490000000000000
       0.0000024449999309       0.8489000000000000
       0.0000024459999308       0.8488000000000000
       0.0000024469999308       0.8487000000000000
       0.0000024479999308       0.8485000000000000
       0.0000024489999307       0.8484000000000000
       0.0000024499999307       0.8483000000000001
       0.0000024509999307       0.8482000000000000
       0.0000024519999307       0.8480000000000000
       0.0000024529999306       0.8479000000000000
       0.0000024539999306       0.8478000000000000
       0.0000024549999306       0.8476000000000000
       0.0000024559999305       0.8475000000000000
       0.0000024569999305       0.8474000000000000
       0.0000024579999305       0.8472000000000000
       0.0000024589999305       0.8471000000000000
       0.0000024599999304       0.8470000000000000
       0.0000024609999304       0.8468000000000000
       0.0000024619999304       0.8467000000000000
       0.0000024629999303       0.8465000000000000
       0.0000024639999303       0.8464000000000000
       0.0000024649999303       0.8462000000000000
       0.0000024659999303       0.8461000000000000
       0.0000024669999302       0.8459000000000000
       0.0000024679999302       0.8458000000000000
       0.0000024689999302       0.8456000000000000
       0.0000024699999301       0.8455000000000000
       0.0000024709999301       0.8453000000000001
       0.0000024719999301       0.8452000000000000
       0.0000024729999301       0.8450000000000000
       0.0000024739999300       0.8448000000000000
       0.0000024749999300       0.8447000000000000
       0.0000024759999300       0.8445000000000000
       0.0000024769999299       0.8444000000000000
       0.0000024779999299       0.8442000000000000
       0.0000024789999299       0.8440000000000000
       0.0000024799999299       0.8438000000000000
       0.0000024809999298       0.8437000000000000
       0.0000024819999298       0.8435000000000000
       0.0000024829999298       0.8433000000000000
       0.0000024839999297       0.8431999999999999
       0.0000024849999297       0.8430000000000000
       0.0000024859999297       0.8428000000000000
       0.0000024869999297       0.8426000000000000
       0.0000024879999296       0.8424000000000000
       0.0000024889999296       0.8421999999999999
       0.0000024899999296       0.8421000000000000
       0.0000024909999295       0.8419000000000000
       0.0000024919999295       0.8417000000000000
       0.0000024929999295       0.8415000000000000
       0.0000024939999295       0.8413000000000000
       0.0000024949999294       0.8411000000000000
       0.0000024959999294       0.8409000000000000
       0.0000024969999294       0.8407000000000000
       0.0000024979999294       0.8405000000000000
       0.0000024989999293       0.8403000000000000
       0.0000024999999293       0.8401000000000000
       0.0000025009999293       0.0000000000000000
       0.0000025019999292       0.0000000000000000
       0.0000025029999292       0.0000000000000000
       0.0000025039999292       0.0000000000000000
       0.0000025049999292       0.0000000000000000
       0.0000025059999291       0.0000000000000000
       0.0000025069999291       0.0000000000000000
       0.0000025079999291       0.0000000000000000
       0.0000025089999290       0.0000000000000000
       0.0000025099999290       0.0000000000000000
       0.0000025109999290       0.0000000000000000
       0.0000025119999290       0.0000000000000000
       0.0000025129999289       0.0000000000000000
       0.0000025139999289       0.0000000000000000
       0.0000025149999289       0.0000000000000000
       0.0000025159999288       0.0000000000000000
       0.0000025169999288       0.0000000000000000
       0.0000025179999288       0.0000000000000000
       0.0000025189999288       0.0000000000000000
       0.0000025199999287       0.0000000000000000
       0.0000025209999287       0.0000000000000000
       0.0000025219999287       0.0000000000000000
       0.0000025229999286       0.0000000000000000
       0.0000025239999286       0.0000000000000000
       0.0000025249999286       0.0000000000000000
       0.0000025259999286       0.0000000000000000
       0.0000025269999285       0.0000000000000000
       0.0000025279999285       0.0000000000000000
       0.0000025289999285       0.0000000000000000
       0.0000025299999284       0.0000000000000000
       0.0000025309999284       0.0000000000000000
       0.0000025319999284       0.0000000000000000
       0.0000025329999284       0.0000000000000000
       0.0000025339999283       0.0000000000000000
       0.0000025349999283       0.0000000000000000
       0.0000025359999283       0.0000000000000000
       0.0000025369999282       0.0000000000000000
       0.0000025379999282       0.0000000000000000
       0.0000025389999282       0.0000000000000000
       0.0000025399999282       0.0000000000000000
       0.0000025409999281       0.0000000000000000
       0.0000025419999281       0.0000000000000000
       0.0000025429999281       0.0000000000000000
       0.0000025439999281       0.0000000000000000
       0.0000025449999280       0.0000000000000000
       0.0000025459999280       0.0000000000000000
       0.0000025469999280       0.0000000000000000
       0.0000025479999279       0.0000000000000000
       0.0000025489999279       0.0000000000000000
       0.0000025499999279       0.0000000000000000
       0.0000025509999279       0.0000000000000000
       0.0000025519999278       0.0000000000000000
       0.0000025529999278       0.0000000000000000
       0.0000025539999278       0.0000000000000000
       0.0000025549999277       0.0000000000000000
       0.0000025559999277       0.0000000000000000
       0.0000025569999277       0.0000000000000000
       0.0000025579999277       0.0000000000000000
       0.0000025589999276       0.0000000000000000
       0.0000025599999276       0.0000000000000000
       0.0000025609999276       0.0000000000000000
       0.0000025619999275       0.0000000000000000
       0.0000025629999275       0.0000000000000000
       0.0000025639999275       0.0000000000000000
       0.0000025649999275       0.0000000000000000
       0.0000025659999274       0.0000000000000000
       0.0000025669999274       0.0000000000000000
       0.0000025679999274       0.0000000000000000
       0.0000025689999273       0.0000000000000000
       0.0000025699999273       0.0000000000000000
       0.0000025709999273       0.0000000000000000
       0.0000025719999273       0.0000000000000000
       0.0000025729999272       0.0000000000000000
       0.0000025739999272       0.0000000000000000
       0.0000025749999272       0.0000000000000000
       0.0000025759999271       0.0000000000000000
       0.0000025769999271       0.0000000000000000
       0.0000025779999271       0.0000000000000000
       0.0000025789999271       0.0000000000000000
       0.0000025799999270       0.0000000000000000
       0.0000025809999270       0.0000000000000000
       0.0000025819999270       0.0000000000000000
       0.0000025829999269       0.0000000000000000
       0.0000025839999269       0.0000000000000000
       0.0000025849999269       0.0000000000000000
       0.0000025859999269       0.0000000000000000
       0.0000025869999268       0.0000000000000000
       0.0000025879999268       0.0000000000000000
       0.0000025889999268       0.0000000000000000
       0.0000025899999267       0.0000000000000000
       0.0000025909999267       0.0000000000000000
       0.0000025919999267       0.0000000000000000
       0.0000025929999267       0.0000000000000000
       0.0000025939999266       0.0000000000000000
       0.0000025949999266       0.0000000000000000
       0.0000025959999266       0.0000000000000000
       0.0000025969999266       0.0000000000000000
       0.0000025979999265       0.0000000000000000
       0.0000025989999265       0.0000000000000000
       0.0000025999999265       0.0000000000000000
       0.0000026009999264       0.0000000000000000
       0.0000026019999264       0.0000000000000000
       0.0000026029999264       0.0000000000000000
       0.0000026039999264       0.0000000000000000
       0.0000026049999263       0.0000000000000000
       0.0000026059999263       0.0000000000000000
       0.0000026069999263       0.0000000000000000
       0.0000026079999262       0.0000000000000000
       0.0000026089999262       0.0000000000000000
       0.0000026099999262       0.0000000000000000
       0.0000026109999262       0.0000000000000000
       0.0000026119999261       0.0000000000000000
       0.0000026129999261       0.0000000000000000
       0.0000026139999261       0.0000000000000000
       0.0000026149999260       0.0000000000000000
       0.0000026159999260       0.0000000000000000
       0.0000026169999260       0.0000000000000000
       0.0000026179999260       0.0000000000000000
       0.0000026189999259       0.0000000000000000
       0.0000026199999259       0.0000000000000000
       0.0000026209999259       0.0000000000000000
       0.0000026219999258       0.0000000000000000
       0.0000026229999258       0.0000000000000000
       0.0000026239999258       0.0000000000000000
       0.0000026249999258       0.0000000000000000
       0.0000026259999257       0.0000000000000000
       0.0000026269999257       0.0000000000000000
       0.0000026279999257       0.0000000000000000
       0.0000026289999256       0.0000000000000000
       0.0000026299999256       0.0000000000000000
       0.0000026309999256       0.0000000000000000
       0.0000026319999256       0.0000000000000000
       0.0000026329999255       0.0000000000000000
       0.0000026339999255       0.0000000000000000
       0.0000026349999255       0.0000000000000000
       0.0000026359999254       0.0000000000000000
       0.0000026369999254       0.0000000000000000
       0.0000026379999254       0.0000000000000000
       0.0000026389999254       0.0000000000000000
       0.0000026399999253       0.0000000000000000
       0.0000026409999253       0.0000000000000000
       0.0000026419999253       0.0000000000000000
       0.0000026429999253       0.0000000000000000
       0.0000026439999252       0.0000000000000000
       0.0000026449999252       0.0000000000000000
       0.0000026459999252       0.0000000000000000
       0.0000026469999251       0.0000000000000000
       0.0000026479999251       0.0000000000000000
       0.0000026489999251       0.0000000000000000
       0.0000026499999251       0.0000000000000000
       0.0000026509999250       0.0000000000000000
       0.0000026519999250       0.0000000000000000
       0.0000026529999250       0.0000000000000000
       0.0000026539999249       0.0000000000000000
       0.0000026549999249       0.0000000000000000
       0.0000026559999249       0.0000000000000000
       0.0000026569999249       0.0000000000000000
       0.0000026579999248       0.0000000000000000
       0.0000026589999248       0.0000000000000000
       0.0000026599999248       0.0000000000000000
       0.0000026609999247       0.0000000000000000
       0.0000026619999247       0.0000000000000000
       0.0000026629999247       0.0000000000000000
       0.0000026639999247       0.0000000000000000
       0.0000026649999246       0.0000000000000000
       0.0000026659999246       0.0000000000000000
       0.0000026669999246       0.0000000000000000
       0.0000026679999245       0.0000000000000000
       0.0000026689999245       0.0000000000000000
       0.0000026699999245       0.0000000000000000
       0.0000026709999245       0.0000000000000000
       0.0000026719999244       0.0000000000000000
       0.0000026729999244       0.0000000000000000
       0.0000026739999244       0.0000000000000000
       0.0000026749999243       0.0000000000000000
       0.0000026759999243       0.0000000000000000
       0.0000026769999243       0.0000000000000000
       0.0000026779999243       0.0000000000000000
       0.0000026789999242       0.0000000000000000
       0.0000026799999242       0.0000000000000000
       0.0000026809999242       0.0000000000000000
       0.0000026819999241       0.0000000000000000
       0.0000026829999241       0.0000000000000000
       0.0000026839999241       0.0000000000000000
       0.0000026849999241       0.0000000000000000
       0.0000026859999240       0.0000000000000000
       0.0000026869999240       0.0000000000000000
       0.0000026879999240       0.0000000000000000
       0.0000026889999239       0.0000000000000000
       0.0000026899999239       0.0000000000000000
       0.0000026909999239       0.0000000000000000
       0.0000026919999239       0.0000000000000000
       0.0000026929999238       0.0000000000000000
       0.0000026939999238       0.0000000000000000
       0.0000026949999238       0.0000000000000000
       0.0000026959999238       0.0000000000000000
       0.0000026969999237       0.0000000000000000
