# data from ERIS/NIX/filter_Short-Lp.txt
# manually processed and written by cleantrim.pro
       0.0000029929999154       0.0011000000000000
       0.0000029939999153       0.0011000000000000
       0.0000029949999153       0.0011000000000000
       0.0000029959999153       0.0012000000000000
       0.0000029969999152       0.0013000000000000
       0.0000029979999152       0.0014000000000000
       0.0000029989999152       0.0014000000000000
       0.0000029999999152       0.0013000000000000
       0.0000030009999151       0.0013000000000000
       0.0000030019999151       0.0013000000000000
       0.0000030029999151       0.0014000000000000
       0.0000030039999150       0.0014000000000000
       0.0000030049999150       0.0014000000000000
       0.0000030059999150       0.0015000000000000
       0.0000030069999150       0.0015000000000000
       0.0000030079999149       0.0015000000000000
       0.0000030089999149       0.0015000000000000
       0.0000030099999149       0.0016000000000000
       0.0000030109999148       0.0016000000000000
       0.0000030119999148       0.0016000000000000
       0.0000030129999148       0.0017000000000000
       0.0000030139999148       0.0018000000000000
       0.0000030149999147       0.0018000000000000
       0.0000030159999147       0.0018000000000000
       0.0000030169999147       0.0017000000000000
       0.0000030179999146       0.0017000000000000
       0.0000030189999146       0.0017000000000000
       0.0000030199999146       0.0017000000000000
       0.0000030209999146       0.0018000000000000
       0.0000030219999145       0.0019000000000000
       0.0000030229999145       0.0020000000000000
       0.0000030239999145       0.0020000000000000
       0.0000030249999144       0.0020000000000000
       0.0000030259999144       0.0020000000000000
       0.0000030269999144       0.0021000000000000
       0.0000030279999144       0.0022000000000000
       0.0000030289999143       0.0022000000000000
       0.0000030299999143       0.0022000000000000
       0.0000030309999143       0.0022000000000000
       0.0000030319999142       0.0023000000000000
       0.0000030329999142       0.0024000000000000
       0.0000030339999142       0.0024000000000000
       0.0000030349999142       0.0024000000000000
       0.0000030359999141       0.0024000000000000
       0.0000030369999141       0.0025000000000000
       0.0000030379999141       0.0026000000000000
       0.0000030389999141       0.0028000000000000
       0.0000030399999140       0.0029000000000000
       0.0000030409999140       0.0030000000000000
       0.0000030419999140       0.0030000000000000
       0.0000030429999139       0.0031000000000000
       0.0000030439999139       0.0031000000000000
       0.0000030449999139       0.0032000000000000
       0.0000030459999139       0.0033000000000000
       0.0000030469999138       0.0035000000000000
       0.0000030479999138       0.0036000000000000
       0.0000030489999138       0.0038000000000000
       0.0000030499999137       0.0039000000000000
       0.0000030509999137       0.0041000000000000
       0.0000030519999137       0.0042000000000000
       0.0000030529999137       0.0045000000000000
       0.0000030539999136       0.0047000000000000
       0.0000030549999136       0.0050000000000000
       0.0000030559999136       0.0052000000000000
       0.0000030569999135       0.0054000000000000
       0.0000030579999135       0.0056000000000000
       0.0000030589999135       0.0059000000000000
       0.0000030599999135       0.0063000000000000
       0.0000030609999134       0.0067000000000000
       0.0000030619999134       0.0072000000000000
       0.0000030629999134       0.0077000000000000
       0.0000030639999133       0.0082000000000000
       0.0000030649999133       0.0088000000000000
       0.0000030659999133       0.0094000000000000
       0.0000030669999133       0.0101000000000000
       0.0000030679999132       0.0109000000000000
       0.0000030689999132       0.0118000000000000
       0.0000030699999132       0.0128000000000000
       0.0000030709999131       0.0138000000000000
       0.0000030719999131       0.0150000000000000
       0.0000030729999131       0.0164000000000000
       0.0000030739999131       0.0181000000000000
       0.0000030749999130       0.0200000000000000
       0.0000030759999130       0.0221000000000000
       0.0000030769999130       0.0245000000000000
       0.0000030779999129       0.0272000000000000
       0.0000030789999129       0.0302000000000000
       0.0000030799999129       0.0337000000000000
       0.0000030809999129       0.0377000000000000
       0.0000030819999128       0.0422000000000000
       0.0000030829999128       0.0475000000000000
       0.0000030839999128       0.0534000000000000
       0.0000030849999128       0.0603000000000000
       0.0000030859999127       0.0682000000000000
       0.0000030869999127       0.0772000000000000
       0.0000030879999127       0.0874000000000000
       0.0000030889999126       0.0991000000000000
       0.0000030899999126       0.1124000000000000
       0.0000030909999126       0.1274000000000000
       0.0000030919999126       0.1443000000000000
       0.0000030929999125       0.1631000000000000
       0.0000030939999125       0.1838000000000000
       0.0000030949999125       0.2066000000000000
       0.0000030959999124       0.2313000000000000
       0.0000030969999124       0.2577000000000000
       0.0000030979999124       0.2854000000000000
       0.0000030989999124       0.3142000000000000
       0.0000030999999123       0.3434000000000000
       0.0000031009999123       0.3726000000000000
       0.0000031019999123       0.4015000000000000
       0.0000031029999122       0.4295000000000000
       0.0000031039999122       0.4562000000000000
       0.0000031049999122       0.4808000000000000
       0.0000031059999122       0.5032000000000000
       0.0000031069999121       0.5233000000000000
       0.0000031079999121       0.5414000000000000
       0.0000031089999121       0.5577000000000000
       0.0000031099999120       0.5721000000000001
       0.0000031109999120       0.5847000000000000
       0.0000031119999120       0.5958000000000000
       0.0000031129999120       0.6059000000000000
       0.0000031139999119       0.6151000000000000
       0.0000031149999119       0.6235000000000001
       0.0000031159999119       0.6314000000000000
       0.0000031169999118       0.6388000000000000
       0.0000031179999118       0.6460000000000000
       0.0000031189999118       0.6532000000000000
       0.0000031199999118       0.6603000000000000
       0.0000031209999117       0.6675000000000000
       0.0000031219999117       0.6748000000000000
       0.0000031229999117       0.6822000000000000
       0.0000031239999116       0.6896000000000000
       0.0000031249999116       0.6971000000000001
       0.0000031259999116       0.7045000000000000
       0.0000031269999116       0.7119000000000000
       0.0000031279999115       0.7193000000000001
       0.0000031289999115       0.7266000000000000
       0.0000031299999115       0.7338000000000000
       0.0000031309999114       0.7407000000000000
       0.0000031319999114       0.7473000000000000
       0.0000031329999114       0.7534999999999999
       0.0000031339999114       0.7594000000000000
       0.0000031349999113       0.7650000000000000
       0.0000031359999113       0.7701000000000000
       0.0000031369999113       0.7748000000000000
       0.0000031379999113       0.7790000000000000
       0.0000031389999112       0.7827000000000000
       0.0000031399999112       0.7858000000000001
       0.0000031409999112       0.7883000000000000
       0.0000031419999111       0.7903000000000000
       0.0000031429999111       0.7919000000000000
       0.0000031439999111       0.7932000000000000
       0.0000031449999111       0.7940000000000000
       0.0000031459999110       0.7945000000000000
       0.0000031469999110       0.7945000000000000
       0.0000031479999110       0.7941000000000000
       0.0000031489999109       0.7934000000000000
       0.0000031499999109       0.7925000000000000
       0.0000031509999109       0.7914000000000000
       0.0000031519999109       0.7902000000000000
       0.0000031529999108       0.7889000000000000
       0.0000031539999108       0.7875000000000000
       0.0000031549999108       0.7860000000000000
       0.0000031559999107       0.7844000000000000
       0.0000031569999107       0.7828000000000001
       0.0000031579999107       0.7812000000000000
       0.0000031589999107       0.7796999999999999
       0.0000031599999106       0.7783000000000000
       0.0000031609999106       0.7772000000000000
       0.0000031619999106       0.7762000000000000
       0.0000031629999105       0.7753000000000000
       0.0000031639999105       0.7745000000000000
       0.0000031649999105       0.7739000000000000
       0.0000031659999105       0.7734000000000000
       0.0000031669999104       0.7731000000000000
       0.0000031679999104       0.7730000000000000
       0.0000031689999104       0.7730000000000000
       0.0000031699999103       0.7734000000000000
       0.0000031709999103       0.7738000000000000
       0.0000031719999103       0.7745000000000000
       0.0000031729999103       0.7753000000000000
       0.0000031739999102       0.7762000000000000
       0.0000031749999102       0.7774000000000000
       0.0000031759999102       0.7786999999999999
       0.0000031769999101       0.7801000000000000
       0.0000031779999101       0.7816000000000000
       0.0000031789999101       0.7833000000000000
       0.0000031799999101       0.7851000000000000
       0.0000031809999100       0.7871000000000000
       0.0000031819999100       0.7892000000000000
       0.0000031829999100       0.7913000000000000
       0.0000031839999100       0.7934000000000000
       0.0000031849999099       0.7955000000000000
       0.0000031859999099       0.7976000000000000
       0.0000031869999099       0.7997000000000000
       0.0000031879999098       0.8020000000000000
       0.0000031889999098       0.8042000000000000
       0.0000031899999098       0.8065000000000000
       0.0000031909999098       0.8087000000000000
       0.0000031919999097       0.8109000000000000
       0.0000031929999097       0.8131000000000000
       0.0000031939999097       0.8152000000000000
       0.0000031949999096       0.8173000000000000
       0.0000031959999096       0.8194000000000000
       0.0000031969999096       0.8213000000000000
       0.0000031979999096       0.8232000000000000
       0.0000031989999095       0.8250999999999999
       0.0000031999999095       0.8269000000000000
       0.0000032009999095       0.8286000000000000
       0.0000032019999094       0.8302000000000000
       0.0000032029999094       0.8317000000000000
       0.0000032039999094       0.8330000000000000
       0.0000032049999094       0.8343000000000000
       0.0000032059999093       0.8355000000000000
       0.0000032069999093       0.8366000000000000
       0.0000032079999093       0.8376000000000000
       0.0000032089999092       0.8387000000000000
       0.0000032099999092       0.8396000000000000
       0.0000032109999092       0.8404000000000000
       0.0000032119999092       0.8411999999999999
       0.0000032129999091       0.8418000000000000
       0.0000032139999091       0.8423000000000000
       0.0000032149999091       0.8428000000000000
       0.0000032159999090       0.8433000000000000
       0.0000032169999090       0.8437000000000000
       0.0000032179999090       0.8441000000000000
       0.0000032189999090       0.8444000000000000
       0.0000032199999089       0.8448000000000000
       0.0000032209999089       0.8450000000000000
       0.0000032219999089       0.8453000000000001
       0.0000032229999088       0.8455000000000000
       0.0000032239999088       0.8457000000000000
       0.0000032249999088       0.8458000000000000
       0.0000032259999088       0.8459000000000000
       0.0000032269999087       0.8460000000000000
       0.0000032279999087       0.8461000000000000
       0.0000032289999087       0.8463000000000001
       0.0000032299999086       0.8464000000000000
       0.0000032309999086       0.8465000000000000
       0.0000032319999086       0.8465000000000000
       0.0000032329999086       0.8465000000000000
       0.0000032339999085       0.8466000000000000
       0.0000032349999085       0.8466000000000000
       0.0000032359999085       0.8467000000000000
       0.0000032369999085       0.8468000000000000
       0.0000032379999084       0.8469000000000000
       0.0000032389999084       0.8470000000000000
       0.0000032399999084       0.8471000000000000
       0.0000032409999083       0.8471000000000000
       0.0000032419999083       0.8470000000000000
       0.0000032429999083       0.8469000000000000
       0.0000032439999083       0.8469000000000000
       0.0000032449999082       0.8470000000000000
       0.0000032459999082       0.8471000000000000
       0.0000032469999082       0.8472000000000000
       0.0000032479999081       0.8472000000000000
       0.0000032489999081       0.8473000000000001
       0.0000032499999081       0.8472000000000000
       0.0000032509999081       0.8472000000000000
       0.0000032519999080       0.8471000000000000
       0.0000032529999080       0.8470000000000000
       0.0000032539999080       0.8469000000000000
       0.0000032549999079       0.8469000000000000
       0.0000032559999079       0.8468000000000000
       0.0000032569999079       0.8468000000000000
       0.0000032579999079       0.8467000000000000
       0.0000032589999078       0.8466000000000000
       0.0000032599999078       0.8465000000000000
       0.0000032609999078       0.8464000000000000
       0.0000032619999077       0.8463000000000001
       0.0000032629999077       0.8461000000000000
       0.0000032639999077       0.8459000000000000
       0.0000032649999077       0.8456000000000000
       0.0000032659999076       0.8453000000000001
       0.0000032669999076       0.8450000000000000
       0.0000032679999076       0.8447000000000000
       0.0000032689999075       0.8445000000000000
       0.0000032699999075       0.8443000000000001
       0.0000032709999075       0.8441000000000000
       0.0000032719999075       0.8439000000000000
       0.0000032729999074       0.8436000000000000
       0.0000032739999074       0.8431999999999999
       0.0000032749999074       0.8428000000000000
       0.0000032759999073       0.8425000000000000
       0.0000032769999073       0.8421000000000000
       0.0000032779999073       0.8418000000000000
       0.0000032789999073       0.8414000000000000
       0.0000032799999072       0.8411000000000000
       0.0000032809999072       0.8409000000000000
       0.0000032819999072       0.8407000000000000
       0.0000032829999072       0.8404000000000000
       0.0000032839999071       0.8401999999999999
       0.0000032849999071       0.8400000000000000
       0.0000032859999071       0.8397000000000000
       0.0000032869999070       0.8394000000000000
       0.0000032879999070       0.8393000000000000
       0.0000032889999070       0.8391000000000000
       0.0000032899999070       0.8391000000000000
       0.0000032909999069       0.8390000000000000
       0.0000032919999069       0.8388000000000000
       0.0000032929999069       0.8386000000000000
       0.0000032939999068       0.8385000000000000
       0.0000032949999068       0.8384000000000000
       0.0000032959999068       0.8385000000000000
       0.0000032969999068       0.8387000000000000
       0.0000032979999067       0.8388000000000000
       0.0000032989999067       0.8389000000000000
       0.0000032999999067       0.8389000000000000
       0.0000033009999066       0.8389000000000000
       0.0000033019999066       0.8390000000000000
       0.0000033029999066       0.8391999999999999
       0.0000033039999066       0.8394000000000000
       0.0000033049999065       0.8397000000000000
       0.0000033059999065       0.8400000000000000
       0.0000033069999065       0.8403000000000000
       0.0000033079999064       0.8406000000000000
       0.0000033089999064       0.8410000000000000
       0.0000033099999064       0.8414000000000000
       0.0000033109999064       0.8418000000000000
       0.0000033119999063       0.8421999999999999
       0.0000033129999063       0.8427000000000000
       0.0000033139999063       0.8431999999999999
       0.0000033149999062       0.8437000000000000
       0.0000033159999062       0.8442000000000000
       0.0000033169999062       0.8447000000000000
       0.0000033179999062       0.8452000000000000
       0.0000033189999061       0.8457000000000000
       0.0000033199999061       0.8462000000000000
       0.0000033209999061       0.8468000000000000
       0.0000033219999060       0.8472000000000000
       0.0000033229999060       0.8477000000000000
       0.0000033239999060       0.8482000000000000
       0.0000033249999060       0.8488000000000000
       0.0000033259999059       0.8494000000000000
       0.0000033269999059       0.8500000000000000
       0.0000033279999059       0.8506000000000000
       0.0000033289999058       0.8511000000000000
       0.0000033299999058       0.8516000000000000
       0.0000033309999058       0.8521000000000000
       0.0000033319999058       0.8526000000000000
       0.0000033329999057       0.8532000000000000
       0.0000033339999057       0.8537000000000000
       0.0000033349999057       0.8542000000000000
       0.0000033359999057       0.8547000000000000
       0.0000033369999056       0.8551000000000000
       0.0000033379999056       0.8554000000000000
       0.0000033389999056       0.8558000000000000
       0.0000033399999055       0.8561000000000000
       0.0000033409999055       0.8564000000000001
       0.0000033419999055       0.8566000000000000
       0.0000033429999055       0.8569000000000000
       0.0000033439999054       0.8572000000000000
       0.0000033449999054       0.8574000000000001
       0.0000033459999054       0.8576000000000000
       0.0000033469999053       0.8578000000000000
       0.0000033479999053       0.8579000000000000
       0.0000033489999053       0.8579000000000000
       0.0000033499999053       0.8579000000000000
       0.0000033509999052       0.8579000000000000
       0.0000033519999052       0.8579000000000000
       0.0000033529999052       0.8579000000000000
       0.0000033539999051       0.8579000000000000
       0.0000033549999051       0.8578000000000000
       0.0000033559999051       0.8577000000000000
       0.0000033569999051       0.8575000000000000
       0.0000033579999050       0.8572000000000000
       0.0000033589999050       0.8569000000000000
       0.0000033599999050       0.8566000000000000
       0.0000033609999049       0.8562000000000000
       0.0000033619999049       0.8558000000000000
       0.0000033629999049       0.8555000000000000
       0.0000033639999049       0.8551000000000000
       0.0000033649999048       0.8546000000000000
       0.0000033659999048       0.8542000000000000
       0.0000033669999048       0.8537000000000000
       0.0000033679999047       0.8534000000000000
       0.0000033689999047       0.8531000000000000
       0.0000033699999047       0.8528000000000000
       0.0000033709999047       0.8524000000000000
       0.0000033719999046       0.8520000000000000
       0.0000033729999046       0.8516000000000000
       0.0000033739999046       0.8511000000000000
       0.0000033749999045       0.8505000000000000
       0.0000033759999045       0.8501000000000000
       0.0000033769999045       0.8497000000000000
       0.0000033779999045       0.8493000000000001
       0.0000033789999044       0.8489000000000000
       0.0000033799999044       0.8486000000000000
       0.0000033809999044       0.8481000000000000
       0.0000033819999044       0.8477000000000000
       0.0000033829999043       0.8473000000000001
       0.0000033839999043       0.8469000000000000
       0.0000033849999043       0.8465000000000000
       0.0000033859999042       0.8461000000000000
       0.0000033869999042       0.8456000000000000
       0.0000033879999042       0.8452000000000000
       0.0000033889999042       0.8449000000000000
       0.0000033899999041       0.8446000000000000
       0.0000033909999041       0.8443000000000001
       0.0000033919999041       0.8440000000000000
       0.0000033929999040       0.8437000000000000
       0.0000033939999040       0.8434000000000000
       0.0000033949999040       0.8431999999999999
       0.0000033959999040       0.8429000000000000
       0.0000033969999039       0.8427000000000000
       0.0000033979999039       0.8425000000000000
       0.0000033989999039       0.8423000000000000
       0.0000033999999038       0.8421000000000000
       0.0000034009999038       0.8420000000000000
       0.0000034019999038       0.8418000000000000
       0.0000034029999038       0.8418000000000000
       0.0000034039999037       0.8417000000000000
       0.0000034049999037       0.8417000000000000
       0.0000034059999037       0.8417000000000000
       0.0000034069999036       0.8417000000000000
       0.0000034079999036       0.8417000000000000
       0.0000034089999036       0.8418000000000000
       0.0000034099999036       0.8418000000000000
       0.0000034109999035       0.8419000000000000
       0.0000034119999035       0.8421000000000000
       0.0000034129999035       0.8423000000000000
       0.0000034139999034       0.8425000000000000
       0.0000034149999034       0.8427000000000000
       0.0000034159999034       0.8429000000000000
       0.0000034169999034       0.8430000000000000
       0.0000034179999033       0.8431999999999999
       0.0000034189999033       0.8434000000000000
       0.0000034199999033       0.8437000000000000
       0.0000034209999032       0.8440000000000000
       0.0000034219999032       0.8445000000000000
       0.0000034229999032       0.8448000000000000
       0.0000034239999032       0.8452000000000000
       0.0000034249999031       0.8454000000000000
       0.0000034259999031       0.8457000000000000
       0.0000034269999031       0.8459000000000000
       0.0000034279999030       0.8463000000000001
       0.0000034289999030       0.8466000000000000
       0.0000034299999030       0.8470000000000000
       0.0000034309999030       0.8473000000000001
       0.0000034319999029       0.8475000000000000
       0.0000034329999029       0.8478000000000000
       0.0000034339999029       0.8480000000000000
       0.0000034349999029       0.8482000000000000
       0.0000034359999028       0.8484000000000000
       0.0000034369999028       0.8487000000000000
       0.0000034379999028       0.8489000000000000
       0.0000034389999027       0.8492000000000000
       0.0000034399999027       0.8494000000000000
       0.0000034409999027       0.8496000000000000
       0.0000034419999027       0.8497000000000000
       0.0000034429999026       0.8498000000000000
       0.0000034439999026       0.8499000000000000
       0.0000034449999026       0.8499000000000000
       0.0000034459999025       0.8499000000000000
       0.0000034469999025       0.8499000000000000
       0.0000034479999025       0.8498000000000000
       0.0000034489999025       0.8497000000000000
       0.0000034499999024       0.8496000000000000
       0.0000034509999024       0.8493000000000001
       0.0000034519999024       0.8490000000000000
       0.0000034529999023       0.8487000000000000
       0.0000034539999023       0.8482000000000000
       0.0000034549999023       0.8477000000000000
       0.0000034559999023       0.8470000000000000
       0.0000034569999022       0.8463000000000001
       0.0000034579999022       0.8455000000000000
       0.0000034589999022       0.8446000000000000
       0.0000034599999021       0.8436000000000000
       0.0000034609999021       0.8426000000000000
       0.0000034619999021       0.8414000000000000
       0.0000034629999021       0.8401000000000000
       0.0000034639999020       0.8386000000000000
       0.0000034649999020       0.8371000000000000
       0.0000034659999020       0.8354000000000000
       0.0000034669999019       0.8337000000000000
       0.0000034679999019       0.8319000000000000
       0.0000034689999019       0.8299000000000000
       0.0000034699999019       0.8278000000000000
       0.0000034709999018       0.8256000000000000
       0.0000034719999018       0.8233000000000000
       0.0000034729999018       0.8208000000000000
       0.0000034739999017       0.8182000000000000
       0.0000034749999017       0.8154000000000000
       0.0000034759999017       0.8126000000000000
       0.0000034769999017       0.8097000000000000
       0.0000034779999016       0.8066000000000000
       0.0000034789999016       0.8035000000000000
       0.0000034799999016       0.8003000000000000
       0.0000034809999016       0.7970000000000000
       0.0000034819999015       0.7936000000000000
       0.0000034829999015       0.7902000000000000
       0.0000034839999015       0.7868000000000001
       0.0000034849999014       0.7834000000000000
       0.0000034859999014       0.7800000000000000
       0.0000034869999014       0.7766999999999999
       0.0000034879999014       0.7735000000000000
       0.0000034889999013       0.7702000000000000
       0.0000034899999013       0.7670000000000000
       0.0000034909999013       0.7638000000000000
       0.0000034919999012       0.7608000000000000
       0.0000034929999012       0.7579000000000000
       0.0000034939999012       0.7551000000000000
       0.0000034949999012       0.7524999999999999
       0.0000034959999011       0.7501000000000000
       0.0000034969999011       0.7478000000000000
       0.0000034979999011       0.7456000000000000
       0.0000034989999010       0.7437000000000000
       0.0000034999999010       0.7420000000000000
       0.0000035009999010       0.7406000000000000
       0.0000035019999010       0.7393999999999999
       0.0000035029999009       0.7386000000000000
       0.0000035039999009       0.7380000000000000
       0.0000035049999009       0.7376000000000000
       0.0000035059999008       0.7374000000000001
       0.0000035069999008       0.7374000000000001
       0.0000035079999008       0.7376000000000000
       0.0000035089999008       0.7379000000000000
       0.0000035099999007       0.7382000000000000
       0.0000035109999007       0.7385000000000000
       0.0000035119999007       0.7388000000000000
       0.0000035129999006       0.7390000000000000
       0.0000035139999006       0.7389000000000000
       0.0000035149999006       0.7383999999999999
       0.0000035159999006       0.7374000000000001
       0.0000035169999005       0.7358000000000000
       0.0000035179999005       0.7334000000000001
       0.0000035189999005       0.7298000000000000
       0.0000035199999004       0.7251000000000000
       0.0000035209999004       0.7188000000000000
       0.0000035219999004       0.7109000000000000
       0.0000035229999004       0.7010999999999999
       0.0000035239999003       0.6892000000000000
       0.0000035249999003       0.6752000000000000
       0.0000035259999003       0.6589000000000000
       0.0000035269999002       0.6403000000000000
       0.0000035279999002       0.6195000000000001
       0.0000035289999002       0.5966000000000000
       0.0000035299999002       0.5718000000000000
       0.0000035309999001       0.5453000000000000
       0.0000035319999001       0.5174000000000000
       0.0000035329999001       0.4886000000000000
       0.0000035339999001       0.4592000000000000
       0.0000035349999000       0.4296000000000000
       0.0000035359999000       0.4001000000000000
       0.0000035369999000       0.3712000000000000
       0.0000035379998999       0.3432000000000000
       0.0000035389998999       0.3162000000000000
       0.0000035399998999       0.2906000000000000
       0.0000035409998999       0.2663000000000000
       0.0000035419998998       0.2436000000000000
       0.0000035429998998       0.2224000000000000
       0.0000035439998998       0.2028000000000000
       0.0000035449998997       0.1847000000000000
       0.0000035459998997       0.1682000000000000
       0.0000035469998997       0.1531000000000000
       0.0000035479998997       0.1393000000000000
       0.0000035489998996       0.1268000000000000
       0.0000035499998996       0.1154000000000000
       0.0000035509998996       0.1051000000000000
       0.0000035519998995       0.0958000000000000
       0.0000035529998995       0.0875000000000000
       0.0000035539998995       0.0799000000000000
       0.0000035549998995       0.0730000000000000
       0.0000035559998994       0.0668000000000000
       0.0000035569998994       0.0612000000000000
       0.0000035579998994       0.0561000000000000
       0.0000035589998993       0.0516000000000000
       0.0000035599998993       0.0474000000000000
       0.0000035609998993       0.0437000000000000
       0.0000035619998993       0.0402000000000000
       0.0000035629998992       0.0371000000000000
       0.0000035639998992       0.0343000000000000
       0.0000035649998992       0.0318000000000000
       0.0000035659998991       0.0295000000000000
       0.0000035669998991       0.0275000000000000
       0.0000035679998991       0.0255000000000000
       0.0000035689998991       0.0238000000000000
       0.0000035699998990       0.0222000000000000
       0.0000035709998990       0.0207000000000000
       0.0000035719998990       0.0193000000000000
       0.0000035729998989       0.0181000000000000
       0.0000035739998989       0.0170000000000000
       0.0000035749998989       0.0160000000000000
       0.0000035759998989       0.0150000000000000
       0.0000035769998988       0.0142000000000000
       0.0000035779998988       0.0134000000000000
       0.0000035789998988       0.0126000000000000
       0.0000035799998988       0.0119000000000000
       0.0000035809998987       0.0113000000000000
       0.0000035819998987       0.0107000000000000
       0.0000035829998987       0.0101000000000000
       0.0000035839998986       0.0096000000000000
       0.0000035849998986       0.0092000000000000
       0.0000035859998986       0.0088000000000000
       0.0000035869998986       0.0084000000000000
       0.0000035879998985       0.0080000000000000
       0.0000035889998985       0.0077000000000000
       0.0000035899998985       0.0074000000000000
       0.0000035909998984       0.0071000000000000
       0.0000035919998984       0.0068000000000000
       0.0000035929998984       0.0065000000000000
       0.0000035939998984       0.0062000000000000
       0.0000035949998983       0.0060000000000000
       0.0000035959998983       0.0057000000000000
       0.0000035969998983       0.0055000000000000
       0.0000035979998982       0.0053000000000000
       0.0000035989998982       0.0052000000000000
       0.0000035999998982       0.0050000000000000
       0.0000036009998982       0.0049000000000000
       0.0000036019998981       0.0047000000000000
       0.0000036029998981       0.0046000000000000
       0.0000036039998981       0.0044000000000000
       0.0000036049998980       0.0042000000000000
       0.0000036059998980       0.0041000000000000
       0.0000036069998980       0.0039000000000000
       0.0000036079998980       0.0038000000000000
       0.0000036089998979       0.0038000000000000
       0.0000036099998979       0.0037000000000000
       0.0000036109998979       0.0037000000000000
       0.0000036119998978       0.0036000000000000
       0.0000036129998978       0.0035000000000000
       0.0000036139998978       0.0034000000000000
       0.0000036149998978       0.0033000000000000
       0.0000036159998977       0.0033000000000000
       0.0000036169998977       0.0032000000000000
       0.0000036179998977       0.0031000000000000
       0.0000036189998976       0.0030000000000000
       0.0000036199998976       0.0029000000000000
       0.0000036209998976       0.0028000000000000
       0.0000036219998976       0.0027000000000000
       0.0000036229998975       0.0026000000000000
       0.0000036239998975       0.0026000000000000
       0.0000036249998975       0.0025000000000000
       0.0000036259998974       0.0025000000000000
       0.0000036269998974       0.0025000000000000
       0.0000036279998974       0.0025000000000000
       0.0000036289998974       0.0025000000000000
       0.0000036299998973       0.0025000000000000
       0.0000036309998973       0.0024000000000000
       0.0000036319998973       0.0024000000000000
       0.0000036329998973       0.0024000000000000
       0.0000036339998972       0.0023000000000000
       0.0000036349998972       0.0023000000000000
       0.0000036359998972       0.0022000000000000
       0.0000036369998971       0.0021000000000000
       0.0000036379998971       0.0021000000000000
       0.0000036389998971       0.0021000000000000
       0.0000036399998971       0.0021000000000000
       0.0000036409998970       0.0021000000000000
       0.0000036419998970       0.0020000000000000
       0.0000036429998970       0.0019000000000000
       0.0000036439998969       0.0019000000000000
       0.0000036449998969       0.0018000000000000
       0.0000036459998969       0.0018000000000000
       0.0000036469998969       0.0018000000000000
       0.0000036479998968       0.0018000000000000
       0.0000036489998968       0.0018000000000000
       0.0000036499998968       0.0018000000000000
       0.0000036509998967       0.0018000000000000
       0.0000036519998967       0.0018000000000000
       0.0000036529998967       0.0018000000000000
       0.0000036539998967       0.0018000000000000
       0.0000036549998966       0.0018000000000000
       0.0000036559998966       0.0018000000000000
       0.0000036569998966       0.0018000000000000
       0.0000036579998965       0.0017000000000000
       0.0000036589998965       0.0017000000000000
       0.0000036599998965       0.0017000000000000
       0.0000036609998965       0.0017000000000000
       0.0000036619998964       0.0016000000000000
       0.0000036629998964       0.0016000000000000
       0.0000036639998964       0.0016000000000000
       0.0000036649998963       0.0016000000000000
       0.0000036659998963       0.0016000000000000
       0.0000036669998963       0.0016000000000000
       0.0000036679998963       0.0016000000000000
       0.0000036689998962       0.0016000000000000
       0.0000036699998962       0.0016000000000000
       0.0000036709998962       0.0016000000000000
       0.0000036719998961       0.0016000000000000
       0.0000036729998961       0.0016000000000000
       0.0000036739998961       0.0016000000000000
       0.0000036749998961       0.0015000000000000
       0.0000036759998960       0.0015000000000000
       0.0000036769998960       0.0015000000000000
       0.0000036779998960       0.0014000000000000
       0.0000036789998960       0.0014000000000000
       0.0000036799998959       0.0013000000000000
       0.0000036809998959       0.0013000000000000
