# data from ERIS/NIX/filter_K.txt
# manually processed and written by cleantrim.pro
       0.0000018589999474       0.0000000000000000
       0.0000018599999474       0.0000000000000000
       0.0000018609999474       0.0001000000000000
       0.0000018619999473       0.0002000000000000
       0.0000018629999473       0.0003000000000000
       0.0000018639999473       0.0004000000000000
       0.0000018649999473       0.0005000000000000
       0.0000018659999472       0.0004000000000000
       0.0000018669999472       0.0003000000000000
       0.0000018679999472       0.0000000000000000
       0.0000018689999471       0.0000000000000000
       0.0000018699999471       0.0000000000000000
       0.0000018709999471       0.0000000000000000
       0.0000018719999471       0.0000000000000000
       0.0000018729999470       0.0000000000000000
       0.0000018739999470       0.0000000000000000
       0.0000018749999470       0.0001000000000000
       0.0000018759999469       0.0006000000000000
       0.0000018769999469       0.0010000000000000
       0.0000018779999469       0.0014000000000000
       0.0000018789999469       0.0017000000000000
       0.0000018799999468       0.0018000000000000
       0.0000018809999468       0.0017000000000000
       0.0000018819999468       0.0015000000000000
       0.0000018829999467       0.0013000000000000
       0.0000018839999467       0.0011000000000000
       0.0000018849999467       0.0008000000000000
       0.0000018859999467       0.0006000000000000
       0.0000018869999466       0.0005000000000000
       0.0000018879999466       0.0006000000000000
       0.0000018889999466       0.0006000000000000
       0.0000018899999465       0.0007000000000000
       0.0000018909999465       0.0007000000000000
       0.0000018919999465       0.0007000000000000
       0.0000018929999465       0.0006000000000000
       0.0000018939999464       0.0005000000000000
       0.0000018949999464       0.0005000000000000
       0.0000018959999464       0.0006000000000000
       0.0000018969999463       0.0007000000000000
       0.0000018979999463       0.0007000000000000
       0.0000018989999463       0.0006000000000000
       0.0000018999999463       0.0004000000000000
       0.0000019009999462       0.0002000000000000
       0.0000019019999462       0.0001000000000000
       0.0000019029999462       0.0000000000000000
       0.0000019039999462       0.0001000000000000
       0.0000019049999461       0.0003000000000000
       0.0000019059999461       0.0006000000000000
       0.0000019069999461       0.0007000000000000
       0.0000019079999460       0.0008000000000000
       0.0000019089999460       0.0009000000000000
       0.0000019099999460       0.0011000000000000
       0.0000019109999460       0.0013000000000000
       0.0000019119999459       0.0015000000000000
       0.0000019129999459       0.0016000000000000
       0.0000019139999459       0.0014000000000000
       0.0000019149999458       0.0012000000000000
       0.0000019159999458       0.0011000000000000
       0.0000019169999458       0.0010000000000000
       0.0000019179999458       0.0011000000000000
       0.0000019189999457       0.0013000000000000
       0.0000019199999457       0.0014000000000000
       0.0000019209999457       0.0014000000000000
       0.0000019219999456       0.0013000000000000
       0.0000019229999456       0.0011000000000000
       0.0000019239999456       0.0010000000000000
       0.0000019249999456       0.0010000000000000
       0.0000019259999455       0.0012000000000000
       0.0000019269999455       0.0015000000000000
       0.0000019279999455       0.0019000000000000
       0.0000019289999454       0.0023000000000000
       0.0000019299999454       0.0026000000000000
       0.0000019309999454       0.0030000000000000
       0.0000019319999454       0.0035000000000000
       0.0000019329999453       0.0041000000000000
       0.0000019339999453       0.0047000000000000
       0.0000019349999453       0.0054000000000000
       0.0000019359999452       0.0060000000000000
       0.0000019369999452       0.0067000000000000
       0.0000019379999452       0.0074000000000000
       0.0000019389999452       0.0082000000000000
       0.0000019399999451       0.0090000000000000
       0.0000019409999451       0.0099000000000000
       0.0000019419999451       0.0109000000000000
       0.0000019429999450       0.0121000000000000
       0.0000019439999450       0.0133000000000000
       0.0000019449999450       0.0148000000000000
       0.0000019459999450       0.0163000000000000
       0.0000019469999449       0.0181000000000000
       0.0000019479999449       0.0200000000000000
       0.0000019489999449       0.0222000000000000
       0.0000019499999449       0.0246000000000000
       0.0000019509999448       0.0273000000000000
       0.0000019519999448       0.0303000000000000
       0.0000019529999448       0.0336000000000000
       0.0000019539999447       0.0372000000000000
       0.0000019549999447       0.0412000000000000
       0.0000019559999447       0.0456000000000000
       0.0000019569999447       0.0505000000000000
       0.0000019579999446       0.0560000000000000
       0.0000019589999446       0.0621000000000000
       0.0000019599999446       0.0688000000000000
       0.0000019609999445       0.0763000000000000
       0.0000019619999445       0.0845000000000000
       0.0000019629999445       0.0936000000000000
       0.0000019639999445       0.1035000000000000
       0.0000019649999444       0.1145000000000000
       0.0000019659999444       0.1265000000000000
       0.0000019669999444       0.1397000000000000
       0.0000019679999443       0.1541000000000000
       0.0000019689999443       0.1699000000000000
       0.0000019699999443       0.1869000000000000
       0.0000019709999443       0.2053000000000000
       0.0000019719999442       0.2251000000000000
       0.0000019729999442       0.2463000000000000
       0.0000019739999442       0.2690000000000000
       0.0000019749999441       0.2931000000000000
       0.0000019759999441       0.3186000000000000
       0.0000019769999441       0.3454000000000000
       0.0000019779999441       0.3733000000000000
       0.0000019789999440       0.4024000000000000
       0.0000019799999440       0.4323000000000000
       0.0000019809999440       0.4628000000000000
       0.0000019819999439       0.4938000000000000
       0.0000019829999439       0.5248000000000000
       0.0000019839999439       0.5558000000000000
       0.0000019849999439       0.5864000000000000
       0.0000019859999438       0.6163000000000000
       0.0000019869999438       0.6454000000000000
       0.0000019879999438       0.6734000000000000
       0.0000019889999437       0.6999000000000000
       0.0000019899999437       0.7249000000000000
       0.0000019909999437       0.7484000000000000
       0.0000019919999437       0.7700000000000000
       0.0000019929999436       0.7897999999999999
       0.0000019939999436       0.8077000000000000
       0.0000019949999436       0.8237000000000000
       0.0000019959999435       0.8379000000000000
       0.0000019969999435       0.8505000000000000
       0.0000019979999435       0.8615000000000000
       0.0000019989999435       0.8708000000000000
       0.0000019999999434       0.8787000000000000
       0.0000020009999434       0.8853000000000000
       0.0000020019999434       0.8908000000000000
       0.0000020029999434       0.8953000000000000
       0.0000020039999433       0.8988000000000000
       0.0000020049999433       0.9015000000000000
       0.0000020059999433       0.9035000000000000
       0.0000020069999432       0.9051000000000000
       0.0000020079999432       0.9061000000000000
       0.0000020089999432       0.9068000000000001
       0.0000020099999432       0.9073000000000000
       0.0000020109999431       0.9075000000000000
       0.0000020119999431       0.9075000000000000
       0.0000020129999431       0.9074000000000000
       0.0000020139999430       0.9073000000000000
       0.0000020149999430       0.9071000000000000
       0.0000020159999430       0.9070000000000000
       0.0000020169999430       0.9069000000000000
       0.0000020179999429       0.9068000000000001
       0.0000020189999429       0.9069000000000000
       0.0000020199999429       0.9070000000000000
       0.0000020209999428       0.9071000000000000
       0.0000020219999428       0.9073000000000000
       0.0000020229999428       0.9077000000000000
       0.0000020239999428       0.9082000000000000
       0.0000020249999427       0.9087000000000000
       0.0000020259999427       0.9093000000000000
       0.0000020269999427       0.9098000000000001
       0.0000020279999426       0.9102000000000000
       0.0000020289999426       0.9106000000000000
       0.0000020299999426       0.9110000000000000
       0.0000020309999426       0.9116000000000000
       0.0000020319999425       0.9122000000000000
       0.0000020329999425       0.9129000000000000
       0.0000020339999425       0.9135000000000000
       0.0000020349999424       0.9142000000000000
       0.0000020359999424       0.9147999999999999
       0.0000020369999424       0.9154000000000000
       0.0000020379999424       0.9161000000000000
       0.0000020389999423       0.9167000000000000
       0.0000020399999423       0.9173000000000000
       0.0000020409999423       0.9177999999999999
       0.0000020419999422       0.9183000000000000
       0.0000020429999422       0.9187000000000000
       0.0000020439999422       0.9191000000000000
       0.0000020449999422       0.9194000000000000
       0.0000020459999421       0.9196000000000000
       0.0000020469999421       0.9199000000000001
       0.0000020479999421       0.9201000000000000
       0.0000020489999421       0.9202000000000000
       0.0000020499999420       0.9202000000000000
       0.0000020509999420       0.9202000000000000
       0.0000020519999420       0.9201000000000000
       0.0000020529999419       0.9200000000000000
       0.0000020539999419       0.9199000000000001
       0.0000020549999419       0.9197000000000000
       0.0000020559999419       0.9195000000000000
       0.0000020569999418       0.9192000000000000
       0.0000020579999418       0.9188000000000000
       0.0000020589999418       0.9185000000000000
       0.0000020599999417       0.9182000000000000
       0.0000020609999417       0.9179000000000000
       0.0000020619999417       0.9176000000000000
       0.0000020629999417       0.9173000000000000
       0.0000020639999416       0.9171000000000000
       0.0000020649999416       0.9167999999999999
       0.0000020659999416       0.9165000000000000
       0.0000020669999415       0.9162000000000000
       0.0000020679999415       0.9159000000000000
       0.0000020689999415       0.9157000000000000
       0.0000020699999415       0.9155000000000000
       0.0000020709999414       0.9153000000000000
       0.0000020719999414       0.9151000000000000
       0.0000020729999414       0.9149000000000000
       0.0000020739999413       0.9146000000000000
       0.0000020749999413       0.9144000000000000
       0.0000020759999413       0.9142000000000000
       0.0000020769999413       0.9140000000000000
       0.0000020779999412       0.9139000000000000
       0.0000020789999412       0.9137000000000000
       0.0000020799999412       0.9136000000000000
       0.0000020809999411       0.9135000000000000
       0.0000020819999411       0.9134000000000000
       0.0000020829999411       0.9133000000000000
       0.0000020839999411       0.9133000000000000
       0.0000020849999410       0.9132000000000000
       0.0000020859999410       0.9131000000000000
       0.0000020869999410       0.9130000000000000
       0.0000020879999409       0.9129000000000000
       0.0000020889999409       0.9127999999999999
       0.0000020899999409       0.9127999999999999
       0.0000020909999409       0.9127000000000000
       0.0000020919999408       0.9126000000000000
       0.0000020929999408       0.9125000000000000
       0.0000020939999408       0.9123000000000000
       0.0000020949999407       0.9122000000000000
       0.0000020959999407       0.9121000000000000
       0.0000020969999407       0.9119000000000000
       0.0000020979999407       0.9118000000000001
       0.0000020989999406       0.9117000000000000
       0.0000020999999406       0.9115000000000000
       0.0000021009999406       0.9114000000000000
       0.0000021019999406       0.9112000000000000
       0.0000021029999405       0.9109000000000000
       0.0000021039999405       0.9107000000000000
       0.0000021049999405       0.9105000000000000
       0.0000021059999404       0.9102000000000000
       0.0000021069999404       0.9100000000000000
       0.0000021079999404       0.9097000000000000
       0.0000021089999404       0.9095000000000000
       0.0000021099999403       0.9092000000000000
       0.0000021109999403       0.9090000000000000
       0.0000021119999403       0.9087000000000000
       0.0000021129999402       0.9084000000000000
       0.0000021139999402       0.9081000000000000
       0.0000021149999402       0.9078000000000001
       0.0000021159999402       0.9075000000000000
       0.0000021169999401       0.9072000000000000
       0.0000021179999401       0.9069000000000000
       0.0000021189999401       0.9066000000000000
       0.0000021199999400       0.9063000000000000
       0.0000021209999400       0.9061000000000000
       0.0000021219999400       0.9058000000000000
       0.0000021229999400       0.9055000000000000
       0.0000021239999399       0.9053000000000000
       0.0000021249999399       0.9051000000000000
       0.0000021259999399       0.9049000000000000
       0.0000021269999398       0.9048000000000000
       0.0000021279999398       0.9046000000000000
       0.0000021289999398       0.9045000000000000
       0.0000021299999398       0.9044000000000000
       0.0000021309999397       0.9042000000000000
       0.0000021319999397       0.9041000000000000
       0.0000021329999397       0.9040000000000000
       0.0000021339999396       0.9039000000000000
       0.0000021349999396       0.9038000000000000
       0.0000021359999396       0.9038000000000000
       0.0000021369999396       0.9038000000000000
       0.0000021379999395       0.9036999999999999
       0.0000021389999395       0.9036999999999999
       0.0000021399999395       0.9036999999999999
       0.0000021409999394       0.9036999999999999
       0.0000021419999394       0.9036999999999999
       0.0000021429999394       0.9038000000000000
       0.0000021439999394       0.9039000000000000
       0.0000021449999393       0.9039000000000000
       0.0000021459999393       0.9040000000000000
       0.0000021469999393       0.9041000000000000
       0.0000021479999393       0.9042000000000000
       0.0000021489999392       0.9044000000000000
       0.0000021499999392       0.9045000000000000
       0.0000021509999392       0.9048000000000000
       0.0000021519999391       0.9050000000000000
       0.0000021529999391       0.9052000000000000
       0.0000021539999391       0.9054000000000000
       0.0000021549999391       0.9056000000000000
       0.0000021559999390       0.9058000000000000
       0.0000021569999390       0.9060000000000000
       0.0000021579999390       0.9063000000000000
       0.0000021589999389       0.9065000000000000
       0.0000021599999389       0.9067000000000000
       0.0000021609999389       0.9069000000000000
       0.0000021619999389       0.9071000000000000
       0.0000021629999388       0.9072000000000000
       0.0000021639999388       0.9073000000000000
       0.0000021649999388       0.9074000000000000
       0.0000021659999387       0.9074000000000000
       0.0000021669999387       0.9075000000000000
       0.0000021679999387       0.9075000000000000
       0.0000021689999387       0.9076000000000000
       0.0000021699999386       0.9076000000000000
       0.0000021709999386       0.9077000000000000
       0.0000021719999386       0.9077000000000000
       0.0000021729999385       0.9077000000000000
       0.0000021739999385       0.9076000000000000
       0.0000021749999385       0.9076000000000000
       0.0000021759999385       0.9075000000000000
       0.0000021769999384       0.9074000000000000
       0.0000021779999384       0.9073000000000000
       0.0000021789999384       0.9073000000000000
       0.0000021799999383       0.9072000000000000
       0.0000021809999383       0.9071000000000000
       0.0000021819999383       0.9069000000000000
       0.0000021829999383       0.9068000000000001
       0.0000021839999382       0.9066000000000000
       0.0000021849999382       0.9064000000000000
       0.0000021859999382       0.9062000000000000
       0.0000021869999381       0.9060000000000000
       0.0000021879999381       0.9058000000000000
       0.0000021889999381       0.9055000000000000
       0.0000021899999381       0.9052000000000000
       0.0000021909999380       0.9048000000000000
       0.0000021919999380       0.9045000000000000
       0.0000021929999380       0.9041000000000000
       0.0000021939999379       0.9036999999999999
       0.0000021949999379       0.9033000000000000
       0.0000021959999379       0.9030000000000000
       0.0000021969999379       0.9025000000000000
       0.0000021979999378       0.9021000000000000
       0.0000021989999378       0.9016000000000000
       0.0000021999999378       0.9011000000000000
       0.0000022009999378       0.9005000000000000
       0.0000022019999377       0.9000000000000000
       0.0000022029999377       0.8994000000000000
       0.0000022039999377       0.8988000000000000
       0.0000022049999376       0.8982000000000000
       0.0000022059999376       0.8976000000000000
       0.0000022069999376       0.8971000000000000
       0.0000022079999376       0.8965000000000000
       0.0000022089999375       0.8960000000000000
       0.0000022099999375       0.8956000000000000
       0.0000022109999375       0.8952000000000000
       0.0000022119999374       0.8948000000000000
       0.0000022129999374       0.8944000000000000
       0.0000022139999374       0.8941000000000000
       0.0000022149999374       0.8939000000000000
       0.0000022159999373       0.8937000000000000
       0.0000022169999373       0.8935000000000000
       0.0000022179999373       0.8934000000000000
       0.0000022189999372       0.8934000000000000
       0.0000022199999372       0.8934000000000000
       0.0000022209999372       0.8934000000000000
       0.0000022219999372       0.8934000000000000
       0.0000022229999371       0.8934000000000000
       0.0000022239999371       0.8935000000000000
       0.0000022249999371       0.8935999999999999
       0.0000022259999370       0.8937000000000000
       0.0000022269999370       0.8938000000000000
       0.0000022279999370       0.8939000000000000
       0.0000022289999370       0.8940000000000000
       0.0000022299999369       0.8941000000000000
       0.0000022309999369       0.8942000000000000
       0.0000022319999369       0.8943000000000000
       0.0000022329999368       0.8944000000000000
       0.0000022339999368       0.8945000000000000
       0.0000022349999368       0.8945000000000000
       0.0000022359999368       0.8946000000000000
       0.0000022369999367       0.8947000000000001
       0.0000022379999367       0.8947000000000001
       0.0000022389999367       0.8947000000000001
       0.0000022399999366       0.8947000000000001
       0.0000022409999366       0.8946000000000000
       0.0000022419999366       0.8946000000000000
       0.0000022429999366       0.8945000000000000
       0.0000022439999365       0.8944000000000000
       0.0000022449999365       0.8943000000000000
       0.0000022459999365       0.8942000000000000
       0.0000022469999365       0.8941000000000000
       0.0000022479999364       0.8939000000000000
       0.0000022489999364       0.8937000000000000
       0.0000022499999364       0.8935000000000000
       0.0000022509999363       0.8934000000000000
       0.0000022519999363       0.8932000000000000
       0.0000022529999363       0.8930000000000000
       0.0000022539999363       0.8927000000000000
       0.0000022549999362       0.8925000000000000
       0.0000022559999362       0.8924000000000000
       0.0000022569999362       0.8922000000000000
       0.0000022579999361       0.8921000000000000
       0.0000022589999361       0.8919000000000000
       0.0000022599999361       0.8917000000000000
       0.0000022609999361       0.8915000000000000
       0.0000022619999360       0.8912000000000000
       0.0000022629999360       0.8909000000000000
       0.0000022639999360       0.8907000000000000
       0.0000022649999359       0.8904000000000000
       0.0000022659999359       0.8901000000000000
       0.0000022669999359       0.8898000000000000
       0.0000022679999359       0.8895000000000000
       0.0000022689999358       0.8893000000000000
       0.0000022699999358       0.8891000000000000
       0.0000022709999358       0.8890000000000000
       0.0000022719999357       0.8887000000000000
       0.0000022729999357       0.8883000000000000
       0.0000022739999357       0.8879000000000000
       0.0000022749999357       0.8878000000000000
       0.0000022759999356       0.8877000000000000
       0.0000022769999356       0.8875000000000000
       0.0000022779999356       0.8871000000000000
       0.0000022789999355       0.8867000000000000
       0.0000022799999355       0.8864000000000000
       0.0000022809999355       0.8862000000000000
       0.0000022819999355       0.8860000000000000
       0.0000022829999354       0.8857000000000000
       0.0000022839999354       0.8854000000000000
       0.0000022849999354       0.8850000000000000
       0.0000022859999353       0.8847000000000000
       0.0000022869999353       0.8844000000000000
       0.0000022879999353       0.8841000000000000
       0.0000022889999353       0.8837000000000000
       0.0000022899999352       0.8833000000000000
       0.0000022909999352       0.8829000000000000
       0.0000022919999352       0.8824000000000000
       0.0000022929999351       0.8819000000000000
       0.0000022939999351       0.8815000000000000
       0.0000022949999351       0.8811000000000000
       0.0000022959999351       0.8808000000000000
       0.0000022969999350       0.8803000000000000
       0.0000022979999350       0.8797000000000000
       0.0000022989999350       0.8791000000000000
       0.0000022999999350       0.8784000000000000
       0.0000023009999349       0.8777000000000000
       0.0000023019999349       0.8770000000000000
       0.0000023029999349       0.8763000000000000
       0.0000023039999348       0.8757000000000000
       0.0000023049999348       0.8749000000000000
       0.0000023059999348       0.8741000000000000
       0.0000023069999348       0.8734000000000000
       0.0000023079999347       0.8726000000000000
       0.0000023089999347       0.8717000000000000
       0.0000023099999347       0.8708000000000000
       0.0000023109999346       0.8701000000000000
       0.0000023119999346       0.8694000000000000
       0.0000023129999346       0.8685000000000000
       0.0000023139999346       0.8675000000000000
       0.0000023149999345       0.8666000000000000
       0.0000023159999345       0.8657000000000000
       0.0000023169999345       0.8648000000000000
       0.0000023179999344       0.8640000000000000
       0.0000023189999344       0.8632000000000000
       0.0000023199999344       0.8624000000000001
       0.0000023209999344       0.8616000000000000
       0.0000023219999343       0.8606000000000000
       0.0000023229999343       0.8596000000000000
       0.0000023239999343       0.8588000000000000
       0.0000023249999342       0.8580000000000000
       0.0000023259999342       0.8573000000000000
       0.0000023269999342       0.8566000000000000
       0.0000023279999342       0.8559000000000000
       0.0000023289999341       0.8554000000000000
       0.0000023299999341       0.8550000000000000
       0.0000023309999341       0.8545000000000000
       0.0000023319999340       0.8539000000000000
       0.0000023329999340       0.8535000000000000
       0.0000023339999340       0.8530000000000000
       0.0000023349999340       0.8524000000000000
       0.0000023359999339       0.8518000000000000
       0.0000023369999339       0.8514000000000000
       0.0000023379999339       0.8509000000000000
       0.0000023389999338       0.8504000000000000
       0.0000023399999338       0.8498000000000000
       0.0000023409999338       0.8491000000000000
       0.0000023419999338       0.8482000000000000
       0.0000023429999337       0.8472000000000000
       0.0000023439999337       0.8459000000000000
       0.0000023449999337       0.8443000000000001
       0.0000023459999337       0.8424000000000000
       0.0000023469999336       0.8401999999999999
       0.0000023479999336       0.8376000000000000
       0.0000023489999336       0.8344000000000000
       0.0000023499999335       0.8306000000000000
       0.0000023509999335       0.8262000000000000
       0.0000023519999335       0.8209000000000000
       0.0000023529999335       0.8148000000000000
       0.0000023539999334       0.8077000000000000
       0.0000023549999334       0.7998000000000000
       0.0000023559999334       0.7907999999999999
       0.0000023569999333       0.7806999999999999
       0.0000023579999333       0.7694000000000000
       0.0000023589999333       0.7567000000000000
       0.0000023599999333       0.7428000000000000
       0.0000023609999332       0.7275000000000000
       0.0000023619999332       0.7109000000000000
       0.0000023629999332       0.6931000000000000
       0.0000023639999331       0.6740000000000000
       0.0000023649999331       0.6538000000000000
       0.0000023659999331       0.6324000000000000
       0.0000023669999331       0.6101000000000000
       0.0000023679999330       0.5869000000000000
       0.0000023689999330       0.5629000000000000
       0.0000023699999330       0.5384000000000000
       0.0000023709999329       0.5135999999999999
       0.0000023719999329       0.4885000000000000
       0.0000023729999329       0.4635000000000000
       0.0000023739999329       0.4386000000000000
       0.0000023749999328       0.4139000000000000
       0.0000023759999328       0.3896000000000000
       0.0000023769999328       0.3658000000000000
       0.0000023779999327       0.3428000000000000
       0.0000023789999327       0.3205000000000000
       0.0000023799999327       0.2990000000000000
       0.0000023809999327       0.2786000000000000
       0.0000023819999326       0.2590000000000000
       0.0000023829999326       0.2405000000000000
       0.0000023839999326       0.2230000000000000
       0.0000023849999325       0.2065000000000000
       0.0000023859999325       0.1910000000000000
       0.0000023869999325       0.1766000000000000
       0.0000023879999325       0.1631000000000000
       0.0000023889999324       0.1505000000000000
       0.0000023899999324       0.1388000000000000
       0.0000023909999324       0.1279000000000000
       0.0000023919999323       0.1178000000000000
       0.0000023929999323       0.1086000000000000
       0.0000023939999323       0.1000000000000000
       0.0000023949999323       0.0921000000000000
       0.0000023959999322       0.0848000000000000
       0.0000023969999322       0.0781000000000000
       0.0000023979999322       0.0720000000000000
       0.0000023989999322       0.0663000000000000
       0.0000023999999321       0.0612000000000000
       0.0000024009999321       0.0564000000000000
       0.0000024019999321       0.0520000000000000
       0.0000024029999320       0.0480000000000000
       0.0000024039999320       0.0443000000000000
       0.0000024049999320       0.0409000000000000
       0.0000024059999320       0.0378000000000000
       0.0000024069999319       0.0349000000000000
       0.0000024079999319       0.0323000000000000
       0.0000024089999319       0.0298000000000000
       0.0000024099999318       0.0276000000000000
       0.0000024109999318       0.0256000000000000
       0.0000024119999318       0.0238000000000000
       0.0000024129999318       0.0221000000000000
       0.0000024139999317       0.0206000000000000
       0.0000024149999317       0.0191000000000000
       0.0000024159999317       0.0177000000000000
       0.0000024169999316       0.0165000000000000
       0.0000024179999316       0.0154000000000000
       0.0000024189999316       0.0143000000000000
       0.0000024199999316       0.0133000000000000
       0.0000024209999315       0.0124000000000000
       0.0000024219999315       0.0115000000000000
       0.0000024229999315       0.0107000000000000
       0.0000024239999314       0.0100000000000000
       0.0000024249999314       0.0094000000000000
       0.0000024259999314       0.0088000000000000
       0.0000024269999314       0.0083000000000000
       0.0000024279999313       0.0078000000000000
       0.0000024289999313       0.0073000000000000
       0.0000024299999313       0.0069000000000000
       0.0000024309999312       0.0065000000000000
       0.0000024319999312       0.0061000000000000
       0.0000024329999312       0.0057000000000000
       0.0000024339999312       0.0054000000000000
       0.0000024349999311       0.0051000000000000
       0.0000024359999311       0.0048000000000000
       0.0000024369999311       0.0045000000000000
       0.0000024379999310       0.0043000000000000
       0.0000024389999310       0.0040000000000000
       0.0000024399999310       0.0038000000000000
       0.0000024409999310       0.0036000000000000
       0.0000024419999309       0.0034000000000000
       0.0000024429999309       0.0033000000000000
       0.0000024439999309       0.0031000000000000
       0.0000024449999309       0.0029000000000000
       0.0000024459999308       0.0027000000000000
       0.0000024469999308       0.0026000000000000
       0.0000024479999308       0.0024000000000000
       0.0000024489999307       0.0023000000000000
       0.0000024499999307       0.0021000000000000
       0.0000024509999307       0.0020000000000000
       0.0000024519999307       0.0019000000000000
       0.0000024529999306       0.0019000000000000
       0.0000024539999306       0.0018000000000000
       0.0000024549999306       0.0017000000000000
       0.0000024559999305       0.0017000000000000
       0.0000024569999305       0.0016000000000000
       0.0000024579999305       0.0016000000000000
       0.0000024589999305       0.0015000000000000
       0.0000024599999304       0.0014000000000000
       0.0000024609999304       0.0014000000000000
       0.0000024619999304       0.0013000000000000
       0.0000024629999303       0.0012000000000000
       0.0000024639999303       0.0011000000000000
       0.0000024649999303       0.0010000000000000
       0.0000024659999303       0.0009000000000000
       0.0000024669999302       0.0009000000000000
       0.0000024679999302       0.0009000000000000
       0.0000024689999302       0.0009000000000000
       0.0000024699999301       0.0009000000000000
       0.0000024709999301       0.0009000000000000
       0.0000024719999301       0.0009000000000000
       0.0000024729999301       0.0008000000000000
       0.0000024739999300       0.0008000000000000
       0.0000024749999300       0.0008000000000000
       0.0000024759999300       0.0007000000000000
       0.0000024769999299       0.0008000000000000
       0.0000024779999299       0.0008000000000000
       0.0000024789999299       0.0008000000000000
       0.0000024799999299       0.0008000000000000
       0.0000024809999298       0.0007000000000000
       0.0000024819999298       0.0007000000000000
       0.0000024829999298       0.0007000000000000
       0.0000024839999297       0.0006000000000000
       0.0000024849999297       0.0005000000000000
       0.0000024859999297       0.0005000000000000
       0.0000024869999297       0.0005000000000000
       0.0000024879999296       0.0004000000000000
