# data from ERIS/NIX/filter_L-Broad.txt
# manually processed and written by cleantrim.pro
       0.0000029189999174       0.0012000000000000
       0.0000029199999174       0.0012000000000000
       0.0000029209999174       0.0012000000000000
       0.0000029219999174       0.0013000000000000
       0.0000029229999173       0.0013000000000000
       0.0000029239999173       0.0013000000000000
       0.0000029249999173       0.0013000000000000
       0.0000029259999172       0.0012000000000000
       0.0000029269999172       0.0012000000000000
       0.0000029279999172       0.0012000000000000
       0.0000029289999172       0.0012000000000000
       0.0000029299999171       0.0013000000000000
       0.0000029309999171       0.0014000000000000
       0.0000029319999171       0.0014000000000000
       0.0000029329999170       0.0014000000000000
       0.0000029339999170       0.0013000000000000
       0.0000029349999170       0.0013000000000000
       0.0000029359999170       0.0012000000000000
       0.0000029369999169       0.0012000000000000
       0.0000029379999169       0.0012000000000000
       0.0000029389999169       0.0012000000000000
       0.0000029399999169       0.0013000000000000
       0.0000029409999168       0.0014000000000000
       0.0000029419999168       0.0015000000000000
       0.0000029429999168       0.0015000000000000
       0.0000029439999167       0.0015000000000000
       0.0000029449999167       0.0015000000000000
       0.0000029459999167       0.0016000000000000
       0.0000029469999167       0.0017000000000000
       0.0000029479999166       0.0017000000000000
       0.0000029489999166       0.0016000000000000
       0.0000029499999166       0.0015000000000000
       0.0000029509999165       0.0015000000000000
       0.0000029519999165       0.0016000000000000
       0.0000029529999165       0.0017000000000000
       0.0000029539999165       0.0017000000000000
       0.0000029549999164       0.0016000000000000
       0.0000029559999164       0.0016000000000000
       0.0000029569999164       0.0017000000000000
       0.0000029579999163       0.0017000000000000
       0.0000029589999163       0.0017000000000000
       0.0000029599999163       0.0017000000000000
       0.0000029609999163       0.0017000000000000
       0.0000029619999162       0.0018000000000000
       0.0000029629999162       0.0018000000000000
       0.0000029639999162       0.0019000000000000
       0.0000029649999161       0.0019000000000000
       0.0000029659999161       0.0020000000000000
       0.0000029669999161       0.0020000000000000
       0.0000029679999161       0.0021000000000000
       0.0000029689999160       0.0021000000000000
       0.0000029699999160       0.0022000000000000
       0.0000029709999160       0.0022000000000000
       0.0000029719999159       0.0022000000000000
       0.0000029729999159       0.0022000000000000
       0.0000029739999159       0.0022000000000000
       0.0000029749999159       0.0023000000000000
       0.0000029759999158       0.0023000000000000
       0.0000029769999158       0.0023000000000000
       0.0000029779999158       0.0024000000000000
       0.0000029789999157       0.0024000000000000
       0.0000029799999157       0.0025000000000000
       0.0000029809999157       0.0026000000000000
       0.0000029819999157       0.0027000000000000
       0.0000029829999156       0.0028000000000000
       0.0000029839999156       0.0028000000000000
       0.0000029849999156       0.0028000000000000
       0.0000029859999156       0.0029000000000000
       0.0000029869999155       0.0030000000000000
       0.0000029879999155       0.0031000000000000
       0.0000029889999155       0.0031000000000000
       0.0000029899999154       0.0032000000000000
       0.0000029909999154       0.0034000000000000
       0.0000029919999154       0.0035000000000000
       0.0000029929999154       0.0036000000000000
       0.0000029939999153       0.0038000000000000
       0.0000029949999153       0.0039000000000000
       0.0000029959999153       0.0041000000000000
       0.0000029969999152       0.0042000000000000
       0.0000029979999152       0.0044000000000000
       0.0000029989999152       0.0046000000000000
       0.0000029999999152       0.0049000000000000
       0.0000030009999151       0.0052000000000000
       0.0000030019999151       0.0056000000000000
       0.0000030029999151       0.0060000000000000
       0.0000030039999150       0.0064000000000000
       0.0000030049999150       0.0068000000000000
       0.0000030059999150       0.0072000000000000
       0.0000030069999150       0.0078000000000000
       0.0000030079999149       0.0084000000000000
       0.0000030089999149       0.0091000000000000
       0.0000030099999149       0.0099000000000000
       0.0000030109999148       0.0108000000000000
       0.0000030119999148       0.0117000000000000
       0.0000030129999148       0.0128000000000000
       0.0000030139999148       0.0141000000000000
       0.0000030149999147       0.0155000000000000
       0.0000030159999147       0.0171000000000000
       0.0000030169999147       0.0189000000000000
       0.0000030179999146       0.0210000000000000
       0.0000030189999146       0.0233000000000000
       0.0000030199999146       0.0260000000000000
       0.0000030209999146       0.0291000000000000
       0.0000030219999145       0.0326000000000000
       0.0000030229999145       0.0366000000000000
       0.0000030239999145       0.0413000000000000
       0.0000030249999144       0.0465000000000000
       0.0000030259999144       0.0523000000000000
       0.0000030269999144       0.0589000000000000
       0.0000030279999144       0.0663000000000000
       0.0000030289999143       0.0747000000000000
       0.0000030299999143       0.0839000000000000
       0.0000030309999143       0.0942000000000000
       0.0000030319999142       0.1053000000000000
       0.0000030329999142       0.1175000000000000
       0.0000030339999142       0.1306000000000000
       0.0000030349999142       0.1448000000000000
       0.0000030359999141       0.1597000000000000
       0.0000030369999141       0.1754000000000000
       0.0000030379999141       0.1917000000000000
       0.0000030389999141       0.2083000000000000
       0.0000030399999140       0.2253000000000000
       0.0000030409999140       0.2422000000000000
       0.0000030419999140       0.2591000000000000
       0.0000030429999139       0.2759000000000000
       0.0000030439999139       0.2925000000000000
       0.0000030449999139       0.3087000000000000
       0.0000030459999139       0.3244000000000000
       0.0000030469999138       0.3397000000000000
       0.0000030479999138       0.3546000000000000
       0.0000030489999138       0.3691000000000000
       0.0000030499999137       0.3834000000000000
       0.0000030509999137       0.3973000000000000
       0.0000030519999137       0.4109000000000000
       0.0000030529999137       0.4242000000000000
       0.0000030539999136       0.4372000000000000
       0.0000030549999136       0.4500000000000000
       0.0000030559999136       0.4626000000000000
       0.0000030569999135       0.4750000000000000
       0.0000030579999135       0.4874000000000000
       0.0000030589999135       0.4996000000000000
       0.0000030599999135       0.5118000000000000
       0.0000030609999134       0.5240000000000000
       0.0000030619999134       0.5360000000000000
       0.0000030629999134       0.5478000000000000
       0.0000030639999133       0.5595000000000000
       0.0000030649999133       0.5711000000000001
       0.0000030659999133       0.5825000000000000
       0.0000030669999133       0.5938000000000000
       0.0000030679999132       0.6047000000000000
       0.0000030689999132       0.6153000000000000
       0.0000030699999132       0.6256000000000000
       0.0000030709999131       0.6355000000000000
       0.0000030719999131       0.6450000000000000
       0.0000030729999131       0.6541000000000000
       0.0000030739999131       0.6627999999999999
       0.0000030749999130       0.6710000000000000
       0.0000030759999130       0.6788999999999999
       0.0000030769999130       0.6864000000000000
       0.0000030779999129       0.6935000000000000
       0.0000030789999129       0.7002000000000000
       0.0000030799999129       0.7064000000000000
       0.0000030809999129       0.7121000000000000
       0.0000030819999128       0.7173000000000000
       0.0000030829999128       0.7222000000000000
       0.0000030839999128       0.7269000000000000
       0.0000030849999128       0.7312000000000000
       0.0000030859999127       0.7353000000000000
       0.0000030869999127       0.7389000000000000
       0.0000030879999127       0.7423000000000000
       0.0000030889999126       0.7454000000000000
       0.0000030899999126       0.7483000000000000
       0.0000030909999126       0.7510000000000000
       0.0000030919999126       0.7534000000000000
       0.0000030929999125       0.7557000000000000
       0.0000030939999125       0.7577000000000000
       0.0000030949999125       0.7596000000000001
       0.0000030959999124       0.7614000000000000
       0.0000030969999124       0.7631000000000000
       0.0000030979999124       0.7645999999999999
       0.0000030989999124       0.7661000000000000
       0.0000030999999123       0.7675000000000000
       0.0000031009999123       0.7688000000000000
       0.0000031019999123       0.7701000000000000
       0.0000031029999122       0.7713000000000000
       0.0000031039999122       0.7725000000000000
       0.0000031049999122       0.7736000000000000
       0.0000031059999122       0.7746000000000000
       0.0000031069999121       0.7756000000000000
       0.0000031079999121       0.7766000000000000
       0.0000031089999121       0.7776000000000000
       0.0000031099999120       0.7784000000000000
       0.0000031109999120       0.7792000000000000
       0.0000031119999120       0.7799000000000000
       0.0000031129999120       0.7806999999999999
       0.0000031139999119       0.7814000000000000
       0.0000031149999119       0.7822000000000000
       0.0000031159999119       0.7829000000000000
       0.0000031169999118       0.7835000000000000
       0.0000031179999118       0.7841000000000000
       0.0000031189999118       0.7848000000000001
       0.0000031199999118       0.7854000000000000
       0.0000031209999117       0.7861000000000000
       0.0000031219999117       0.7868000000000001
       0.0000031229999117       0.7875000000000000
       0.0000031239999116       0.7880000000000000
       0.0000031249999116       0.7886000000000000
       0.0000031259999116       0.7892000000000000
       0.0000031269999116       0.7897000000000000
       0.0000031279999115       0.7902000000000000
       0.0000031289999115       0.7907999999999999
       0.0000031299999115       0.7913000000000000
       0.0000031309999114       0.7919000000000000
       0.0000031319999114       0.7924000000000000
       0.0000031329999114       0.7929000000000000
       0.0000031339999114       0.7934000000000000
       0.0000031349999113       0.7939000000000001
       0.0000031359999113       0.7945000000000000
       0.0000031369999113       0.7951000000000000
       0.0000031379999113       0.7956000000000000
       0.0000031389999112       0.7961000000000000
       0.0000031399999112       0.7965000000000000
       0.0000031409999112       0.7970000000000000
       0.0000031419999111       0.7976000000000000
       0.0000031429999111       0.7982000000000000
       0.0000031439999111       0.7988000000000000
       0.0000031449999111       0.7993000000000000
       0.0000031459999110       0.7998000000000000
       0.0000031469999110       0.8003000000000000
       0.0000031479999110       0.8007000000000000
       0.0000031489999109       0.8012000000000000
       0.0000031499999109       0.8017000000000000
       0.0000031509999109       0.8022000000000000
       0.0000031519999109       0.8027000000000000
       0.0000031529999108       0.8031000000000000
       0.0000031539999108       0.8034000000000000
       0.0000031549999108       0.8038000000000000
       0.0000031559999107       0.8043000000000000
       0.0000031569999107       0.8048000000000000
       0.0000031579999107       0.8053000000000000
       0.0000031589999107       0.8058000000000000
       0.0000031599999106       0.8061000000000000
       0.0000031609999106       0.8065000000000000
       0.0000031619999106       0.8068000000000000
       0.0000031629999105       0.8072000000000000
       0.0000031639999105       0.8076000000000000
       0.0000031649999105       0.8080000000000001
       0.0000031659999105       0.8083000000000000
       0.0000031669999104       0.8086000000000000
       0.0000031679999104       0.8089000000000000
       0.0000031689999104       0.8093000000000000
       0.0000031699999103       0.8096000000000000
       0.0000031709999103       0.8099000000000000
       0.0000031719999103       0.8102000000000000
       0.0000031729999103       0.8105000000000000
       0.0000031739999102       0.8108000000000000
       0.0000031749999102       0.8110000000000001
       0.0000031759999102       0.8112000000000000
       0.0000031769999101       0.8114000000000000
       0.0000031779999101       0.8116000000000000
       0.0000031789999101       0.8119000000000000
       0.0000031799999101       0.8122000000000000
       0.0000031809999100       0.8125000000000000
       0.0000031819999100       0.8128000000000000
       0.0000031829999100       0.8131000000000000
       0.0000031839999100       0.8134000000000000
       0.0000031849999099       0.8137000000000000
       0.0000031859999099       0.8139000000000000
       0.0000031869999099       0.8143000000000000
       0.0000031879999098       0.8147000000000000
       0.0000031889999098       0.8151000000000000
       0.0000031899999098       0.8156000000000000
       0.0000031909999098       0.8159000000000000
       0.0000031919999097       0.8161000000000000
       0.0000031929999097       0.8163000000000000
       0.0000031939999097       0.8165000000000000
       0.0000031949999096       0.8168000000000000
       0.0000031959999096       0.8171000000000000
       0.0000031969999096       0.8175000000000000
       0.0000031979999096       0.8179000000000000
       0.0000031989999095       0.8182000000000000
       0.0000031999999095       0.8186000000000000
       0.0000032009999095       0.8189000000000000
       0.0000032019999094       0.8193000000000000
       0.0000032029999094       0.8196000000000000
       0.0000032039999094       0.8200000000000000
       0.0000032049999094       0.8203000000000000
       0.0000032059999093       0.8207000000000000
       0.0000032069999093       0.8210000000000000
       0.0000032079999093       0.8212000000000000
       0.0000032089999092       0.8215000000000000
       0.0000032099999092       0.8218000000000000
       0.0000032109999092       0.8221000000000001
       0.0000032119999092       0.8223000000000000
       0.0000032129999091       0.8226000000000000
       0.0000032139999091       0.8228000000000000
       0.0000032149999091       0.8231000000000001
       0.0000032159999090       0.8233000000000000
       0.0000032169999090       0.8236000000000000
       0.0000032179999090       0.8239000000000000
       0.0000032189999090       0.8242000000000000
       0.0000032199999089       0.8245000000000000
       0.0000032209999089       0.8247000000000000
       0.0000032219999089       0.8249000000000000
       0.0000032229999088       0.8250999999999999
       0.0000032239999088       0.8252000000000000
       0.0000032249999088       0.8254000000000000
       0.0000032259999088       0.8255000000000000
       0.0000032269999087       0.8257000000000000
       0.0000032279999087       0.8258000000000000
       0.0000032289999087       0.8260000000000000
       0.0000032299999086       0.8260999999999999
       0.0000032309999086       0.8263000000000000
       0.0000032319999086       0.8265000000000000
       0.0000032329999086       0.8267000000000000
       0.0000032339999085       0.8269000000000000
       0.0000032349999085       0.8270999999999999
       0.0000032359999085       0.8272000000000000
       0.0000032369999085       0.8274000000000000
       0.0000032379999084       0.8276000000000000
       0.0000032389999084       0.8277000000000000
       0.0000032399999084       0.8278000000000000
       0.0000032409999083       0.8280000000000000
       0.0000032419999083       0.8280999999999999
       0.0000032429999083       0.8283000000000000
       0.0000032439999083       0.8285000000000000
       0.0000032449999082       0.8288000000000000
       0.0000032459999082       0.8290000000000000
       0.0000032469999082       0.8292000000000000
       0.0000032479999081       0.8293000000000000
       0.0000032489999081       0.8295000000000000
       0.0000032499999081       0.8296000000000000
       0.0000032509999081       0.8298000000000000
       0.0000032519999080       0.8300000000000000
       0.0000032529999080       0.8302000000000000
       0.0000032539999080       0.8303000000000000
       0.0000032549999079       0.8305000000000000
       0.0000032559999079       0.8306000000000000
       0.0000032569999079       0.8308000000000000
       0.0000032579999079       0.8310000000000000
       0.0000032589999078       0.8313000000000000
       0.0000032599999078       0.8316000000000000
       0.0000032609999078       0.8319000000000000
       0.0000032619999077       0.8322000000000001
       0.0000032629999077       0.8324000000000000
       0.0000032639999077       0.8326000000000000
       0.0000032649999077       0.8328000000000000
       0.0000032659999076       0.8330000000000000
       0.0000032669999076       0.8332000000000001
       0.0000032679999076       0.8335000000000000
       0.0000032689999075       0.8337000000000000
       0.0000032699999075       0.8340000000000000
       0.0000032709999075       0.8342000000000001
       0.0000032719999075       0.8345000000000000
       0.0000032729999074       0.8348000000000000
       0.0000032739999074       0.8351000000000000
       0.0000032749999074       0.8353000000000000
       0.0000032759999073       0.8356000000000000
       0.0000032769999073       0.8358000000000000
       0.0000032779999073       0.8360000000000000
       0.0000032789999073       0.8362000000000001
       0.0000032799999072       0.8364000000000000
       0.0000032809999072       0.8366000000000000
       0.0000032819999072       0.8368000000000000
       0.0000032829999072       0.8370000000000000
       0.0000032839999071       0.8373000000000000
       0.0000032849999071       0.8375000000000000
       0.0000032859999071       0.8378000000000000
       0.0000032869999070       0.8380000000000000
       0.0000032879999070       0.8381000000000000
       0.0000032889999070       0.8381999999999999
       0.0000032899999070       0.8384000000000000
       0.0000032909999069       0.8386000000000000
       0.0000032919999069       0.8389000000000000
       0.0000032929999069       0.8391000000000000
       0.0000032939999068       0.8391999999999999
       0.0000032949999068       0.8393000000000000
       0.0000032959999068       0.8394000000000000
       0.0000032969999068       0.8394000000000000
       0.0000032979999067       0.8395000000000000
       0.0000032989999067       0.8395000000000000
       0.0000032999999067       0.8395000000000000
       0.0000033009999066       0.8395000000000000
       0.0000033019999066       0.8396000000000000
       0.0000033029999066       0.8398000000000000
       0.0000033039999066       0.8400000000000000
       0.0000033049999065       0.8401999999999999
       0.0000033059999065       0.8403000000000000
       0.0000033069999065       0.8404000000000000
       0.0000033079999064       0.8405000000000000
       0.0000033089999064       0.8405000000000000
       0.0000033099999064       0.8405000000000000
       0.0000033109999064       0.8404000000000000
       0.0000033119999063       0.8404000000000000
       0.0000033129999063       0.8404000000000000
       0.0000033139999063       0.8404000000000000
       0.0000033149999062       0.8405000000000000
       0.0000033159999062       0.8406000000000000
       0.0000033169999062       0.8409000000000000
       0.0000033179999062       0.8411000000000000
       0.0000033189999061       0.8411999999999999
       0.0000033199999061       0.8413000000000000
       0.0000033209999061       0.8413000000000000
       0.0000033219999060       0.8411999999999999
       0.0000033229999060       0.8413000000000000
       0.0000033239999060       0.8414000000000000
       0.0000033249999060       0.8415000000000000
       0.0000033259999059       0.8415000000000000
       0.0000033269999059       0.8416000000000000
       0.0000033279999059       0.8416000000000000
       0.0000033289999058       0.8416000000000000
       0.0000033299999058       0.8416000000000000
       0.0000033309999058       0.8417000000000000
       0.0000033319999058       0.8418000000000000
       0.0000033329999057       0.8418000000000000
       0.0000033339999057       0.8419000000000000
       0.0000033349999057       0.8419000000000000
       0.0000033359999057       0.8420000000000000
       0.0000033369999056       0.8421999999999999
       0.0000033379999056       0.8423000000000000
       0.0000033389999056       0.8423000000000000
       0.0000033399999055       0.8423000000000000
       0.0000033409999055       0.8423000000000000
       0.0000033419999055       0.8423000000000000
       0.0000033429999055       0.8424000000000000
       0.0000033439999054       0.8425000000000000
       0.0000033449999054       0.8427000000000000
       0.0000033459999054       0.8428000000000000
       0.0000033469999053       0.8429000000000000
       0.0000033479999053       0.8430000000000000
       0.0000033489999053       0.8431000000000000
       0.0000033499999053       0.8431000000000000
       0.0000033509999052       0.8431999999999999
       0.0000033519999052       0.8433000000000000
       0.0000033529999052       0.8433000000000000
       0.0000033539999051       0.8433000000000000
       0.0000033549999051       0.8433000000000000
       0.0000033559999051       0.8431999999999999
       0.0000033569999051       0.8430000000000000
       0.0000033579999050       0.8429000000000000
       0.0000033589999050       0.8429000000000000
       0.0000033599999050       0.8430000000000000
       0.0000033609999049       0.8431999999999999
       0.0000033619999049       0.8433000000000000
       0.0000033629999049       0.8433000000000000
       0.0000033639999049       0.8433000000000000
       0.0000033649999048       0.8431999999999999
       0.0000033659999048       0.8431999999999999
       0.0000033669999048       0.8431000000000000
       0.0000033679999047       0.8430000000000000
       0.0000033689999047       0.8430000000000000
       0.0000033699999047       0.8429000000000000
       0.0000033709999047       0.8429000000000000
       0.0000033719999046       0.8429000000000000
       0.0000033729999046       0.8429000000000000
       0.0000033739999046       0.8429000000000000
       0.0000033749999045       0.8429000000000000
       0.0000033759999045       0.8428000000000000
       0.0000033769999045       0.8428000000000000
       0.0000033779999045       0.8428000000000000
       0.0000033789999044       0.8428000000000000
       0.0000033799999044       0.8428000000000000
       0.0000033809999044       0.8427000000000000
       0.0000033819999044       0.8427000000000000
       0.0000033829999043       0.8426000000000000
       0.0000033839999043       0.8426000000000000
       0.0000033849999043       0.8425000000000000
       0.0000033859999042       0.8425000000000000
       0.0000033869999042       0.8426000000000000
       0.0000033879999042       0.8427000000000000
       0.0000033889999042       0.8428000000000000
       0.0000033899999041       0.8429000000000000
       0.0000033909999041       0.8429000000000000
       0.0000033919999041       0.8428000000000000
       0.0000033929999040       0.8427000000000000
       0.0000033939999040       0.8426000000000000
       0.0000033949999040       0.8426000000000000
       0.0000033959999040       0.8426000000000000
       0.0000033969999039       0.8428000000000000
       0.0000033979999039       0.8430000000000000
       0.0000033989999039       0.8431999999999999
       0.0000033999999038       0.8434000000000000
       0.0000034009999038       0.8435000000000000
       0.0000034019999038       0.8435000000000000
       0.0000034029999038       0.8435000000000000
       0.0000034039999037       0.8435000000000000
       0.0000034049999037       0.8436000000000000
       0.0000034059999037       0.8438000000000000
       0.0000034069999036       0.8439000000000000
       0.0000034079999036       0.8441000000000000
       0.0000034089999036       0.8443000000000001
       0.0000034099999036       0.8444000000000000
       0.0000034109999035       0.8445000000000000
       0.0000034119999035       0.8446000000000000
       0.0000034129999035       0.8448000000000000
       0.0000034139999034       0.8449000000000000
       0.0000034149999034       0.8450000000000000
       0.0000034159999034       0.8452000000000000
       0.0000034169999034       0.8454000000000000
       0.0000034179999033       0.8457000000000000
       0.0000034189999033       0.8460000000000000
       0.0000034199999033       0.8463000000000001
       0.0000034209999032       0.8466000000000000
       0.0000034219999032       0.8468000000000000
       0.0000034229999032       0.8471000000000000
       0.0000034239999032       0.8473000000000001
       0.0000034249999031       0.8476000000000000
       0.0000034259999031       0.8478000000000000
       0.0000034269999031       0.8479000000000000
       0.0000034279999030       0.8480000000000000
       0.0000034289999030       0.8481000000000000
       0.0000034299999030       0.8483000000000001
       0.0000034309999030       0.8485000000000000
       0.0000034319999029       0.8487000000000000
       0.0000034329999029       0.8489000000000000
       0.0000034339999029       0.8490000000000000
       0.0000034349999029       0.8490000000000000
       0.0000034359999028       0.8491000000000000
       0.0000034369999028       0.8492000000000000
       0.0000034379999028       0.8493000000000001
       0.0000034389999027       0.8494000000000000
       0.0000034399999027       0.8496000000000000
       0.0000034409999027       0.8497000000000000
       0.0000034419999027       0.8498000000000000
       0.0000034429999026       0.8498000000000000
       0.0000034439999026       0.8499000000000000
       0.0000034449999026       0.8499000000000000
       0.0000034459999025       0.8500000000000000
       0.0000034469999025       0.8501000000000000
       0.0000034479999025       0.8502000000000000
       0.0000034489999025       0.8502999999999999
       0.0000034499999024       0.8504000000000000
       0.0000034509999024       0.8504000000000000
       0.0000034519999024       0.8504000000000000
       0.0000034529999023       0.8504000000000000
       0.0000034539999023       0.8505000000000000
       0.0000034549999023       0.8505000000000000
       0.0000034559999023       0.8505000000000000
       0.0000034569999022       0.8506000000000000
       0.0000034579999022       0.8506000000000000
       0.0000034589999022       0.8507000000000000
       0.0000034599999021       0.8507000000000000
       0.0000034609999021       0.8507000000000000
       0.0000034619999021       0.8508000000000000
       0.0000034629999021       0.8508000000000000
       0.0000034639999020       0.8509000000000000
       0.0000034649999020       0.8509000000000000
       0.0000034659999020       0.8509000000000000
       0.0000034669999019       0.8509000000000000
       0.0000034679999019       0.8509000000000000
       0.0000034689999019       0.8509000000000000
       0.0000034699999019       0.8509000000000000
       0.0000034709999018       0.8509000000000000
       0.0000034719999018       0.8509000000000000
       0.0000034729999018       0.8510000000000000
       0.0000034739999017       0.8511000000000000
       0.0000034749999017       0.8511000000000000
       0.0000034759999017       0.8512000000000000
       0.0000034769999017       0.8512000000000000
       0.0000034779999016       0.8512000000000000
       0.0000034789999016       0.8512999999999999
       0.0000034799999016       0.8512999999999999
       0.0000034809999016       0.8514000000000000
       0.0000034819999015       0.8515000000000000
       0.0000034829999015       0.8516000000000000
       0.0000034839999015       0.8516000000000000
       0.0000034849999014       0.8517000000000000
       0.0000034859999014       0.8518000000000000
       0.0000034869999014       0.8519000000000000
       0.0000034879999014       0.8520000000000000
       0.0000034889999013       0.8522000000000000
       0.0000034899999013       0.8522999999999999
       0.0000034909999013       0.8524000000000000
       0.0000034919999012       0.8525000000000000
       0.0000034929999012       0.8526000000000000
       0.0000034939999012       0.8527000000000000
       0.0000034949999012       0.8528000000000000
       0.0000034959999011       0.8529000000000000
       0.0000034969999011       0.8530000000000000
       0.0000034979999011       0.8531000000000000
       0.0000034989999010       0.8532999999999999
       0.0000034999999010       0.8535000000000000
       0.0000035009999010       0.8537000000000000
       0.0000035019999010       0.8538000000000000
       0.0000035029999009       0.8540000000000000
       0.0000035039999009       0.8542000000000000
       0.0000035049999009       0.8544000000000000
       0.0000035059999008       0.8545000000000000
       0.0000035069999008       0.8547000000000000
       0.0000035079999008       0.8549000000000000
       0.0000035089999008       0.8550000000000000
       0.0000035099999007       0.8551000000000000
       0.0000035109999007       0.8552999999999999
       0.0000035119999007       0.8554000000000000
       0.0000035129999006       0.8555000000000000
       0.0000035139999006       0.8555000000000000
       0.0000035149999006       0.8556000000000000
       0.0000035159999006       0.8557000000000000
       0.0000035169999005       0.8558000000000000
       0.0000035179999005       0.8560000000000000
       0.0000035189999005       0.8561000000000000
       0.0000035199999004       0.8561000000000000
       0.0000035209999004       0.8562000000000000
       0.0000035219999004       0.8562000000000000
       0.0000035229999004       0.8563000000000000
       0.0000035239999003       0.8563000000000000
       0.0000035249999003       0.8564000000000001
       0.0000035259999003       0.8565000000000000
       0.0000035269999002       0.8565000000000000
       0.0000035279999002       0.8566000000000000
       0.0000035289999002       0.8566000000000000
       0.0000035299999002       0.8567000000000000
       0.0000035309999001       0.8567000000000000
       0.0000035319999001       0.8567000000000000
       0.0000035329999001       0.8566000000000000
       0.0000035339999001       0.8564000000000001
       0.0000035349999000       0.8563000000000000
       0.0000035359999000       0.8562000000000000
       0.0000035369999000       0.8561000000000000
       0.0000035379998999       0.8560000000000000
       0.0000035389998999       0.8560000000000000
       0.0000035399998999       0.8559000000000000
       0.0000035409998999       0.8559000000000000
       0.0000035419998998       0.8558000000000000
       0.0000035429998998       0.8558000000000000
       0.0000035439998998       0.8557000000000000
       0.0000035449998997       0.8556000000000000
       0.0000035459998997       0.8555000000000000
       0.0000035469998997       0.8555000000000000
       0.0000035479998997       0.8554000000000000
       0.0000035489998996       0.8552999999999999
       0.0000035499998996       0.8552000000000000
       0.0000035509998996       0.8550000000000000
       0.0000035519998995       0.8550000000000000
       0.0000035529998995       0.8549000000000000
       0.0000035539998995       0.8548000000000000
       0.0000035549998995       0.8548000000000000
       0.0000035559998994       0.8547000000000000
       0.0000035569998994       0.8547000000000000
       0.0000035579998994       0.8546000000000000
       0.0000035589998993       0.8545000000000000
       0.0000035599998993       0.8544000000000000
       0.0000035609998993       0.8542999999999999
       0.0000035619998993       0.8542000000000000
       0.0000035629998992       0.8541000000000000
       0.0000035639998992       0.8540000000000000
       0.0000035649998992       0.8539000000000000
       0.0000035659998991       0.8539000000000000
       0.0000035669998991       0.8539000000000000
       0.0000035679998991       0.8539000000000000
       0.0000035689998991       0.8539000000000000
       0.0000035699998990       0.8539000000000000
       0.0000035709998990       0.8540000000000000
       0.0000035719998990       0.8540000000000000
       0.0000035729998989       0.8540000000000000
       0.0000035739998989       0.8540000000000000
       0.0000035749998989       0.8541000000000000
       0.0000035759998989       0.8541000000000000
       0.0000035769998988       0.8542000000000000
       0.0000035779998988       0.8542999999999999
       0.0000035789998988       0.8544000000000000
       0.0000035799998988       0.8544000000000000
       0.0000035809998987       0.8545000000000000
       0.0000035819998987       0.8545000000000000
       0.0000035829998987       0.8546000000000000
       0.0000035839998986       0.8547000000000000
       0.0000035849998986       0.8548000000000000
       0.0000035859998986       0.8550000000000000
       0.0000035869998986       0.8551000000000000
       0.0000035879998985       0.8552999999999999
       0.0000035889998985       0.8554000000000000
       0.0000035899998985       0.8556000000000000
       0.0000035909998984       0.8558000000000000
       0.0000035919998984       0.8560000000000000
       0.0000035929998984       0.8562000000000000
       0.0000035939998984       0.8564000000000001
       0.0000035949998983       0.8566000000000000
       0.0000035959998983       0.8568000000000000
       0.0000035969998983       0.8570000000000000
       0.0000035979998982       0.8572000000000000
       0.0000035989998982       0.8574000000000001
       0.0000035999998982       0.8576000000000000
       0.0000036009998982       0.8577000000000000
       0.0000036019998981       0.8579000000000000
       0.0000036029998981       0.8581000000000000
       0.0000036039998981       0.8583000000000000
       0.0000036049998980       0.8584000000000001
       0.0000036059998980       0.8586000000000000
       0.0000036069998980       0.8588000000000000
       0.0000036079998980       0.8590000000000000
       0.0000036089998979       0.8592000000000000
       0.0000036099998979       0.8595000000000000
       0.0000036109998979       0.8597000000000000
       0.0000036119998978       0.8599000000000000
       0.0000036129998978       0.8601000000000000
       0.0000036139998978       0.8603000000000000
       0.0000036149998978       0.8605000000000000
       0.0000036159998977       0.8606000000000000
       0.0000036169998977       0.8608000000000000
       0.0000036179998977       0.8609000000000000
       0.0000036189998976       0.8610000000000000
       0.0000036199998976       0.8612000000000000
       0.0000036209998976       0.8614000000000001
       0.0000036219998976       0.8615000000000000
       0.0000036229998975       0.8617000000000000
       0.0000036239998975       0.8618000000000000
       0.0000036249998975       0.8619000000000000
       0.0000036259998974       0.8620000000000000
       0.0000036269998974       0.8621000000000000
       0.0000036279998974       0.8621000000000000
       0.0000036289998974       0.8622000000000000
       0.0000036299998973       0.8624000000000001
       0.0000036309998973       0.8625000000000000
       0.0000036319998973       0.8626000000000000
       0.0000036329998973       0.8627000000000000
       0.0000036339998972       0.8628000000000000
       0.0000036349998972       0.8629000000000000
       0.0000036359998972       0.8630000000000000
       0.0000036369998971       0.8631000000000000
       0.0000036379998971       0.8632000000000000
       0.0000036389998971       0.8632000000000000
       0.0000036399998971       0.8633000000000000
       0.0000036409998970       0.8633000000000000
       0.0000036419998970       0.8632000000000000
       0.0000036429998970       0.8631000000000000
       0.0000036439998969       0.8631000000000000
       0.0000036449998969       0.8631000000000000
       0.0000036459998969       0.8632000000000000
       0.0000036469998969       0.8632000000000000
       0.0000036479998968       0.8633000000000000
       0.0000036489998968       0.8633999999999999
       0.0000036499998968       0.8635000000000000
       0.0000036509998967       0.8636000000000000
       0.0000036519998967       0.8637000000000000
       0.0000036529998967       0.8638000000000000
       0.0000036539998967       0.8638000000000000
       0.0000036549998966       0.8638000000000000
       0.0000036559998966       0.8638000000000000
       0.0000036569998966       0.8639000000000000
       0.0000036579998965       0.8639000000000000
       0.0000036589998965       0.8640000000000000
       0.0000036599998965       0.8640000000000000
       0.0000036609998965       0.8641000000000000
       0.0000036619998964       0.8641000000000000
       0.0000036629998964       0.8641000000000000
       0.0000036639998964       0.8641000000000000
       0.0000036649998963       0.8641000000000000
       0.0000036659998963       0.8642000000000000
       0.0000036669998963       0.8642000000000000
       0.0000036679998963       0.8643000000000000
       0.0000036689998962       0.8643999999999999
       0.0000036699998962       0.8645000000000000
       0.0000036709998962       0.8646000000000000
       0.0000036719998961       0.8646000000000000
       0.0000036729998961       0.8645000000000000
       0.0000036739998961       0.8645000000000000
       0.0000036749998961       0.8645000000000000
       0.0000036759998960       0.8646000000000000
       0.0000036769998960       0.8647000000000000
       0.0000036779998960       0.8648000000000000
       0.0000036789998960       0.8649000000000000
       0.0000036799998959       0.8650000000000000
       0.0000036809998959       0.8651000000000000
       0.0000036819998959       0.8651000000000000
       0.0000036829998958       0.8652000000000000
       0.0000036839998958       0.8652000000000000
       0.0000036849998958       0.8653000000000000
       0.0000036859998958       0.8653000000000000
       0.0000036869998957       0.8653999999999999
       0.0000036879998957       0.8653999999999999
       0.0000036889998957       0.8655000000000000
       0.0000036899998956       0.8656000000000000
       0.0000036909998956       0.8657000000000000
       0.0000036919998956       0.8657000000000000
       0.0000036929998956       0.8658000000000000
       0.0000036939998955       0.8658000000000000
       0.0000036949998955       0.8658000000000000
       0.0000036959998955       0.8659000000000000
       0.0000036969998954       0.8659000000000000
       0.0000036979998954       0.8660000000000000
       0.0000036989998954       0.8660000000000000
       0.0000036999998954       0.8660000000000000
       0.0000037009998953       0.8660000000000000
       0.0000037019998953       0.8659000000000000
       0.0000037029998953       0.8659000000000000
       0.0000037039998952       0.8659000000000000
       0.0000037049998952       0.8659000000000000
       0.0000037059998952       0.8659000000000000
       0.0000037069998952       0.8659000000000000
       0.0000037079998951       0.8659000000000000
       0.0000037089998951       0.8659000000000000
       0.0000037099998951       0.8658000000000000
       0.0000037109998950       0.8658000000000000
       0.0000037119998950       0.8658000000000000
       0.0000037129998950       0.8658000000000000
       0.0000037139998950       0.8657000000000000
       0.0000037149998949       0.8657000000000000
       0.0000037159998949       0.8656000000000000
       0.0000037169998949       0.8655000000000000
       0.0000037179998948       0.8653999999999999
       0.0000037189998948       0.8653000000000000
       0.0000037199998948       0.8653000000000000
       0.0000037209998948       0.8652000000000000
       0.0000037219998947       0.8652000000000000
       0.0000037229998947       0.8651000000000000
       0.0000037239998947       0.8650000000000000
       0.0000037249998946       0.8650000000000000
       0.0000037259998946       0.8650000000000000
       0.0000037269998946       0.8650000000000000
       0.0000037279998946       0.8650000000000000
       0.0000037289998945       0.8649000000000000
       0.0000037299998945       0.8649000000000000
       0.0000037309998945       0.8648000000000000
       0.0000037319998945       0.8646000000000000
       0.0000037329998944       0.8645000000000000
       0.0000037339998944       0.8643999999999999
       0.0000037349998944       0.8643000000000000
       0.0000037359998943       0.8642000000000000
       0.0000037369998943       0.8642000000000000
       0.0000037379998943       0.8642000000000000
       0.0000037389998943       0.8642000000000000
       0.0000037399998942       0.8642000000000000
       0.0000037409998942       0.8642000000000000
       0.0000037419998942       0.8642000000000000
       0.0000037429998941       0.8642000000000000
       0.0000037439998941       0.8642000000000000
       0.0000037449998941       0.8642000000000000
       0.0000037459998941       0.8642000000000000
       0.0000037469998940       0.8641000000000000
       0.0000037479998940       0.8641000000000000
       0.0000037489998940       0.8641000000000000
       0.0000037499998939       0.8640000000000000
       0.0000037509998939       0.8640000000000000
       0.0000037519998939       0.8640000000000000
       0.0000037529998939       0.8641000000000000
       0.0000037539998938       0.8641000000000000
       0.0000037549998938       0.8642000000000000
       0.0000037559998938       0.8643000000000000
       0.0000037569998937       0.8643000000000000
       0.0000037579998937       0.8643999999999999
       0.0000037589998937       0.8645000000000000
       0.0000037599998937       0.8646000000000000
       0.0000037609998936       0.8646000000000000
       0.0000037619998936       0.8647000000000000
       0.0000037629998936       0.8647000000000000
       0.0000037639998935       0.8648000000000000
       0.0000037649998935       0.8649000000000000
       0.0000037659998935       0.8650000000000000
       0.0000037669998935       0.8651000000000000
       0.0000037679998934       0.8651000000000000
       0.0000037689998934       0.8652000000000000
       0.0000037699998934       0.8653000000000000
       0.0000037709998933       0.8653999999999999
       0.0000037719998933       0.8655000000000000
       0.0000037729998933       0.8656000000000000
       0.0000037739998933       0.8657000000000000
       0.0000037749998932       0.8659000000000000
       0.0000037759998932       0.8660000000000000
       0.0000037769998932       0.8661000000000000
       0.0000037779998932       0.8662000000000000
       0.0000037789998931       0.8663000000000000
       0.0000037799998931       0.8663000000000000
       0.0000037809998931       0.8663999999999999
       0.0000037819998930       0.8663999999999999
       0.0000037829998930       0.8665000000000000
       0.0000037839998930       0.8666000000000000
       0.0000037849998930       0.8667000000000000
       0.0000037859998929       0.8668000000000000
       0.0000037869998929       0.8669000000000000
       0.0000037879998929       0.8671000000000000
       0.0000037889998928       0.8671000000000000
       0.0000037899998928       0.8672000000000000
       0.0000037909998928       0.8672000000000000
       0.0000037919998928       0.8673000000000000
       0.0000037929998927       0.8673000000000000
       0.0000037939998927       0.8673000000000000
       0.0000037949998927       0.8673000000000000
       0.0000037959998926       0.8673000000000000
       0.0000037969998926       0.8673999999999999
       0.0000037979998926       0.8673999999999999
       0.0000037989998926       0.8675000000000000
       0.0000037999998925       0.8675000000000000
       0.0000038009998925       0.8675000000000000
       0.0000038019998925       0.8675000000000000
       0.0000038029998924       0.8675000000000000
       0.0000038039998924       0.8675000000000000
       0.0000038049998924       0.8673999999999999
       0.0000038059998924       0.8673999999999999
       0.0000038069998923       0.8673999999999999
       0.0000038079998923       0.8673000000000000
       0.0000038089998923       0.8673000000000000
       0.0000038099998922       0.8673000000000000
       0.0000038109998922       0.8672000000000000
       0.0000038119998922       0.8672000000000000
       0.0000038129998922       0.8671000000000000
       0.0000038139998921       0.8671000000000000
       0.0000038149998921       0.8670000000000000
       0.0000038159998921       0.8669000000000000
       0.0000038169998920       0.8669000000000000
       0.0000038179998920       0.8668000000000000
       0.0000038189998920       0.8667000000000000
       0.0000038199998920       0.8666000000000000
       0.0000038209998919       0.8665000000000000
       0.0000038219998919       0.8663000000000000
       0.0000038229998919       0.8662000000000000
       0.0000038239998918       0.8661000000000000
       0.0000038249998918       0.8660000000000000
       0.0000038259998918       0.8660000000000000
       0.0000038269998918       0.8659000000000000
       0.0000038279998917       0.8659000000000000
       0.0000038289998917       0.8659000000000000
       0.0000038299998917       0.8659000000000000
       0.0000038309998917       0.8658000000000000
       0.0000038319998916       0.8658000000000000
       0.0000038329998916       0.8657000000000000
       0.0000038339998916       0.8656000000000000
       0.0000038349998915       0.8656000000000000
       0.0000038359998915       0.8655000000000000
       0.0000038369998915       0.8653999999999999
       0.0000038379998915       0.8653999999999999
       0.0000038389998914       0.8653000000000000
       0.0000038399998914       0.8653000000000000
       0.0000038409998914       0.8653000000000000
       0.0000038419998913       0.8653000000000000
       0.0000038429998913       0.8653000000000000
       0.0000038439998913       0.8653999999999999
       0.0000038449998913       0.8653999999999999
       0.0000038459998912       0.8653999999999999
       0.0000038469998912       0.8653999999999999
       0.0000038479998912       0.8653999999999999
       0.0000038489998911       0.8653999999999999
       0.0000038499998911       0.8653999999999999
       0.0000038509998911       0.8655000000000000
       0.0000038519998911       0.8656000000000000
       0.0000038529998910       0.8656000000000000
       0.0000038539998910       0.8657000000000000
       0.0000038549998910       0.8657000000000000
       0.0000038559998909       0.8657000000000000
       0.0000038569998909       0.8657000000000000
       0.0000038579998909       0.8658000000000000
       0.0000038589998909       0.8659000000000000
       0.0000038599998908       0.8660000000000000
       0.0000038609998908       0.8661000000000000
       0.0000038619998908       0.8661000000000000
       0.0000038629998907       0.8662000000000000
       0.0000038639998907       0.8662000000000000
       0.0000038649998907       0.8662000000000000
       0.0000038659998907       0.8662000000000000
       0.0000038669998906       0.8662000000000000
       0.0000038679998906       0.8661000000000000
       0.0000038689998906       0.8661000000000000
       0.0000038699998905       0.8660000000000000
       0.0000038709998905       0.8659000000000000
       0.0000038719998905       0.8659000000000000
       0.0000038729998905       0.8659000000000000
       0.0000038739998904       0.8658000000000000
       0.0000038749998904       0.8658000000000000
       0.0000038759998904       0.8658000000000000
       0.0000038769998904       0.8657000000000000
       0.0000038779998903       0.8657000000000000
       0.0000038789998903       0.8656000000000000
       0.0000038799998903       0.8655000000000000
       0.0000038809998902       0.8655000000000000
       0.0000038819998902       0.8653999999999999
       0.0000038829998902       0.8653999999999999
       0.0000038839998902       0.8653000000000000
       0.0000038849998901       0.8652000000000000
       0.0000038859998901       0.8651000000000000
       0.0000038869998901       0.8650000000000000
       0.0000038879998900       0.8649000000000000
       0.0000038889998900       0.8647000000000000
       0.0000038899998900       0.8646000000000000
       0.0000038909998900       0.8643999999999999
       0.0000038919998899       0.8642000000000000
       0.0000038929998899       0.8641000000000000
       0.0000038939998899       0.8639000000000000
       0.0000038949998898       0.8637000000000000
       0.0000038959998898       0.8635000000000000
       0.0000038969998898       0.8632000000000000
       0.0000038979998898       0.8630000000000000
       0.0000038989998897       0.8628000000000000
       0.0000038999998897       0.8626000000000000
       0.0000039009998897       0.8624000000000001
       0.0000039019998896       0.8622000000000000
       0.0000039029998896       0.8620000000000000
       0.0000039039998896       0.8618000000000000
       0.0000039049998896       0.8615000000000000
       0.0000039059998895       0.8613000000000000
       0.0000039069998895       0.8611000000000000
       0.0000039079998895       0.8608000000000000
       0.0000039089998894       0.8607000000000000
       0.0000039099998894       0.8605000000000000
       0.0000039109998894       0.8604000000000001
       0.0000039119998894       0.8602000000000000
       0.0000039129998893       0.8601000000000000
       0.0000039139998893       0.8599000000000000
       0.0000039149998893       0.8598000000000000
       0.0000039159998892       0.8596000000000000
       0.0000039169998892       0.8595000000000000
       0.0000039179998892       0.8593000000000000
       0.0000039189998892       0.8592000000000000
       0.0000039199998891       0.8591000000000000
       0.0000039209998891       0.8590000000000000
       0.0000039219998891       0.8589000000000000
       0.0000039229998890       0.8588000000000000
       0.0000039239998890       0.8588000000000000
       0.0000039249998890       0.8587000000000000
       0.0000039259998890       0.8587000000000000
       0.0000039269998889       0.8587000000000000
       0.0000039279998889       0.8586000000000000
       0.0000039289998889       0.8586000000000000
       0.0000039299998889       0.8586000000000000
       0.0000039309998888       0.8586000000000000
       0.0000039319998888       0.8587000000000000
       0.0000039329998888       0.8588000000000000
       0.0000039339998887       0.8589000000000000
       0.0000039349998887       0.8590000000000000
       0.0000039359998887       0.8591000000000000
       0.0000039369998887       0.8593000000000000
       0.0000039379998886       0.8594000000000001
       0.0000039389998886       0.8596000000000000
       0.0000039399998886       0.8598000000000000
       0.0000039409998885       0.8599000000000000
       0.0000039419998885       0.8601000000000000
       0.0000039429998885       0.8603000000000000
       0.0000039439998885       0.8604000000000001
       0.0000039449998884       0.8606000000000000
       0.0000039459998884       0.8608000000000000
       0.0000039469998884       0.8610000000000000
       0.0000039479998883       0.8612000000000000
       0.0000039489998883       0.8614000000000001
       0.0000039499998883       0.8616000000000000
       0.0000039509998883       0.8617000000000000
       0.0000039519998882       0.8618000000000000
       0.0000039529998882       0.8619000000000000
       0.0000039539998882       0.8620000000000000
       0.0000039549998881       0.8621000000000000
       0.0000039559998881       0.8621000000000000
       0.0000039569998881       0.8622000000000000
       0.0000039579998881       0.8622000000000000
       0.0000039589998880       0.8622000000000000
       0.0000039599998880       0.8622000000000000
       0.0000039609998880       0.8623000000000000
       0.0000039619998879       0.8623000000000000
       0.0000039629998879       0.8623000000000000
       0.0000039639998879       0.8622000000000000
       0.0000039649998879       0.8622000000000000
       0.0000039659998878       0.8621000000000000
       0.0000039669998878       0.8621000000000000
       0.0000039679998878       0.8619000000000000
       0.0000039689998877       0.8618000000000000
       0.0000039699998877       0.8616000000000000
       0.0000039709998877       0.8614000000000001
       0.0000039719998877       0.8611000000000000
       0.0000039729998876       0.8609000000000000
       0.0000039739998876       0.8606000000000000
       0.0000039749998876       0.8603000000000000
       0.0000039759998876       0.8600000000000000
       0.0000039769998875       0.8597000000000000
       0.0000039779998875       0.8593000000000000
       0.0000039789998875       0.8590000000000000
       0.0000039799998874       0.8586000000000000
       0.0000039809998874       0.8581000000000000
       0.0000039819998874       0.8576000000000000
       0.0000039829998874       0.8571000000000000
       0.0000039839998873       0.8566000000000000
       0.0000039849998873       0.8560000000000000
       0.0000039859998873       0.8555000000000000
       0.0000039869998872       0.8549000000000000
       0.0000039879998872       0.8544000000000000
       0.0000039889998872       0.8538000000000000
       0.0000039899998872       0.8532000000000000
       0.0000039909998871       0.8527000000000000
       0.0000039919998871       0.8521000000000000
       0.0000039929998871       0.8516000000000000
       0.0000039939998870       0.8511000000000000
       0.0000039949998870       0.8505000000000000
       0.0000039959998870       0.8500000000000000
       0.0000039969998870       0.8495000000000000
       0.0000039979998869       0.8489000000000000
       0.0000039989998869       0.8484000000000000
       0.0000039999998869       0.8479000000000000
       0.0000040009998868       0.8474000000000000
       0.0000040019998868       0.8469000000000000
       0.0000040029998868       0.8465000000000000
       0.0000040039998868       0.8462000000000000
       0.0000040049998867       0.8458000000000000
       0.0000040059998867       0.8455000000000000
       0.0000040069998867       0.8452000000000000
       0.0000040079998866       0.8448000000000000
       0.0000040089998866       0.8445000000000000
       0.0000040099998866       0.8441000000000000
       0.0000040109998866       0.8439000000000000
       0.0000040119998865       0.8436000000000000
       0.0000040129998865       0.8434000000000000
       0.0000040139998865       0.8431999999999999
       0.0000040149998864       0.8431000000000000
       0.0000040159998864       0.8429000000000000
       0.0000040169998864       0.8428000000000000
       0.0000040179998864       0.8427000000000000
       0.0000040189998863       0.8426000000000000
       0.0000040199998863       0.8425000000000000
       0.0000040209998863       0.8423000000000000
       0.0000040219998863       0.8421999999999999
       0.0000040229998862       0.8421000000000000
       0.0000040239998862       0.8419000000000000
       0.0000040249998862       0.8418000000000000
       0.0000040259998861       0.8417000000000000
       0.0000040269998861       0.8416000000000000
       0.0000040279998861       0.8415000000000000
       0.0000040289998861       0.8414000000000000
       0.0000040299998860       0.8411999999999999
       0.0000040309998860       0.8410000000000000
       0.0000040319998860       0.8408000000000000
       0.0000040329998859       0.8405000000000000
       0.0000040339998859       0.8401999999999999
       0.0000040349998859       0.8399000000000000
       0.0000040359998859       0.8396000000000000
       0.0000040369998858       0.8391999999999999
       0.0000040379998858       0.8388000000000000
       0.0000040389998858       0.8383000000000000
       0.0000040399998857       0.8377000000000000
       0.0000040409998857       0.8371000000000000
       0.0000040419998857       0.8365000000000000
       0.0000040429998857       0.8358000000000000
       0.0000040439998856       0.8351000000000000
       0.0000040449998856       0.8344000000000000
       0.0000040459998856       0.8336000000000000
       0.0000040469998855       0.8328000000000000
       0.0000040479998855       0.8319000000000000
       0.0000040489998855       0.8310000000000000
       0.0000040499998855       0.8300000000000000
       0.0000040509998854       0.8290000000000000
       0.0000040519998854       0.8279000000000000
       0.0000040529998854       0.8269000000000000
       0.0000040539998853       0.8258000000000000
       0.0000040549998853       0.8246000000000000
       0.0000040559998853       0.8235000000000000
       0.0000040569998853       0.8223000000000000
       0.0000040579998852       0.8211000000000001
       0.0000040589998852       0.8198000000000000
       0.0000040599998852       0.8185000000000000
       0.0000040609998851       0.8171000000000000
       0.0000040619998851       0.8157000000000000
       0.0000040629998851       0.8141000000000000
       0.0000040639998851       0.8125000000000000
       0.0000040649998850       0.8107000000000000
       0.0000040659998850       0.8087000000000000
       0.0000040669998850       0.8066000000000000
       0.0000040679998849       0.8044000000000000
       0.0000040689998849       0.8018999999999999
       0.0000040699998849       0.7991000000000000
       0.0000040709998849       0.7959000000000001
       0.0000040719998848       0.7923000000000000
       0.0000040729998848       0.7882000000000000
       0.0000040739998848       0.7836000000000000
       0.0000040749998848       0.7783000000000000
       0.0000040759998847       0.7723000000000000
       0.0000040769998847       0.7654000000000000
       0.0000040779998847       0.7577000000000000
       0.0000040789998846       0.7490000000000000
       0.0000040799998846       0.7392000000000000
       0.0000040809998846       0.7282000000000000
       0.0000040819998846       0.7159000000000000
       0.0000040829998845       0.7023000000000000
       0.0000040839998845       0.6874000000000000
       0.0000040849998845       0.6712000000000000
       0.0000040859998844       0.6536000000000000
       0.0000040869998844       0.6347000000000000
       0.0000040879998844       0.6145000000000000
       0.0000040889998844       0.5931999999999999
       0.0000040899998843       0.5708000000000000
       0.0000040909998843       0.5474000000000000
       0.0000040919998843       0.5233000000000000
       0.0000040929998842       0.4986000000000000
       0.0000040939998842       0.4736000000000000
       0.0000040949998842       0.4484000000000000
       0.0000040959998842       0.4232000000000000
       0.0000040969998841       0.3983000000000000
       0.0000040979998841       0.3739000000000000
       0.0000040989998841       0.3500000000000000
       0.0000040999998840       0.3269000000000000
       0.0000041009998840       0.3047000000000000
       0.0000041019998840       0.2834000000000000
       0.0000041029998840       0.2632000000000000
       0.0000041039998839       0.2440000000000000
       0.0000041049998839       0.2259000000000000
       0.0000041059998839       0.2089000000000000
       0.0000041069998838       0.1930000000000000
       0.0000041079998838       0.1782000000000000
       0.0000041089998838       0.1645000000000000
       0.0000041099998838       0.1518000000000000
       0.0000041109998837       0.1400000000000000
       0.0000041119998837       0.1292000000000000
       0.0000041129998837       0.1192000000000000
       0.0000041139998836       0.1099000000000000
       0.0000041149998836       0.1015000000000000
       0.0000041159998836       0.0937000000000000
       0.0000041169998836       0.0865000000000000
       0.0000041179998835       0.0799000000000000
       0.0000041189998835       0.0739000000000000
       0.0000041199998835       0.0684000000000000
       0.0000041209998835       0.0634000000000000
       0.0000041219998834       0.0588000000000000
       0.0000041229998834       0.0546000000000000
       0.0000041239998834       0.0508000000000000
       0.0000041249998833       0.0472000000000000
       0.0000041259998833       0.0440000000000000
       0.0000041269998833       0.0410000000000000
       0.0000041279998833       0.0383000000000000
       0.0000041289998832       0.0357000000000000
       0.0000041299998832       0.0334000000000000
       0.0000041309998832       0.0313000000000000
       0.0000041319998831       0.0294000000000000
       0.0000041329998831       0.0276000000000000
       0.0000041339998831       0.0260000000000000
       0.0000041349998831       0.0245000000000000
       0.0000041359998830       0.0231000000000000
       0.0000041369998830       0.0218000000000000
       0.0000041379998830       0.0206000000000000
       0.0000041389998829       0.0195000000000000
       0.0000041399998829       0.0184000000000000
       0.0000041409998829       0.0175000000000000
       0.0000041419998829       0.0166000000000000
       0.0000041429998828       0.0157000000000000
       0.0000041439998828       0.0149000000000000
       0.0000041449998828       0.0142000000000000
       0.0000041459998827       0.0135000000000000
       0.0000041469998827       0.0129000000000000
       0.0000041479998827       0.0124000000000000
       0.0000041489998827       0.0118000000000000
       0.0000041499998826       0.0114000000000000
       0.0000041509998826       0.0109000000000000
       0.0000041519998826       0.0105000000000000
       0.0000041529998825       0.0101000000000000
       0.0000041539998825       0.0097000000000000
       0.0000041549998825       0.0094000000000000
       0.0000041559998825       0.0090000000000000
       0.0000041569998824       0.0087000000000000
       0.0000041579998824       0.0084000000000000
       0.0000041589998824       0.0082000000000000
       0.0000041599998823       0.0079000000000000
       0.0000041609998823       0.0077000000000000
       0.0000041619998823       0.0075000000000000
       0.0000041629998823       0.0073000000000000
       0.0000041639998822       0.0070000000000000
       0.0000041649998822       0.0068000000000000
       0.0000041659998822       0.0066000000000000
       0.0000041669998821       0.0065000000000000
       0.0000041679998821       0.0063000000000000
       0.0000041689998821       0.0061000000000000
       0.0000041699998821       0.0059000000000000
       0.0000041709998820       0.0058000000000000
       0.0000041719998820       0.0057000000000000
       0.0000041729998820       0.0055000000000000
       0.0000041739998820       0.0054000000000000
       0.0000041749998819       0.0052000000000000
       0.0000041759998819       0.0051000000000000
       0.0000041769998819       0.0050000000000000
       0.0000041779998818       0.0049000000000000
       0.0000041789998818       0.0048000000000000
       0.0000041799998818       0.0047000000000000
       0.0000041809998818       0.0046000000000000
       0.0000041819998817       0.0045000000000000
       0.0000041829998817       0.0045000000000000
       0.0000041839998817       0.0044000000000000
       0.0000041849998816       0.0044000000000000
       0.0000041859998816       0.0044000000000000
       0.0000041869998816       0.0044000000000000
       0.0000041879998816       0.0043000000000000
       0.0000041889998815       0.0043000000000000
       0.0000041899998815       0.0043000000000000
       0.0000041909998815       0.0042000000000000
       0.0000041919998814       0.0042000000000000
       0.0000041929998814       0.0042000000000000
       0.0000041939998814       0.0042000000000000
       0.0000041949998814       0.0043000000000000
       0.0000041959998813       0.0043000000000000
       0.0000041969998813       0.0044000000000000
       0.0000041979998813       0.0045000000000000
       0.0000041989998812       0.0046000000000000
       0.0000041999998812       0.0047000000000000
       0.0000042009998812       0.0048000000000000
       0.0000042019998812       0.0049000000000000
       0.0000042029998811       0.0051000000000000
       0.0000042039998811       0.0052000000000000
       0.0000042049998811       0.0054000000000000
       0.0000042059998810       0.0056000000000000
       0.0000042069998810       0.0058000000000000
       0.0000042079998810       0.0060000000000000
       0.0000042089998810       0.0062000000000000
       0.0000042099998809       0.0065000000000000
       0.0000042109998809       0.0067000000000000
       0.0000042119998809       0.0070000000000000
       0.0000042129998808       0.0073000000000000
       0.0000042139998808       0.0076000000000000
       0.0000042149998808       0.0079000000000000
       0.0000042159998808       0.0081000000000000
       0.0000042169998807       0.0084000000000000
       0.0000042179998807       0.0087000000000000
       0.0000042189998807       0.0090000000000000
       0.0000042199998807       0.0093000000000000
       0.0000042209998806       0.0097000000000000
       0.0000042219998806       0.0101000000000000
       0.0000042229998806       0.0105000000000000
       0.0000042239998805       0.0108000000000000
       0.0000042249998805       0.0111000000000000
       0.0000042259998805       0.0113000000000000
       0.0000042269998805       0.0115000000000000
       0.0000042279998804       0.0117000000000000
       0.0000042289998804       0.0117000000000000
       0.0000042299998804       0.0117000000000000
       0.0000042309998803       0.0117000000000000
       0.0000042319998803       0.0116000000000000
       0.0000042329998803       0.0114000000000000
       0.0000042339998803       0.0112000000000000
       0.0000042349998802       0.0109000000000000
       0.0000042359998802       0.0106000000000000
       0.0000042369998802       0.0103000000000000
       0.0000042379998801       0.0101000000000000
       0.0000042389998801       0.0099000000000000
       0.0000042399998801       0.0096000000000000
       0.0000042409998801       0.0094000000000000
       0.0000042419998800       0.0092000000000000
       0.0000042429998800       0.0089000000000000
       0.0000042439998800       0.0085000000000000
       0.0000042449998799       0.0081000000000000
       0.0000042459998799       0.0077000000000000
       0.0000042469998799       0.0072000000000000
       0.0000042479998799       0.0066000000000000
       0.0000042489998798       0.0061000000000000
       0.0000042499998798       0.0055000000000000
       0.0000042509998798       0.0051000000000000
       0.0000042519998797       0.0047000000000000
       0.0000042529998797       0.0045000000000000
       0.0000042539998797       0.0044000000000000
       0.0000042549998797       0.0043000000000000
       0.0000042559998796       0.0044000000000000
       0.0000042569998796       0.0046000000000000
       0.0000042579998796       0.0048000000000000
       0.0000042589998795       0.0051000000000000
       0.0000042599998795       0.0054000000000000
       0.0000042609998795       0.0057000000000000
       0.0000042619998795       0.0058000000000000
       0.0000042629998794       0.0059000000000000
       0.0000042639998794       0.0060000000000000
       0.0000042649998794       0.0060000000000000
       0.0000042659998793       0.0060000000000000
       0.0000042669998793       0.0060000000000000
       0.0000042679998793       0.0060000000000000
       0.0000042689998793       0.0060000000000000
       0.0000042699998792       0.0060000000000000
       0.0000042709998792       0.0060000000000000
       0.0000042719998792       0.0060000000000000
       0.0000042729998792       0.0059000000000000
       0.0000042739998791       0.0058000000000000
       0.0000042749998791       0.0057000000000000
       0.0000042759998791       0.0055000000000000
       0.0000042769998790       0.0054000000000000
       0.0000042779998790       0.0053000000000000
       0.0000042789998790       0.0051000000000000
       0.0000042799998790       0.0050000000000000
       0.0000042809998789       0.0049000000000000
       0.0000042819998789       0.0049000000000000
       0.0000042829998789       0.0048000000000000
       0.0000042839998788       0.0048000000000000
       0.0000042849998788       0.0048000000000000
       0.0000042859998788       0.0048000000000000
       0.0000042869998788       0.0048000000000000
       0.0000042879998787       0.0048000000000000
       0.0000042889998787       0.0048000000000000
       0.0000042899998787       0.0047000000000000
       0.0000042909998786       0.0047000000000000
       0.0000042919998786       0.0046000000000000
       0.0000042929998786       0.0045000000000000
       0.0000042939998786       0.0045000000000000
       0.0000042949998785       0.0044000000000000
       0.0000042959998785       0.0043000000000000
       0.0000042969998785       0.0042000000000000
       0.0000042979998784       0.0041000000000000
       0.0000042989998784       0.0040000000000000
       0.0000042999998784       0.0039000000000000
       0.0000043009998784       0.0038000000000000
       0.0000043019998783       0.0037000000000000
       0.0000043029998783       0.0036000000000000
       0.0000043039998783       0.0035000000000000
       0.0000043049998782       0.0034000000000000
       0.0000043059998782       0.0033000000000000
       0.0000043069998782       0.0032000000000000
       0.0000043079998782       0.0031000000000000
       0.0000043089998781       0.0030000000000000
       0.0000043099998781       0.0030000000000000
       0.0000043109998781       0.0029000000000000
       0.0000043119998780       0.0028000000000000
       0.0000043129998780       0.0027000000000000
       0.0000043139998780       0.0026000000000000
       0.0000043149998780       0.0025000000000000
       0.0000043159998779       0.0024000000000000
       0.0000043169998779       0.0023000000000000
       0.0000043179998779       0.0023000000000000
       0.0000043189998779       0.0022000000000000
       0.0000043199998778       0.0022000000000000
       0.0000043209998778       0.0021000000000000
       0.0000043219998778       0.0021000000000000
       0.0000043229998777       0.0021000000000000
       0.0000043239998777       0.0021000000000000
       0.0000043249998777       0.0021000000000000
       0.0000043259998777       0.0020000000000000
       0.0000043269998776       0.0020000000000000
       0.0000043279998776       0.0020000000000000
       0.0000043289998776       0.0020000000000000
       0.0000043299998775       0.0019000000000000
       0.0000043309998775       0.0019000000000000
       0.0000043319998775       0.0018000000000000
       0.0000043329998775       0.0018000000000000
       0.0000043339998774       0.0017000000000000
       0.0000043349998774       0.0016000000000000
       0.0000043359998774       0.0016000000000000
       0.0000043369998773       0.0015000000000000
       0.0000043379998773       0.0015000000000000
       0.0000043389998773       0.0015000000000000
       0.0000043399998773       0.0014000000000000
       0.0000043409998772       0.0014000000000000
       0.0000043419998772       0.0014000000000000
       0.0000043429998772       0.0014000000000000
       0.0000043439998771       0.0014000000000000
       0.0000043449998771       0.0014000000000000
       0.0000043459998771       0.0014000000000000
       0.0000043469998771       0.0014000000000000
       0.0000043479998770       0.0014000000000000
       0.0000043489998770       0.0014000000000000
       0.0000043499998770       0.0014000000000000
       0.0000043509998769       0.0014000000000000
       0.0000043519998769       0.0014000000000000
       0.0000043529998769       0.0014000000000000
       0.0000043539998769       0.0014000000000000
       0.0000043549998768       0.0014000000000000
       0.0000043559998768       0.0014000000000000
       0.0000043569998768       0.0014000000000000
       0.0000043579998767       0.0014000000000000
       0.0000043589998767       0.0013000000000000
       0.0000043599998767       0.0013000000000000
       0.0000043609998767       0.0012000000000000
       0.0000043619998766       0.0012000000000000
       0.0000043629998766       0.0012000000000000
       0.0000043639998766       0.0012000000000000
       0.0000043649998765       0.0012000000000000
       0.0000043659998765       0.0012000000000000
       0.0000043669998765       0.0012000000000000
       0.0000043679998765       0.0012000000000000
       0.0000043689998764       0.0012000000000000
       0.0000043699998764       0.0012000000000000
       0.0000043709998764       0.0012000000000000
       0.0000043719998764       0.0012000000000000
       0.0000043729998763       0.0012000000000000
       0.0000043739998763       0.0012000000000000
       0.0000043749998763       0.0011000000000000
       0.0000043759998762       0.0011000000000000
       0.0000043769998762       0.0011000000000000
       0.0000043779998762       0.0010000000000000
       0.0000043789998762       0.0010000000000000
       0.0000043799998761       0.0010000000000000
       0.0000043809998761       0.0010000000000000
       0.0000043819998761       0.0010000000000000
       0.0000043829998760       0.0010000000000000
       0.0000043839998760       0.0010000000000000
       0.0000043849998760       0.0010000000000000
       0.0000043859998760       0.0010000000000000
       0.0000043869998759       0.0010000000000000
