# data from ERIS/NIX/filter_Lp.txt
# manually processed and written by cleantrim.pro
       0.0000033419999055       0.0012000000000000
       0.0000033429999055       0.0012000000000000
       0.0000033439999054       0.0012000000000000
       0.0000033449999054       0.0012000000000000
       0.0000033459999054       0.0012000000000000
       0.0000033469999053       0.0012000000000000
       0.0000033479999053       0.0013000000000000
       0.0000033489999053       0.0013000000000000
       0.0000033499999053       0.0014000000000000
       0.0000033509999052       0.0015000000000000
       0.0000033519999052       0.0015000000000000
       0.0000033529999052       0.0015000000000000
       0.0000033539999051       0.0015000000000000
       0.0000033549999051       0.0015000000000000
       0.0000033559999051       0.0015000000000000
       0.0000033569999051       0.0015000000000000
       0.0000033579999050       0.0015000000000000
       0.0000033589999050       0.0015000000000000
       0.0000033599999050       0.0016000000000000
       0.0000033609999049       0.0016000000000000
       0.0000033619999049       0.0016000000000000
       0.0000033629999049       0.0017000000000000
       0.0000033639999049       0.0016000000000000
       0.0000033649999048       0.0016000000000000
       0.0000033659999048       0.0016000000000000
       0.0000033669999048       0.0017000000000000
       0.0000033679999047       0.0017000000000000
       0.0000033689999047       0.0017000000000000
       0.0000033699999047       0.0018000000000000
       0.0000033709999047       0.0018000000000000
       0.0000033719999046       0.0018000000000000
       0.0000033729999046       0.0018000000000000
       0.0000033739999046       0.0018000000000000
       0.0000033749999045       0.0019000000000000
       0.0000033759999045       0.0019000000000000
       0.0000033769999045       0.0018000000000000
       0.0000033779999045       0.0018000000000000
       0.0000033789999044       0.0017000000000000
       0.0000033799999044       0.0017000000000000
       0.0000033809999044       0.0017000000000000
       0.0000033819999044       0.0018000000000000
       0.0000033829999043       0.0019000000000000
       0.0000033839999043       0.0019000000000000
       0.0000033849999043       0.0019000000000000
       0.0000033859999042       0.0019000000000000
       0.0000033869999042       0.0020000000000000
       0.0000033879999042       0.0020000000000000
       0.0000033889999042       0.0021000000000000
       0.0000033899999041       0.0022000000000000
       0.0000033909999041       0.0023000000000000
       0.0000033919999041       0.0023000000000000
       0.0000033929999040       0.0024000000000000
       0.0000033939999040       0.0024000000000000
       0.0000033949999040       0.0025000000000000
       0.0000033959999040       0.0025000000000000
       0.0000033969999039       0.0026000000000000
       0.0000033979999039       0.0026000000000000
       0.0000033989999039       0.0026000000000000
       0.0000033999999038       0.0027000000000000
       0.0000034009999038       0.0027000000000000
       0.0000034019999038       0.0027000000000000
       0.0000034029999038       0.0027000000000000
       0.0000034039999037       0.0027000000000000
       0.0000034049999037       0.0027000000000000
       0.0000034059999037       0.0028000000000000
       0.0000034069999036       0.0029000000000000
       0.0000034079999036       0.0030000000000000
       0.0000034089999036       0.0031000000000000
       0.0000034099999036       0.0032000000000000
       0.0000034109999035       0.0033000000000000
       0.0000034119999035       0.0033000000000000
       0.0000034129999035       0.0034000000000000
       0.0000034139999034       0.0034000000000000
       0.0000034149999034       0.0035000000000000
       0.0000034159999034       0.0036000000000000
       0.0000034169999034       0.0037000000000000
       0.0000034179999033       0.0038000000000000
       0.0000034189999033       0.0038000000000000
       0.0000034199999033       0.0038000000000000
       0.0000034209999032       0.0039000000000000
       0.0000034219999032       0.0040000000000000
       0.0000034229999032       0.0041000000000000
       0.0000034239999032       0.0042000000000000
       0.0000034249999031       0.0044000000000000
       0.0000034259999031       0.0045000000000000
       0.0000034269999031       0.0046000000000000
       0.0000034279999030       0.0048000000000000
       0.0000034289999030       0.0049000000000000
       0.0000034299999030       0.0051000000000000
       0.0000034309999030       0.0052000000000000
       0.0000034319999029       0.0054000000000000
       0.0000034329999029       0.0056000000000000
       0.0000034339999029       0.0058000000000000
       0.0000034349999029       0.0061000000000000
       0.0000034359999028       0.0064000000000000
       0.0000034369999028       0.0067000000000000
       0.0000034379999028       0.0070000000000000
       0.0000034389999027       0.0072000000000000
       0.0000034399999027       0.0075000000000000
       0.0000034409999027       0.0078000000000000
       0.0000034419999027       0.0082000000000000
       0.0000034429999026       0.0086000000000000
       0.0000034439999026       0.0091000000000000
       0.0000034449999026       0.0097000000000000
       0.0000034459999025       0.0103000000000000
       0.0000034469999025       0.0109000000000000
       0.0000034479999025       0.0117000000000000
       0.0000034489999025       0.0124000000000000
       0.0000034499999024       0.0133000000000000
       0.0000034509999024       0.0142000000000000
       0.0000034519999024       0.0151000000000000
       0.0000034529999023       0.0162000000000000
       0.0000034539999023       0.0175000000000000
       0.0000034549999023       0.0188000000000000
       0.0000034559999023       0.0203000000000000
       0.0000034569999022       0.0220000000000000
       0.0000034579999022       0.0239000000000000
       0.0000034589999022       0.0259000000000000
       0.0000034599999021       0.0283000000000000
       0.0000034609999021       0.0309000000000000
       0.0000034619999021       0.0338000000000000
       0.0000034629999021       0.0370000000000000
       0.0000034639999020       0.0406000000000000
       0.0000034649999020       0.0447000000000000
       0.0000034659999020       0.0492000000000000
       0.0000034669999019       0.0543000000000000
       0.0000034679999019       0.0600000000000000
       0.0000034689999019       0.0664000000000000
       0.0000034699999019       0.0735000000000000
       0.0000034709999018       0.0816000000000000
       0.0000034719999018       0.0906000000000000
       0.0000034729999018       0.1006000000000000
       0.0000034739999017       0.1117000000000000
       0.0000034749999017       0.1239000000000000
       0.0000034759999017       0.1375000000000000
       0.0000034769999017       0.1523000000000000
       0.0000034779999016       0.1684000000000000
       0.0000034789999016       0.1859000000000000
       0.0000034799999016       0.2047000000000000
       0.0000034809999016       0.2246000000000000
       0.0000034819999015       0.2456000000000000
       0.0000034829999015       0.2674000000000000
       0.0000034839999015       0.2898000000000000
       0.0000034849999014       0.3125000000000000
       0.0000034859999014       0.3353000000000000
       0.0000034869999014       0.3577000000000000
       0.0000034879999014       0.3794000000000000
       0.0000034889999013       0.4000000000000000
       0.0000034899999013       0.4194000000000000
       0.0000034909999013       0.4373000000000000
       0.0000034919999012       0.4536000000000000
       0.0000034929999012       0.4681000000000000
       0.0000034939999012       0.4810000000000000
       0.0000034949999012       0.4921000000000000
       0.0000034959999011       0.5016000000000000
       0.0000034969999011       0.5097000000000000
       0.0000034979999011       0.5165999999999999
       0.0000034989999010       0.5223000000000000
       0.0000034999999010       0.5271000000000000
       0.0000035009999010       0.5312000000000000
       0.0000035019999010       0.5347000000000000
       0.0000035029999009       0.5377000000000000
       0.0000035039999009       0.5404000000000000
       0.0000035049999009       0.5429000000000000
       0.0000035059999008       0.5454000000000000
       0.0000035069999008       0.5478000000000000
       0.0000035079999008       0.5502000000000000
       0.0000035089999008       0.5528000000000000
       0.0000035099999007       0.5556000000000000
       0.0000035109999007       0.5585000000000000
       0.0000035119999007       0.5616000000000000
       0.0000035129999006       0.5649999999999999
       0.0000035139999006       0.5685000000000000
       0.0000035149999006       0.5723000000000000
       0.0000035159999006       0.5763000000000000
       0.0000035169999005       0.5806000000000000
       0.0000035179999005       0.5851000000000000
       0.0000035189999005       0.5899000000000000
       0.0000035199999004       0.5948000000000000
       0.0000035209999004       0.5998000000000000
       0.0000035219999004       0.6050000000000000
       0.0000035229999004       0.6103000000000000
       0.0000035239999003       0.6157000000000000
       0.0000035249999003       0.6212000000000000
       0.0000035259999003       0.6269000000000000
       0.0000035269999002       0.6325000000000000
       0.0000035279999002       0.6382000000000000
       0.0000035289999002       0.6439000000000000
       0.0000035299999002       0.6496000000000000
       0.0000035309999001       0.6552000000000000
       0.0000035319999001       0.6608000000000001
       0.0000035329999001       0.6663000000000000
       0.0000035339999001       0.6717000000000000
       0.0000035349999000       0.6770000000000000
       0.0000035359999000       0.6822000000000000
       0.0000035369999000       0.6872000000000000
       0.0000035379998999       0.6921000000000000
       0.0000035389998999       0.6967000000000000
       0.0000035399998999       0.7010999999999999
       0.0000035409998999       0.7054000000000000
       0.0000035419998998       0.7094000000000000
       0.0000035429998998       0.7131999999999999
       0.0000035439998998       0.7168000000000000
       0.0000035449998997       0.7203000000000001
       0.0000035459998997       0.7235000000000000
       0.0000035469998997       0.7265000000000000
       0.0000035479998997       0.7292999999999999
       0.0000035489998996       0.7319000000000000
       0.0000035499998996       0.7342000000000000
       0.0000035509998996       0.7364000000000001
       0.0000035519998995       0.7383000000000000
       0.0000035529998995       0.7401000000000000
       0.0000035539998995       0.7417000000000000
       0.0000035549998995       0.7432000000000000
       0.0000035559998994       0.7445000000000001
       0.0000035569998994       0.7457000000000000
       0.0000035579998994       0.7468000000000000
       0.0000035589998993       0.7477000000000000
       0.0000035599998993       0.7484000000000000
       0.0000035609998993       0.7491000000000000
       0.0000035619998993       0.7497000000000000
       0.0000035629998992       0.7502000000000000
       0.0000035639998992       0.7506000000000000
       0.0000035649998992       0.7510000000000000
       0.0000035659998991       0.7513000000000000
       0.0000035669998991       0.7514999999999999
       0.0000035679998991       0.7516000000000000
       0.0000035689998991       0.7516000000000000
       0.0000035699998990       0.7516000000000000
       0.0000035709998990       0.7517000000000000
       0.0000035719998990       0.7517000000000000
       0.0000035729998989       0.7517000000000000
       0.0000035739998989       0.7517000000000000
       0.0000035749998989       0.7516000000000000
       0.0000035759998989       0.7516000000000000
       0.0000035769998988       0.7514999999999999
       0.0000035779998988       0.7514999999999999
       0.0000035789998988       0.7516000000000000
       0.0000035799998988       0.7517000000000000
       0.0000035809998987       0.7519000000000000
       0.0000035819998987       0.7521000000000000
       0.0000035829998987       0.7523000000000000
       0.0000035839998986       0.7524999999999999
       0.0000035849998986       0.7528000000000000
       0.0000035859998986       0.7532000000000000
       0.0000035869998986       0.7534999999999999
       0.0000035879998985       0.7539000000000000
       0.0000035889998985       0.7544000000000000
       0.0000035899998985       0.7549000000000000
       0.0000035909998984       0.7554000000000000
       0.0000035919998984       0.7561000000000000
       0.0000035929998984       0.7568000000000000
       0.0000035939998984       0.7576000000000001
       0.0000035949998983       0.7584000000000000
       0.0000035959998983       0.7593000000000000
       0.0000035969998983       0.7602000000000000
       0.0000035979998982       0.7612000000000000
       0.0000035989998982       0.7623000000000000
       0.0000035999998982       0.7634000000000000
       0.0000036009998982       0.7645999999999999
       0.0000036019998981       0.7658000000000000
       0.0000036029998981       0.7670000000000000
       0.0000036039998981       0.7683000000000000
       0.0000036049998980       0.7696000000000000
       0.0000036059998980       0.7711000000000000
       0.0000036069998980       0.7726000000000000
       0.0000036079998980       0.7741000000000000
       0.0000036089998979       0.7756999999999999
       0.0000036099998979       0.7773000000000000
       0.0000036109998979       0.7789000000000000
       0.0000036119998978       0.7806000000000000
       0.0000036129998978       0.7822000000000000
       0.0000036139998978       0.7839000000000000
       0.0000036149998978       0.7856000000000000
       0.0000036159998977       0.7873000000000000
       0.0000036169998977       0.7891000000000000
       0.0000036179998977       0.7907999999999999
       0.0000036189998976       0.7926000000000000
       0.0000036199998976       0.7944000000000000
       0.0000036209998976       0.7962000000000000
       0.0000036219998976       0.7980000000000000
       0.0000036229998975       0.7998000000000000
       0.0000036239998975       0.8015000000000000
       0.0000036249998975       0.8032000000000000
       0.0000036259998974       0.8048999999999999
       0.0000036269998974       0.8065000000000000
       0.0000036279998974       0.8081000000000000
       0.0000036289998974       0.8097000000000000
       0.0000036299998973       0.8112000000000000
       0.0000036309998973       0.8127000000000000
       0.0000036319998973       0.8142000000000000
       0.0000036329998973       0.8155000000000000
       0.0000036339998972       0.8168000000000000
       0.0000036349998972       0.8181000000000000
       0.0000036359998972       0.8192000000000000
       0.0000036369998971       0.8202000000000000
       0.0000036379998971       0.8212000000000000
       0.0000036389998971       0.8221000000000001
       0.0000036399998971       0.8230000000000000
       0.0000036409998970       0.8238000000000000
       0.0000036419998970       0.8246000000000000
       0.0000036429998970       0.8253000000000000
       0.0000036439998969       0.8259000000000000
       0.0000036449998969       0.8264000000000000
       0.0000036459998969       0.8269000000000000
       0.0000036469998969       0.8272000000000000
       0.0000036479998968       0.8275000000000000
       0.0000036489998968       0.8277000000000000
       0.0000036499998968       0.8278000000000000
       0.0000036509998967       0.8278000000000000
       0.0000036519998967       0.8278000000000000
       0.0000036529998967       0.8277000000000000
       0.0000036539998967       0.8275000000000000
       0.0000036549998966       0.8273000000000000
       0.0000036559998966       0.8270000000000000
       0.0000036569998966       0.8266000000000000
       0.0000036579998965       0.8262000000000000
       0.0000036589998965       0.8258000000000000
       0.0000036599998965       0.8253000000000000
       0.0000036609998965       0.8248000000000000
       0.0000036619998964       0.8243000000000000
       0.0000036629998964       0.8237000000000000
       0.0000036639998964       0.8231000000000001
       0.0000036649998963       0.8224000000000000
       0.0000036659998963       0.8217000000000000
       0.0000036669998963       0.8209000000000000
       0.0000036679998963       0.8202000000000000
       0.0000036689998962       0.8194000000000000
       0.0000036699998962       0.8187000000000000
       0.0000036709998962       0.8179999999999999
       0.0000036719998961       0.8173000000000000
       0.0000036729998961       0.8166000000000000
       0.0000036739998961       0.8158000000000000
       0.0000036749998961       0.8151000000000000
       0.0000036759998960       0.8144000000000000
       0.0000036769998960       0.8137000000000000
       0.0000036779998960       0.8129999999999999
       0.0000036789998960       0.8123000000000000
       0.0000036799998959       0.8117000000000000
       0.0000036809998959       0.8111000000000000
       0.0000036819998959       0.8106000000000000
       0.0000036829998958       0.8102000000000000
       0.0000036839998958       0.8098000000000000
       0.0000036849998958       0.8094000000000000
       0.0000036859998958       0.8090000000000001
       0.0000036869998957       0.8087000000000000
       0.0000036879998957       0.8084000000000000
       0.0000036889998957       0.8082000000000000
       0.0000036899998956       0.8080000000000001
       0.0000036909998956       0.8080000000000001
       0.0000036919998956       0.8079000000000000
       0.0000036929998956       0.8079000000000000
       0.0000036939998955       0.8079000000000000
       0.0000036949998955       0.8080000000000001
       0.0000036959998955       0.8081000000000000
       0.0000036969998954       0.8083000000000000
       0.0000036979998954       0.8085000000000000
       0.0000036989998954       0.8089000000000000
       0.0000036999998954       0.8092000000000000
       0.0000037009998953       0.8097000000000000
       0.0000037019998953       0.8101000000000000
       0.0000037029998953       0.8105000000000000
       0.0000037039998952       0.8110000000000001
       0.0000037049998952       0.8116000000000000
       0.0000037059998952       0.8122000000000000
       0.0000037069998952       0.8128000000000000
       0.0000037079998951       0.8135000000000000
       0.0000037089998951       0.8142000000000000
       0.0000037099998951       0.8149000000000000
       0.0000037109998950       0.8156000000000000
       0.0000037119998950       0.8164000000000000
       0.0000037129998950       0.8172000000000000
       0.0000037139998950       0.8179999999999999
       0.0000037149998949       0.8188000000000000
       0.0000037159998949       0.8197000000000000
       0.0000037169998949       0.8205000000000000
       0.0000037179998948       0.8214000000000000
       0.0000037189998948       0.8223000000000000
       0.0000037199998948       0.8232000000000000
       0.0000037209998948       0.8241000000000001
       0.0000037219998947       0.8250000000000000
       0.0000037229998947       0.8259000000000000
       0.0000037239998947       0.8269000000000000
       0.0000037249998946       0.8278000000000000
       0.0000037259998946       0.8287000000000000
       0.0000037269998946       0.8297000000000000
       0.0000037279998946       0.8306000000000000
       0.0000037289998945       0.8314000000000000
       0.0000037299998945       0.8323000000000000
       0.0000037309998945       0.8331000000000000
       0.0000037319998945       0.8338000000000000
       0.0000037329998944       0.8345000000000000
       0.0000037339998944       0.8352000000000001
       0.0000037349998944       0.8359000000000000
       0.0000037359998943       0.8366000000000000
       0.0000037369998943       0.8373000000000000
       0.0000037379998943       0.8380000000000000
       0.0000037389998943       0.8386000000000000
       0.0000037399998942       0.8391999999999999
       0.0000037409998942       0.8399000000000000
       0.0000037419998942       0.8404000000000000
       0.0000037429998941       0.8410000000000000
       0.0000037439998941       0.8415000000000000
       0.0000037449998941       0.8420000000000000
       0.0000037459998941       0.8424000000000000
       0.0000037469998940       0.8429000000000000
       0.0000037479998940       0.8433000000000000
       0.0000037489998940       0.8437000000000000
       0.0000037499998939       0.8440000000000000
       0.0000037509998939       0.8443000000000001
       0.0000037519998939       0.8446000000000000
       0.0000037529998939       0.8448000000000000
       0.0000037539998938       0.8451000000000000
       0.0000037549998938       0.8453000000000001
       0.0000037559998938       0.8456000000000000
       0.0000037569998937       0.8458000000000000
       0.0000037579998937       0.8460000000000000
       0.0000037589998937       0.8461000000000000
       0.0000037599998937       0.8463000000000001
       0.0000037609998936       0.8464000000000000
       0.0000037619998936       0.8465000000000000
       0.0000037629998936       0.8466000000000000
       0.0000037639998935       0.8467000000000000
       0.0000037649998935       0.8468000000000000
       0.0000037659998935       0.8469000000000000
       0.0000037669998935       0.8471000000000000
       0.0000037679998934       0.8472000000000000
       0.0000037689998934       0.8473000000000001
       0.0000037699998934       0.8475000000000000
       0.0000037709998933       0.8476000000000000
       0.0000037719998933       0.8477000000000000
       0.0000037729998933       0.8478000000000000
       0.0000037739998933       0.8478000000000000
       0.0000037749998932       0.8479000000000000
       0.0000037759998932       0.8480000000000000
       0.0000037769998932       0.8481000000000000
       0.0000037779998932       0.8482000000000000
       0.0000037789998931       0.8484000000000000
       0.0000037799998931       0.8485000000000000
       0.0000037809998931       0.8486000000000000
       0.0000037819998930       0.8487000000000000
       0.0000037829998930       0.8489000000000000
       0.0000037839998930       0.8490000000000000
       0.0000037849998930       0.8492000000000000
       0.0000037859998929       0.8494000000000000
       0.0000037869998929       0.8496000000000000
       0.0000037879998929       0.8498000000000000
       0.0000037889998928       0.8500000000000000
       0.0000037899998928       0.8502000000000000
       0.0000037909998928       0.8504000000000000
       0.0000037919998928       0.8506000000000000
       0.0000037929998927       0.8509000000000000
       0.0000037939998927       0.8512000000000000
       0.0000037949998927       0.8515000000000000
       0.0000037959998926       0.8518000000000000
       0.0000037969998926       0.8521000000000000
       0.0000037979998926       0.8522999999999999
       0.0000037989998926       0.8526000000000000
       0.0000037999998925       0.8528000000000000
       0.0000038009998925       0.8530000000000000
       0.0000038019998925       0.8532999999999999
       0.0000038029998924       0.8536000000000000
       0.0000038039998924       0.8539000000000000
       0.0000038049998924       0.8542000000000000
       0.0000038059998924       0.8545000000000000
       0.0000038069998923       0.8547000000000000
       0.0000038079998923       0.8549000000000000
       0.0000038089998923       0.8551000000000000
       0.0000038099998922       0.8552999999999999
       0.0000038109998922       0.8555000000000000
       0.0000038119998922       0.8558000000000000
       0.0000038129998922       0.8560000000000000
       0.0000038139998921       0.8563000000000000
       0.0000038149998921       0.8566000000000000
       0.0000038159998921       0.8568000000000000
       0.0000038169998920       0.8570000000000000
       0.0000038179998920       0.8572000000000000
       0.0000038189998920       0.8574000000000001
       0.0000038199998920       0.8576000000000000
       0.0000038209998919       0.8577000000000000
       0.0000038219998919       0.8579000000000000
       0.0000038229998919       0.8580000000000000
       0.0000038239998918       0.8580000000000000
       0.0000038249998918       0.8581000000000000
       0.0000038259998918       0.8581000000000000
       0.0000038269998918       0.8582000000000000
       0.0000038279998917       0.8582000000000000
       0.0000038289998917       0.8583000000000000
       0.0000038299998917       0.8584000000000001
       0.0000038309998917       0.8585000000000000
       0.0000038319998916       0.8585000000000000
       0.0000038329998916       0.8586000000000000
       0.0000038339998916       0.8586000000000000
       0.0000038349998915       0.8586000000000000
       0.0000038359998915       0.8587000000000000
       0.0000038369998915       0.8587000000000000
       0.0000038379998915       0.8586000000000000
       0.0000038389998914       0.8586000000000000
       0.0000038399998914       0.8585000000000000
       0.0000038409998914       0.8584000000000001
       0.0000038419998913       0.8582000000000000
       0.0000038429998913       0.8581000000000000
       0.0000038439998913       0.8581000000000000
       0.0000038449998913       0.8580000000000000
       0.0000038459998912       0.8579000000000000
       0.0000038469998912       0.8578000000000000
       0.0000038479998912       0.8577000000000000
       0.0000038489998911       0.8577000000000000
       0.0000038499998911       0.8577000000000000
       0.0000038509998911       0.8577000000000000
       0.0000038519998911       0.8577000000000000
       0.0000038529998910       0.8577000000000000
       0.0000038539998910       0.8577000000000000
       0.0000038549998910       0.8577000000000000
       0.0000038559998909       0.8576000000000000
       0.0000038569998909       0.8576000000000000
       0.0000038579998909       0.8575000000000000
       0.0000038589998909       0.8575000000000000
       0.0000038599998908       0.8575000000000000
       0.0000038609998908       0.8575000000000000
       0.0000038619998908       0.8575000000000000
       0.0000038629998907       0.8576000000000000
       0.0000038639998907       0.8577000000000000
       0.0000038649998907       0.8577000000000000
       0.0000038659998907       0.8578000000000000
       0.0000038669998906       0.8578000000000000
       0.0000038679998906       0.8579000000000000
       0.0000038689998906       0.8579000000000000
       0.0000038699998905       0.8579000000000000
       0.0000038709998905       0.8580000000000000
       0.0000038719998905       0.8580000000000000
       0.0000038729998905       0.8581000000000000
       0.0000038739998904       0.8583000000000000
       0.0000038749998904       0.8584000000000001
       0.0000038759998904       0.8586000000000000
       0.0000038769998904       0.8587000000000000
       0.0000038779998903       0.8588000000000000
       0.0000038789998903       0.8589000000000000
       0.0000038799998903       0.8590000000000000
       0.0000038809998902       0.8591000000000000
       0.0000038819998902       0.8592000000000000
       0.0000038829998902       0.8593000000000000
       0.0000038839998902       0.8595000000000000
       0.0000038849998901       0.8597000000000000
       0.0000038859998901       0.8599000000000000
       0.0000038869998901       0.8601000000000000
       0.0000038879998900       0.8603000000000000
       0.0000038889998900       0.8605000000000000
       0.0000038899998900       0.8606000000000000
       0.0000038909998900       0.8607000000000000
       0.0000038919998899       0.8608000000000000
       0.0000038929998899       0.8609000000000000
       0.0000038939998899       0.8609000000000000
       0.0000038949998898       0.8610000000000000
       0.0000038959998898       0.8611000000000000
       0.0000038969998898       0.8612000000000000
       0.0000038979998898       0.8613000000000000
       0.0000038989998897       0.8614000000000001
       0.0000038999998897       0.8615000000000000
       0.0000039009998897       0.8616000000000000
       0.0000039019998896       0.8617000000000000
       0.0000039029998896       0.8617000000000000
       0.0000039039998896       0.8618000000000000
       0.0000039049998896       0.8617000000000000
       0.0000039059998895       0.8617000000000000
       0.0000039069998895       0.8617000000000000
       0.0000039079998895       0.8617000000000000
       0.0000039089998894       0.8617000000000000
       0.0000039099998894       0.8617000000000000
       0.0000039109998894       0.8617000000000000
       0.0000039119998894       0.8616000000000000
       0.0000039129998893       0.8615000000000000
       0.0000039139998893       0.8613000000000000
       0.0000039149998893       0.8612000000000000
       0.0000039159998892       0.8611000000000000
       0.0000039169998892       0.8609000000000000
       0.0000039179998892       0.8607000000000000
       0.0000039189998892       0.8606000000000000
       0.0000039199998891       0.8604000000000001
       0.0000039209998891       0.8602000000000000
       0.0000039219998891       0.8600000000000000
       0.0000039229998890       0.8598000000000000
       0.0000039239998890       0.8596000000000000
       0.0000039249998890       0.8594000000000001
       0.0000039259998890       0.8592000000000000
       0.0000039269998889       0.8589000000000000
       0.0000039279998889       0.8587000000000000
       0.0000039289998889       0.8584000000000001
       0.0000039299998889       0.8582000000000000
       0.0000039309998888       0.8579000000000000
       0.0000039319998888       0.8576000000000000
       0.0000039329998888       0.8574000000000001
       0.0000039339998887       0.8571000000000000
       0.0000039349998887       0.8568000000000000
       0.0000039359998887       0.8566000000000000
       0.0000039369998887       0.8563000000000000
       0.0000039379998886       0.8560000000000000
       0.0000039389998886       0.8558000000000000
       0.0000039399998886       0.8555000000000000
       0.0000039409998885       0.8552000000000000
       0.0000039419998885       0.8549000000000000
       0.0000039429998885       0.8547000000000000
       0.0000039439998885       0.8544000000000000
       0.0000039449998884       0.8542000000000000
       0.0000039459998884       0.8540000000000000
       0.0000039469998884       0.8538000000000000
       0.0000039479998883       0.8535000000000000
       0.0000039489998883       0.8532999999999999
       0.0000039499998883       0.8530000000000000
       0.0000039509998883       0.8526000000000000
       0.0000039519998882       0.8522999999999999
       0.0000039529998882       0.8520000000000000
       0.0000039539998882       0.8516000000000000
       0.0000039549998881       0.8512999999999999
       0.0000039559998881       0.8511000000000000
       0.0000039569998881       0.8508000000000000
       0.0000039579998881       0.8506000000000000
       0.0000039589998880       0.8504000000000000
       0.0000039599998880       0.8502000000000000
       0.0000039609998880       0.8500000000000000
       0.0000039619998879       0.8498000000000000
       0.0000039629998879       0.8496000000000000
       0.0000039639998879       0.8493000000000001
       0.0000039649998879       0.8491000000000000
       0.0000039659998878       0.8489000000000000
       0.0000039669998878       0.8487000000000000
       0.0000039679998878       0.8485000000000000
       0.0000039689998877       0.8483000000000001
       0.0000039699998877       0.8480000000000000
       0.0000039709998877       0.8478000000000000
       0.0000039719998877       0.8476000000000000
       0.0000039729998876       0.8473000000000001
       0.0000039739998876       0.8470000000000000
       0.0000039749998876       0.8467000000000000
       0.0000039759998876       0.8464000000000000
       0.0000039769998875       0.8461000000000000
       0.0000039779998875       0.8459000000000000
       0.0000039789998875       0.8456000000000000
       0.0000039799998874       0.8453000000000001
       0.0000039809998874       0.8451000000000000
       0.0000039819998874       0.8447000000000000
       0.0000039829998874       0.8444000000000000
       0.0000039839998873       0.8441000000000000
       0.0000039849998873       0.8437000000000000
       0.0000039859998873       0.8434000000000000
       0.0000039869998872       0.8431000000000000
       0.0000039879998872       0.8428000000000000
       0.0000039889998872       0.8425000000000000
       0.0000039899998872       0.8421999999999999
       0.0000039909998871       0.8419000000000000
       0.0000039919998871       0.8416000000000000
       0.0000039929998871       0.8413000000000000
       0.0000039939998870       0.8409000000000000
       0.0000039949998870       0.8405000000000000
       0.0000039959998870       0.8401999999999999
       0.0000039969998870       0.8398000000000000
       0.0000039979998869       0.8393000000000000
       0.0000039989998869       0.8389000000000000
       0.0000039999998869       0.8384000000000000
       0.0000040009998868       0.8379000000000000
       0.0000040019998868       0.8375000000000000
       0.0000040029998868       0.8370000000000000
       0.0000040039998868       0.8365000000000000
       0.0000040049998867       0.8360000000000000
       0.0000040059998867       0.8355000000000000
       0.0000040069998867       0.8350000000000000
       0.0000040079998866       0.8344000000000000
       0.0000040089998866       0.8338000000000000
       0.0000040099998866       0.8331000000000000
       0.0000040109998866       0.8325000000000000
       0.0000040119998865       0.8318000000000000
       0.0000040129998865       0.8310000000000000
       0.0000040139998865       0.8302000000000000
       0.0000040149998864       0.8294000000000000
       0.0000040159998864       0.8285000000000000
       0.0000040169998864       0.8275000000000000
       0.0000040179998864       0.8265000000000000
       0.0000040189998863       0.8254000000000000
       0.0000040199998863       0.8242000000000000
       0.0000040209998863       0.8229000000000000
       0.0000040219998863       0.8215000000000000
       0.0000040229998862       0.8201000000000001
       0.0000040239998862       0.8185000000000000
       0.0000040249998862       0.8169000000000000
       0.0000040259998861       0.8151000000000000
       0.0000040269998861       0.8133000000000000
       0.0000040279998861       0.8113000000000000
       0.0000040289998861       0.8092000000000000
       0.0000040299998860       0.8070000000000001
       0.0000040309998860       0.8045000000000000
       0.0000040319998860       0.8018999999999999
       0.0000040329998859       0.7990000000000000
       0.0000040339998859       0.7960000000000000
       0.0000040349998859       0.7927999999999999
       0.0000040359998859       0.7894000000000000
       0.0000040369998858       0.7858000000000001
       0.0000040379998858       0.7819000000000000
       0.0000040389998858       0.7779000000000000
       0.0000040399998857       0.7736000000000000
       0.0000040409998857       0.7691000000000000
       0.0000040419998857       0.7644000000000000
       0.0000040429998857       0.7595000000000000
       0.0000040439998856       0.7543000000000000
       0.0000040449998856       0.7490000000000000
       0.0000040459998856       0.7433999999999999
       0.0000040469998855       0.7376000000000000
       0.0000040479998855       0.7315000000000000
       0.0000040489998855       0.7252000000000000
       0.0000040499998855       0.7187000000000000
       0.0000040509998854       0.7120000000000000
       0.0000040519998854       0.7050999999999999
       0.0000040529998854       0.6979000000000000
       0.0000040539998853       0.6906000000000000
       0.0000040549998853       0.6830000000000001
       0.0000040559998853       0.6753000000000000
       0.0000040569998853       0.6674000000000000
       0.0000040579998852       0.6593000000000000
       0.0000040589998852       0.6512000000000000
       0.0000040599998852       0.6429000000000000
       0.0000040609998851       0.6345000000000000
       0.0000040619998851       0.6261000000000000
       0.0000040629998851       0.6175000000000000
       0.0000040639998851       0.6089000000000000
       0.0000040649998850       0.6002000000000000
       0.0000040659998850       0.5915000000000000
       0.0000040669998850       0.5828000000000000
       0.0000040679998849       0.5742000000000000
       0.0000040689998849       0.5655000000000000
       0.0000040699998849       0.5569000000000000
       0.0000040709998849       0.5484000000000000
       0.0000040719998848       0.5399000000000000
       0.0000040729998848       0.5314000000000000
       0.0000040739998848       0.5231000000000000
       0.0000040749998848       0.5148000000000000
       0.0000040759998847       0.5067000000000000
       0.0000040769998847       0.4987000000000000
       0.0000040779998847       0.4909000000000000
       0.0000040789998846       0.4833000000000000
       0.0000040799998846       0.4758000000000000
       0.0000040809998846       0.4685000000000000
       0.0000040819998846       0.4613000000000000
       0.0000040829998845       0.4543000000000000
       0.0000040839998845       0.4474000000000000
       0.0000040849998845       0.4407000000000000
       0.0000040859998844       0.4343000000000000
       0.0000040869998844       0.4280000000000000
       0.0000040879998844       0.4219000000000000
       0.0000040889998844       0.4161000000000000
       0.0000040899998843       0.4105000000000000
       0.0000040909998843       0.4051000000000000
       0.0000040919998843       0.3999000000000000
       0.0000040929998842       0.3949000000000000
       0.0000040939998842       0.3901000000000000
       0.0000040949998842       0.3856000000000000
       0.0000040959998842       0.3812000000000000
       0.0000040969998841       0.3770000000000000
       0.0000040979998841       0.3730000000000000
       0.0000040989998841       0.3692000000000000
       0.0000040999998840       0.3656000000000000
       0.0000041009998840       0.3622000000000000
       0.0000041019998840       0.3589000000000000
       0.0000041029998840       0.3559000000000000
       0.0000041039998839       0.3530000000000000
       0.0000041049998839       0.3502000000000000
       0.0000041059998839       0.3476000000000000
       0.0000041069998838       0.3452000000000000
       0.0000041079998838       0.3428000000000000
       0.0000041089998838       0.3406000000000000
       0.0000041099998838       0.3384000000000000
       0.0000041109998837       0.3363000000000000
       0.0000041119998837       0.3343000000000000
       0.0000041129998837       0.3322000000000000
       0.0000041139998836       0.3301000000000000
       0.0000041149998836       0.3280000000000000
       0.0000041159998836       0.3258000000000000
       0.0000041169998836       0.3235000000000000
       0.0000041179998835       0.3211000000000000
       0.0000041189998835       0.3185000000000000
       0.0000041199998835       0.3156000000000000
       0.0000041209998835       0.3126000000000000
       0.0000041219998834       0.3092000000000000
       0.0000041229998834       0.3055000000000000
       0.0000041239998834       0.3014000000000000
       0.0000041249998833       0.2969000000000000
       0.0000041259998833       0.2919000000000000
       0.0000041269998833       0.2865000000000000
       0.0000041279998833       0.2806000000000000
       0.0000041289998832       0.2742000000000000
       0.0000041299998832       0.2674000000000000
       0.0000041309998832       0.2600000000000000
       0.0000041319998831       0.2523000000000000
       0.0000041329998831       0.2441000000000000
       0.0000041339998831       0.2355000000000000
       0.0000041349998831       0.2267000000000000
       0.0000041359998830       0.2176000000000000
       0.0000041369998830       0.2082000000000000
       0.0000041379998830       0.1988000000000000
       0.0000041389998829       0.1893000000000000
       0.0000041399998829       0.1798000000000000
       0.0000041409998829       0.1704000000000000
       0.0000041419998829       0.1611000000000000
       0.0000041429998828       0.1520000000000000
       0.0000041439998828       0.1431000000000000
       0.0000041449998828       0.1345000000000000
       0.0000041459998827       0.1262000000000000
       0.0000041469998827       0.1183000000000000
       0.0000041479998827       0.1107000000000000
       0.0000041489998827       0.1035000000000000
       0.0000041499998826       0.0967000000000000
       0.0000041509998826       0.0903000000000000
       0.0000041519998826       0.0843000000000000
       0.0000041529998825       0.0786000000000000
       0.0000041539998825       0.0733000000000000
       0.0000041549998825       0.0684000000000000
       0.0000041559998825       0.0638000000000000
       0.0000041569998824       0.0596000000000000
       0.0000041579998824       0.0556000000000000
       0.0000041589998824       0.0520000000000000
       0.0000041599998823       0.0485000000000000
       0.0000041609998823       0.0454000000000000
       0.0000041619998823       0.0424000000000000
       0.0000041629998823       0.0397000000000000
       0.0000041639998822       0.0371000000000000
       0.0000041649998822       0.0348000000000000
       0.0000041659998822       0.0326000000000000
       0.0000041669998821       0.0306000000000000
       0.0000041679998821       0.0287000000000000
       0.0000041689998821       0.0270000000000000
       0.0000041699998821       0.0253000000000000
       0.0000041709998820       0.0239000000000000
       0.0000041719998820       0.0225000000000000
       0.0000041729998820       0.0212000000000000
       0.0000041739998820       0.0200000000000000
       0.0000041749998819       0.0189000000000000
       0.0000041759998819       0.0179000000000000
       0.0000041769998819       0.0170000000000000
       0.0000041779998818       0.0161000000000000
       0.0000041789998818       0.0153000000000000
       0.0000041799998818       0.0145000000000000
       0.0000041809998818       0.0138000000000000
       0.0000041819998817       0.0131000000000000
       0.0000041829998817       0.0125000000000000
       0.0000041839998817       0.0119000000000000
       0.0000041849998816       0.0113000000000000
       0.0000041859998816       0.0108000000000000
       0.0000041869998816       0.0103000000000000
       0.0000041879998816       0.0099000000000000
       0.0000041889998815       0.0096000000000000
       0.0000041899998815       0.0093000000000000
       0.0000041909998815       0.0090000000000000
       0.0000041919998814       0.0087000000000000
       0.0000041929998814       0.0085000000000000
       0.0000041939998814       0.0083000000000000
       0.0000041949998814       0.0081000000000000
       0.0000041959998813       0.0080000000000000
       0.0000041969998813       0.0079000000000000
       0.0000041979998813       0.0078000000000000
       0.0000041989998812       0.0077000000000000
       0.0000041999998812       0.0077000000000000
       0.0000042009998812       0.0077000000000000
       0.0000042019998812       0.0077000000000000
       0.0000042029998811       0.0077000000000000
       0.0000042039998811       0.0077000000000000
       0.0000042049998811       0.0077000000000000
       0.0000042059998810       0.0077000000000000
       0.0000042069998810       0.0077000000000000
       0.0000042079998810       0.0077000000000000
       0.0000042089998810       0.0077000000000000
       0.0000042099998809       0.0078000000000000
       0.0000042109998809       0.0078000000000000
       0.0000042119998809       0.0079000000000000
       0.0000042129998808       0.0081000000000000
       0.0000042139998808       0.0082000000000000
       0.0000042149998808       0.0085000000000000
       0.0000042159998808       0.0088000000000000
       0.0000042169998807       0.0090000000000000
       0.0000042179998807       0.0094000000000000
       0.0000042189998807       0.0097000000000000
       0.0000042199998807       0.0100000000000000
       0.0000042209998806       0.0102000000000000
       0.0000042219998806       0.0105000000000000
       0.0000042229998806       0.0107000000000000
       0.0000042239998805       0.0109000000000000
       0.0000042249998805       0.0111000000000000
       0.0000042259998805       0.0112000000000000
       0.0000042269998805       0.0113000000000000
       0.0000042279998804       0.0113000000000000
       0.0000042289998804       0.0114000000000000
       0.0000042299998804       0.0114000000000000
       0.0000042309998803       0.0114000000000000
       0.0000042319998803       0.0113000000000000
       0.0000042329998803       0.0112000000000000
       0.0000042339998803       0.0111000000000000
       0.0000042349998802       0.0110000000000000
       0.0000042359998802       0.0108000000000000
       0.0000042369998802       0.0106000000000000
       0.0000042379998801       0.0103000000000000
       0.0000042389998801       0.0100000000000000
       0.0000042399998801       0.0097000000000000
       0.0000042409998801       0.0093000000000000
       0.0000042419998800       0.0089000000000000
       0.0000042429998800       0.0085000000000000
       0.0000042439998800       0.0081000000000000
       0.0000042449998799       0.0076000000000000
       0.0000042459998799       0.0072000000000000
       0.0000042469998799       0.0067000000000000
       0.0000042479998799       0.0062000000000000
       0.0000042489998798       0.0057000000000000
       0.0000042499998798       0.0052000000000000
       0.0000042509998798       0.0048000000000000
       0.0000042519998797       0.0044000000000000
       0.0000042529998797       0.0042000000000000
       0.0000042539998797       0.0040000000000000
       0.0000042549998797       0.0040000000000000
       0.0000042559998796       0.0040000000000000
       0.0000042569998796       0.0041000000000000
       0.0000042579998796       0.0043000000000000
       0.0000042589998795       0.0045000000000000
       0.0000042599998795       0.0048000000000000
       0.0000042609998795       0.0050000000000000
       0.0000042619998795       0.0052000000000000
       0.0000042629998794       0.0054000000000000
       0.0000042639998794       0.0055000000000000
       0.0000042649998794       0.0055000000000000
       0.0000042659998793       0.0055000000000000
       0.0000042669998793       0.0055000000000000
       0.0000042679998793       0.0055000000000000
       0.0000042689998793       0.0054000000000000
       0.0000042699998792       0.0054000000000000
       0.0000042709998792       0.0053000000000000
       0.0000042719998792       0.0052000000000000
       0.0000042729998792       0.0051000000000000
       0.0000042739998791       0.0050000000000000
       0.0000042749998791       0.0049000000000000
       0.0000042759998791       0.0047000000000000
       0.0000042769998790       0.0047000000000000
       0.0000042779998790       0.0046000000000000
       0.0000042789998790       0.0045000000000000
       0.0000042799998790       0.0045000000000000
       0.0000042809998789       0.0044000000000000
       0.0000042819998789       0.0044000000000000
       0.0000042829998789       0.0044000000000000
       0.0000042839998788       0.0043000000000000
       0.0000042849998788       0.0043000000000000
       0.0000042859998788       0.0043000000000000
       0.0000042869998788       0.0042000000000000
       0.0000042879998787       0.0042000000000000
       0.0000042889998787       0.0041000000000000
       0.0000042899998787       0.0040000000000000
       0.0000042909998786       0.0040000000000000
       0.0000042919998786       0.0039000000000000
       0.0000042929998786       0.0039000000000000
       0.0000042939998786       0.0038000000000000
       0.0000042949998785       0.0037000000000000
       0.0000042959998785       0.0037000000000000
       0.0000042969998785       0.0036000000000000
       0.0000042979998784       0.0035000000000000
       0.0000042989998784       0.0035000000000000
       0.0000042999998784       0.0034000000000000
       0.0000043009998784       0.0033000000000000
       0.0000043019998783       0.0033000000000000
       0.0000043029998783       0.0032000000000000
       0.0000043039998783       0.0031000000000000
       0.0000043049998782       0.0030000000000000
       0.0000043059998782       0.0029000000000000
       0.0000043069998782       0.0028000000000000
       0.0000043079998782       0.0027000000000000
       0.0000043089998781       0.0027000000000000
       0.0000043099998781       0.0026000000000000
       0.0000043109998781       0.0025000000000000
       0.0000043119998780       0.0024000000000000
       0.0000043129998780       0.0023000000000000
       0.0000043139998780       0.0022000000000000
       0.0000043149998780       0.0022000000000000
       0.0000043159998779       0.0021000000000000
       0.0000043169998779       0.0020000000000000
       0.0000043179998779       0.0019000000000000
       0.0000043189998779       0.0018000000000000
       0.0000043199998778       0.0017000000000000
       0.0000043209998778       0.0017000000000000
       0.0000043219998778       0.0016000000000000
       0.0000043229998777       0.0016000000000000
       0.0000043239998777       0.0015000000000000
