# data from ERIS/NIX/filter_H.txt
# manually processed and written by cleantrim.pro
       0.0000014229999598       0.0000000000000000
       0.0000014239999597       0.0000000000000000
       0.0000014249999597       0.0000000000000000
       0.0000014259999597       0.0000000000000000
       0.0000014269999596       0.0000000000000000
       0.0000014279999596       0.0000000000000000
       0.0000014289999596       0.0000000000000000
       0.0000014299999596       0.0000000000000000
       0.0000014309999595       0.0000000000000000
       0.0000014319999595       0.0000000000000000
       0.0000014329999595       0.0000000000000000
       0.0000014339999594       0.0000000000000000
       0.0000014349999594       0.0000000000000000
       0.0000014359999594       0.0000000000000000
       0.0000014369999594       0.0000000000000000
       0.0000014379999593       0.0000000000000000
       0.0000014389999593       0.0000000000000000
       0.0000014399999593       0.0000000000000000
       0.0000014409999592       0.0000000000000000
       0.0000014419999592       0.0000000000000000
       0.0000014429999592       0.0000000000000000
       0.0000014439999592       0.0000000000000000
       0.0000014449999591       0.0000000000000000
       0.0000014459999591       0.0000000000000000
       0.0000014469999591       0.0000000000000000
       0.0000014479999590       0.0000000000000000
       0.0000014489999590       0.0000000000000000
       0.0000014499999590       0.0000000000000000
       0.0000014509999590       0.0000000000000000
       0.0000014519999589       0.0001000000000000
       0.0000014529999589       0.0000000000000000
       0.0000014539999589       0.0000000000000000
       0.0000014549999588       0.0000000000000000
       0.0000014559999588       0.0000000000000000
       0.0000014569999588       0.0000000000000000
       0.0000014579999588       0.0000000000000000
       0.0000014589999587       0.0000000000000000
       0.0000014599999587       0.0001000000000000
       0.0000014609999587       0.0000000000000000
       0.0000014619999587       0.0000000000000000
       0.0000014629999586       0.0001000000000000
       0.0000014639999586       0.0000000000000000
       0.0000014649999586       0.0001000000000000
       0.0000014659999585       0.0000000000000000
       0.0000014669999585       0.0000000000000000
       0.0000014679999585       0.0001000000000000
       0.0000014689999585       0.0000000000000000
       0.0000014699999584       0.0001000000000000
       0.0000014709999584       0.0001000000000000
       0.0000014719999584       0.0001000000000000
       0.0000014729999583       0.0001000000000000
       0.0000014739999583       0.0002000000000000
       0.0000014749999583       0.0002000000000000
       0.0000014759999583       0.0003000000000000
       0.0000014769999582       0.0004000000000000
       0.0000014779999582       0.0005000000000000
       0.0000014789999582       0.0006000000000000
       0.0000014799999581       0.0009000000000000
       0.0000014809999581       0.0011000000000000
       0.0000014819999581       0.0014000000000000
       0.0000014829999581       0.0020000000000000
       0.0000014839999580       0.0028000000000000
       0.0000014849999580       0.0036000000000000
       0.0000014859999580       0.0052000000000000
       0.0000014869999579       0.0073000000000000
       0.0000014879999579       0.0102000000000000
       0.0000014889999579       0.0144000000000000
       0.0000014899999579       0.0205000000000000
       0.0000014909999578       0.0297000000000000
       0.0000014919999578       0.0431000000000000
       0.0000014929999578       0.0628000000000000
       0.0000014939999577       0.0909000000000000
       0.0000014949999577       0.1285000000000000
       0.0000014959999577       0.1797000000000000
       0.0000014969999577       0.2441000000000000
       0.0000014979999576       0.3204000000000000
       0.0000014989999576       0.4097000000000000
       0.0000014999999576       0.5022000000000000
       0.0000015009999575       0.5904000000000000
       0.0000015019999575       0.6738000000000000
       0.0000015029999575       0.7489000000000000
       0.0000015039999575       0.8107000000000000
       0.0000015049999574       0.8630000000000000
       0.0000015059999574       0.9036000000000000
       0.0000015069999574       0.9306000000000000
       0.0000015079999574       0.9482000000000000
       0.0000015089999573       0.9567000000000000
       0.0000015099999573       0.9583000000000000
       0.0000015109999573       0.9548000000000000
       0.0000015119999572       0.9483000000000000
       0.0000015129999572       0.9406000000000000
       0.0000015139999572       0.9337000000000000
       0.0000015149999572       0.9278000000000000
       0.0000015159999571       0.9236000000000000
       0.0000015169999571       0.9217000000000000
       0.0000015179999571       0.9222000000000000
       0.0000015189999570       0.9248000000000000
       0.0000015199999570       0.9285000000000000
       0.0000015209999570       0.9335000000000000
       0.0000015219999570       0.9389000000000000
       0.0000015229999569       0.9437000000000000
       0.0000015239999569       0.9485000000000000
       0.0000015249999569       0.9520999999999999
       0.0000015259999568       0.9539000000000000
       0.0000015269999568       0.9545000000000000
       0.0000015279999568       0.9538000000000000
       0.0000015289999568       0.9515000000000000
       0.0000015299999567       0.9482000000000000
       0.0000015309999567       0.9443000000000000
       0.0000015319999567       0.9399999999999999
       0.0000015329999566       0.9357000000000000
       0.0000015339999566       0.9321000000000000
       0.0000015349999566       0.9285000000000000
       0.0000015359999566       0.9263000000000000
       0.0000015369999565       0.9248000000000000
       0.0000015379999565       0.9242000000000000
       0.0000015389999565       0.9243000000000000
       0.0000015399999564       0.9256000000000000
       0.0000015409999564       0.9272000000000000
       0.0000015419999564       0.9295000000000000
       0.0000015429999564       0.9320000000000001
       0.0000015439999563       0.9346000000000000
       0.0000015449999563       0.9370000000000001
       0.0000015459999563       0.9389999999999999
       0.0000015469999562       0.9407000000000000
       0.0000015479999562       0.9418000000000000
       0.0000015489999562       0.9422000000000000
       0.0000015499999562       0.9423000000000000
       0.0000015509999561       0.9418000000000000
       0.0000015519999561       0.9406000000000000
       0.0000015529999561       0.9395000000000000
       0.0000015539999560       0.9383000000000000
       0.0000015549999560       0.9368000000000000
       0.0000015559999560       0.9357000000000000
       0.0000015569999560       0.9343000000000000
       0.0000015579999559       0.9339000000000000
       0.0000015589999559       0.9336000000000000
       0.0000015599999559       0.9338000000000000
       0.0000015609999559       0.9344000000000000
       0.0000015619999558       0.9354000000000000
       0.0000015629999558       0.9368000000000000
       0.0000015639999558       0.9386000000000000
       0.0000015649999557       0.9403000000000000
       0.0000015659999557       0.9424000000000000
       0.0000015669999557       0.9444000000000000
       0.0000015679999557       0.9461000000000001
       0.0000015689999556       0.9479000000000000
       0.0000015699999556       0.9494000000000000
       0.0000015709999556       0.9502000000000000
       0.0000015719999555       0.9510000000000000
       0.0000015729999555       0.9515000000000000
       0.0000015739999555       0.9515000000000000
       0.0000015749999555       0.9510999999999999
       0.0000015759999554       0.9507000000000000
       0.0000015769999554       0.9499000000000000
       0.0000015779999554       0.9491000000000001
       0.0000015789999553       0.9482000000000000
       0.0000015799999553       0.9474000000000000
       0.0000015809999553       0.9466000000000000
       0.0000015819999553       0.9461000000000001
       0.0000015829999552       0.9459000000000000
       0.0000015839999552       0.9456000000000000
       0.0000015849999552       0.9455000000000000
       0.0000015859999551       0.9460000000000000
       0.0000015869999551       0.9464000000000000
       0.0000015879999551       0.9468000000000000
       0.0000015889999551       0.9475000000000000
       0.0000015899999550       0.9481000000000001
       0.0000015909999550       0.9489000000000000
       0.0000015919999550       0.9494000000000000
       0.0000015929999549       0.9496000000000000
       0.0000015939999549       0.9498000000000000
       0.0000015949999549       0.9498000000000000
       0.0000015959999549       0.9495000000000000
       0.0000015969999548       0.9487000000000000
       0.0000015979999548       0.9477000000000000
       0.0000015989999548       0.9470000000000000
       0.0000015999999547       0.9455000000000000
       0.0000016009999547       0.9438000000000000
       0.0000016019999547       0.9423000000000000
       0.0000016029999547       0.9405000000000000
       0.0000016039999546       0.9389000000000000
       0.0000016049999546       0.9374000000000000
       0.0000016059999546       0.9359000000000000
       0.0000016069999546       0.9345000000000000
       0.0000016079999545       0.9336000000000000
       0.0000016089999545       0.9330000000000001
       0.0000016099999545       0.9324000000000000
       0.0000016109999544       0.9322000000000000
       0.0000016119999544       0.9324000000000000
       0.0000016129999544       0.9328000000000000
       0.0000016139999544       0.9336000000000000
       0.0000016149999543       0.9346000000000000
       0.0000016159999543       0.9357000000000000
       0.0000016169999543       0.9371000000000000
       0.0000016179999542       0.9387000000000000
       0.0000016189999542       0.9401000000000000
       0.0000016199999542       0.9417000000000000
       0.0000016209999542       0.9435000000000000
       0.0000016219999541       0.9451000000000001
       0.0000016229999541       0.9464000000000000
       0.0000016239999541       0.9479000000000000
       0.0000016249999540       0.9492000000000000
       0.0000016259999540       0.9503000000000000
       0.0000016269999540       0.9512000000000000
       0.0000016279999540       0.9522000000000000
       0.0000016289999539       0.9526000000000000
       0.0000016299999539       0.9532000000000000
       0.0000016309999539       0.9537000000000000
       0.0000016319999538       0.9540000000000000
       0.0000016329999538       0.9540999999999999
       0.0000016339999538       0.9544000000000000
       0.0000016349999538       0.9547000000000000
       0.0000016359999537       0.9549000000000000
       0.0000016369999537       0.9549000000000000
       0.0000016379999537       0.9552000000000000
       0.0000016389999536       0.9555000000000000
       0.0000016399999536       0.9560000000000000
       0.0000016409999536       0.9564000000000000
       0.0000016419999536       0.9567000000000000
       0.0000016429999535       0.9574000000000000
       0.0000016439999535       0.9581000000000000
       0.0000016449999535       0.9587000000000000
       0.0000016459999534       0.9594000000000000
       0.0000016469999534       0.9600000000000000
       0.0000016479999534       0.9608000000000000
       0.0000016489999534       0.9615000000000000
       0.0000016499999533       0.9622000000000001
       0.0000016509999533       0.9628000000000000
       0.0000016519999533       0.9634000000000000
       0.0000016529999532       0.9639000000000000
       0.0000016539999532       0.9644000000000000
       0.0000016549999532       0.9646000000000000
       0.0000016559999532       0.9647000000000000
       0.0000016569999531       0.9650000000000000
       0.0000016579999531       0.9651000000000000
       0.0000016589999531       0.9649000000000000
       0.0000016599999531       0.9648000000000000
       0.0000016609999530       0.9645000000000000
       0.0000016619999530       0.9643000000000000
       0.0000016629999530       0.9639000000000000
       0.0000016639999529       0.9635000000000000
       0.0000016649999529       0.9629000000000000
       0.0000016659999529       0.9624000000000000
       0.0000016669999529       0.9621000000000000
       0.0000016679999528       0.9614000000000000
       0.0000016689999528       0.9608000000000000
       0.0000016699999528       0.9605000000000000
       0.0000016709999527       0.9599000000000000
       0.0000016719999527       0.9594000000000000
       0.0000016729999527       0.9589000000000000
       0.0000016739999527       0.9586000000000000
       0.0000016749999526       0.9583000000000000
       0.0000016759999526       0.9582000000000001
       0.0000016769999526       0.9579000000000000
       0.0000016779999525       0.9574000000000000
       0.0000016789999525       0.9575000000000000
       0.0000016799999525       0.9575000000000000
       0.0000016809999525       0.9572000000000001
       0.0000016819999524       0.9572000000000001
       0.0000016829999524       0.9571000000000000
       0.0000016839999524       0.9570000000000000
       0.0000016849999523       0.9568000000000000
       0.0000016859999523       0.9568000000000000
       0.0000016869999523       0.9565000000000000
       0.0000016879999523       0.9562000000000000
       0.0000016889999522       0.9562000000000000
       0.0000016899999522       0.9557000000000000
       0.0000016909999522       0.9550999999999999
       0.0000016919999521       0.9547000000000000
       0.0000016929999521       0.9540999999999999
       0.0000016939999521       0.9534000000000000
       0.0000016949999521       0.9528000000000000
       0.0000016959999520       0.9520000000000000
       0.0000016969999520       0.9510999999999999
       0.0000016979999520       0.9503000000000000
       0.0000016989999519       0.9495000000000000
       0.0000016999999519       0.9486000000000000
       0.0000017009999519       0.9477000000000000
       0.0000017019999519       0.9471000000000001
       0.0000017029999518       0.9464000000000000
       0.0000017039999518       0.9456000000000000
       0.0000017049999518       0.9451000000000001
       0.0000017059999518       0.9446000000000000
       0.0000017069999517       0.9443000000000000
       0.0000017079999517       0.9441000000000001
       0.0000017089999517       0.9440000000000000
       0.0000017099999516       0.9438000000000000
       0.0000017109999516       0.9440000000000000
       0.0000017119999516       0.9443000000000000
       0.0000017129999516       0.9444000000000000
       0.0000017139999515       0.9447000000000000
       0.0000017149999515       0.9451000000000001
       0.0000017159999515       0.9456000000000000
       0.0000017169999514       0.9461000000000001
       0.0000017179999514       0.9465000000000000
       0.0000017189999514       0.9470000000000000
       0.0000017199999514       0.9473000000000000
       0.0000017209999513       0.9479000000000000
       0.0000017219999513       0.9481000000000001
       0.0000017229999513       0.9483000000000000
       0.0000017239999512       0.9489000000000000
       0.0000017249999512       0.9492000000000000
       0.0000017259999512       0.9494000000000000
       0.0000017269999512       0.9495000000000000
       0.0000017279999511       0.9498000000000000
       0.0000017289999511       0.9500000000000000
       0.0000017299999511       0.9500000000000000
       0.0000017309999510       0.9504000000000000
       0.0000017319999510       0.9504000000000000
       0.0000017329999510       0.9506000000000000
       0.0000017339999510       0.9510999999999999
       0.0000017349999509       0.9513000000000000
       0.0000017359999509       0.9516000000000000
       0.0000017369999509       0.9520000000000000
       0.0000017379999508       0.9526000000000000
       0.0000017389999508       0.9530999999999999
       0.0000017399999508       0.9535000000000000
       0.0000017409999508       0.9540999999999999
       0.0000017419999507       0.9545000000000000
       0.0000017429999507       0.9550999999999999
       0.0000017439999507       0.9557000000000000
       0.0000017449999506       0.9560000000000000
       0.0000017459999506       0.9563000000000000
       0.0000017469999506       0.9568000000000000
       0.0000017479999506       0.9570000000000000
       0.0000017489999505       0.9569000000000000
       0.0000017499999505       0.9571000000000000
       0.0000017509999505       0.9570000000000000
       0.0000017519999505       0.9569000000000000
       0.0000017529999504       0.9568000000000000
       0.0000017539999504       0.9564000000000000
       0.0000017549999504       0.9560999999999999
       0.0000017559999503       0.9558000000000000
       0.0000017569999503       0.9554000000000000
       0.0000017579999503       0.9549000000000000
       0.0000017589999503       0.9544000000000000
       0.0000017599999502       0.9543000000000000
       0.0000017609999502       0.9540000000000000
       0.0000017619999502       0.9537000000000000
       0.0000017629999501       0.9536000000000000
       0.0000017639999501       0.9533000000000000
       0.0000017649999501       0.9533000000000000
       0.0000017659999501       0.9534000000000000
       0.0000017669999500       0.9533000000000000
       0.0000017679999500       0.9530999999999999
       0.0000017689999500       0.9532000000000000
       0.0000017699999499       0.9533000000000000
       0.0000017709999499       0.9530000000000000
       0.0000017719999499       0.9529000000000000
       0.0000017729999499       0.9528000000000000
       0.0000017739999498       0.9524000000000000
       0.0000017749999498       0.9520000000000000
       0.0000017759999498       0.9514000000000000
       0.0000017769999497       0.9508000000000000
       0.0000017779999497       0.9500000000000000
       0.0000017789999497       0.9494000000000000
       0.0000017799999497       0.9485000000000000
       0.0000017809999496       0.9474000000000000
       0.0000017819999496       0.9466000000000000
       0.0000017829999496       0.9456000000000000
       0.0000017839999495       0.9446000000000000
       0.0000017849999495       0.9436000000000000
       0.0000017859999495       0.9425000000000000
       0.0000017869999495       0.9411000000000000
       0.0000017879999494       0.9399000000000000
       0.0000017889999494       0.9387000000000000
       0.0000017899999494       0.9370000000000001
       0.0000017909999493       0.9355000000000000
       0.0000017919999493       0.9339000000000000
       0.0000017929999493       0.9323000000000000
       0.0000017939999493       0.9303000000000000
       0.0000017949999492       0.9286000000000000
       0.0000017959999492       0.9274000000000000
       0.0000017969999492       0.9262000000000000
       0.0000017979999491       0.9253000000000000
       0.0000017989999491       0.9249000000000001
       0.0000017999999491       0.9249000000000001
       0.0000018009999491       0.9251000000000000
       0.0000018019999490       0.9249000000000001
       0.0000018029999490       0.9232000000000000
       0.0000018039999490       0.9189000000000001
       0.0000018049999490       0.9098000000000001
       0.0000018059999489       0.8930000000000000
       0.0000018069999489       0.8661000000000000
       0.0000018079999489       0.8283000000000000
       0.0000018089999488       0.7772000000000000
       0.0000018099999488       0.7121000000000000
       0.0000018109999488       0.6342000000000000
       0.0000018119999488       0.5518000000000000
       0.0000018129999487       0.4656000000000000
       0.0000018139999487       0.3823000000000000
       0.0000018149999487       0.3110000000000000
       0.0000018159999486       0.2448000000000000
       0.0000018169999486       0.1931000000000000
       0.0000018179999486       0.1525000000000000
       0.0000018189999486       0.1186000000000000
       0.0000018199999485       0.0901000000000000
       0.0000018209999485       0.0676000000000000
       0.0000018219999485       0.0517000000000000
       0.0000018229999484       0.0404000000000000
       0.0000018239999484       0.0327000000000000
       0.0000018249999484       0.0261000000000000
       0.0000018259999484       0.0206000000000000
       0.0000018269999483       0.0163000000000000
       0.0000018279999483       0.0130000000000000
       0.0000018289999483       0.0105000000000000
       0.0000018299999482       0.0085000000000000
       0.0000018309999482       0.0069000000000000
       0.0000018319999482       0.0057000000000000
       0.0000018329999482       0.0047000000000000
       0.0000018339999481       0.0040000000000000
       0.0000018349999481       0.0034000000000000
       0.0000018359999481       0.0027000000000000
       0.0000018369999480       0.0023000000000000
       0.0000018379999480       0.0019000000000000
       0.0000018389999480       0.0016000000000000
       0.0000018399999480       0.0014000000000000
       0.0000018409999479       0.0012000000000000
       0.0000018419999479       0.0010000000000000
       0.0000018429999479       0.0009000000000000
       0.0000018439999478       0.0008000000000000
       0.0000018449999478       0.0006000000000000
       0.0000018459999478       0.0006000000000000
       0.0000018469999478       0.0005000000000000
       0.0000018479999477       0.0004000000000000
       0.0000018489999477       0.0003000000000000
       0.0000018499999477       0.0003000000000000
       0.0000018509999477       0.0002000000000000
       0.0000018519999476       0.0002000000000000
       0.0000018529999476       0.0003000000000000
       0.0000018539999476       0.0002000000000000
       0.0000018549999475       0.0002000000000000
       0.0000018559999475       0.0002000000000000
       0.0000018569999475       0.0002000000000000
       0.0000018579999475       0.0001000000000000
       0.0000018589999474       0.0001000000000000
       0.0000018599999474       0.0001000000000000
       0.0000018609999474       0.0000000000000000
       0.0000018619999473       0.0001000000000000
       0.0000018629999473       0.0001000000000000
       0.0000018639999473       0.0000000000000000
       0.0000018649999473       0.0000000000000000
       0.0000018659999472       0.0001000000000000
       0.0000018669999472       0.0000000000000000
       0.0000018679999472       0.0000000000000000
       0.0000018689999471       0.0000000000000000
       0.0000018699999471       0.0000000000000000
       0.0000018709999471       0.0001000000000000
       0.0000018719999471       0.0001000000000000
       0.0000018729999470       0.0001000000000000
       0.0000018739999470       0.0000000000000000
       0.0000018749999470       0.0000000000000000
       0.0000018759999469       0.0000000000000000
       0.0000018769999469       0.0001000000000000
       0.0000018779999469       0.0001000000000000
       0.0000018789999469       0.0000000000000000
       0.0000018799999468       0.0000000000000000
       0.0000018809999468       0.0000000000000000
       0.0000018819999468       0.0000000000000000
       0.0000018829999467       0.0000000000000000
       0.0000018839999467       0.0000000000000000
       0.0000018849999467       0.0000000000000000
       0.0000018859999467       0.0000000000000000
       0.0000018869999466       0.0000000000000000
       0.0000018879999466       0.0000000000000000
       0.0000018889999466       0.0000000000000000
       0.0000018899999465       0.0000000000000000
       0.0000018909999465       0.0000000000000000
       0.0000018919999465       0.0001000000000000
       0.0000018929999465       0.0000000000000000
       0.0000018939999464       0.0000000000000000
       0.0000018949999464       0.0000000000000000
       0.0000018959999464       0.0000000000000000
       0.0000018969999463       0.0000000000000000
       0.0000018979999463       0.0000000000000000
       0.0000018989999463       0.0000000000000000
       0.0000018999999463       0.0001000000000000
       0.0000019009999462       0.0000000000000000
