# data from ERIS/NIX/filter_Mp.txt
# manually processed and written by cleantrim.pro
       0.0000042829998789       0.0032000000000000
       0.0000042839998788       0.0033000000000000
       0.0000042849998788       0.0033000000000000
       0.0000042859998788       0.0033000000000000
       0.0000042869998788       0.0033000000000000
       0.0000042879998787       0.0032000000000000
       0.0000042889998787       0.0032000000000000
       0.0000042899998787       0.0032000000000000
       0.0000042909998786       0.0032000000000000
       0.0000042919998786       0.0032000000000000
       0.0000042929998786       0.0032000000000000
       0.0000042939998786       0.0033000000000000
       0.0000042949998785       0.0033000000000000
       0.0000042959998785       0.0034000000000000
       0.0000042969998785       0.0034000000000000
       0.0000042979998784       0.0035000000000000
       0.0000042989998784       0.0035000000000000
       0.0000042999998784       0.0035000000000000
       0.0000043009998784       0.0034000000000000
       0.0000043019998783       0.0034000000000000
       0.0000043029998783       0.0033000000000000
       0.0000043039998783       0.0032000000000000
       0.0000043049998782       0.0031000000000000
       0.0000043059998782       0.0031000000000000
       0.0000043069998782       0.0030000000000000
       0.0000043079998782       0.0029000000000000
       0.0000043089998781       0.0029000000000000
       0.0000043099998781       0.0028000000000000
       0.0000043109998781       0.0028000000000000
       0.0000043119998780       0.0027000000000000
       0.0000043129998780       0.0027000000000000
       0.0000043139998780       0.0027000000000000
       0.0000043149998780       0.0027000000000000
       0.0000043159998779       0.0027000000000000
       0.0000043169998779       0.0027000000000000
       0.0000043179998779       0.0027000000000000
       0.0000043189998779       0.0027000000000000
       0.0000043199998778       0.0027000000000000
       0.0000043209998778       0.0027000000000000
       0.0000043219998778       0.0027000000000000
       0.0000043229998777       0.0027000000000000
       0.0000043239998777       0.0027000000000000
       0.0000043249998777       0.0027000000000000
       0.0000043259998777       0.0026000000000000
       0.0000043269998776       0.0026000000000000
       0.0000043279998776       0.0026000000000000
       0.0000043289998776       0.0026000000000000
       0.0000043299998775       0.0025000000000000
       0.0000043309998775       0.0025000000000000
       0.0000043319998775       0.0025000000000000
       0.0000043329998775       0.0024000000000000
       0.0000043339998774       0.0024000000000000
       0.0000043349998774       0.0024000000000000
       0.0000043359998774       0.0024000000000000
       0.0000043369998773       0.0024000000000000
       0.0000043379998773       0.0024000000000000
       0.0000043389998773       0.0024000000000000
       0.0000043399998773       0.0024000000000000
       0.0000043409998772       0.0024000000000000
       0.0000043419998772       0.0025000000000000
       0.0000043429998772       0.0025000000000000
       0.0000043439998771       0.0025000000000000
       0.0000043449998771       0.0025000000000000
       0.0000043459998771       0.0025000000000000
       0.0000043469998771       0.0025000000000000
       0.0000043479998770       0.0025000000000000
       0.0000043489998770       0.0025000000000000
       0.0000043499998770       0.0025000000000000
       0.0000043509998769       0.0025000000000000
       0.0000043519998769       0.0025000000000000
       0.0000043529998769       0.0026000000000000
       0.0000043539998769       0.0026000000000000
       0.0000043549998768       0.0026000000000000
       0.0000043559998768       0.0026000000000000
       0.0000043569998768       0.0027000000000000
       0.0000043579998767       0.0027000000000000
       0.0000043589998767       0.0027000000000000
       0.0000043599998767       0.0027000000000000
       0.0000043609998767       0.0028000000000000
       0.0000043619998766       0.0028000000000000
       0.0000043629998766       0.0028000000000000
       0.0000043639998766       0.0028000000000000
       0.0000043649998765       0.0029000000000000
       0.0000043659998765       0.0029000000000000
       0.0000043669998765       0.0029000000000000
       0.0000043679998765       0.0029000000000000
       0.0000043689998764       0.0029000000000000
       0.0000043699998764       0.0029000000000000
       0.0000043709998764       0.0029000000000000
       0.0000043719998764       0.0029000000000000
       0.0000043729998763       0.0029000000000000
       0.0000043739998763       0.0029000000000000
       0.0000043749998763       0.0029000000000000
       0.0000043759998762       0.0029000000000000
       0.0000043769998762       0.0029000000000000
       0.0000043779998762       0.0030000000000000
       0.0000043789998762       0.0030000000000000
       0.0000043799998761       0.0031000000000000
       0.0000043809998761       0.0031000000000000
       0.0000043819998761       0.0032000000000000
       0.0000043829998760       0.0033000000000000
       0.0000043839998760       0.0033000000000000
       0.0000043849998760       0.0034000000000000
       0.0000043859998760       0.0034000000000000
       0.0000043869998759       0.0035000000000000
       0.0000043879998759       0.0035000000000000
       0.0000043889998759       0.0036000000000000
       0.0000043899998758       0.0036000000000000
       0.0000043909998758       0.0037000000000000
       0.0000043919998758       0.0037000000000000
       0.0000043929998758       0.0038000000000000
       0.0000043939998757       0.0038000000000000
       0.0000043949998757       0.0039000000000000
       0.0000043959998757       0.0039000000000000
       0.0000043969998756       0.0040000000000000
       0.0000043979998756       0.0040000000000000
       0.0000043989998756       0.0041000000000000
       0.0000043999998756       0.0041000000000000
       0.0000044009998755       0.0042000000000000
       0.0000044019998755       0.0043000000000000
       0.0000044029998755       0.0044000000000000
       0.0000044039998754       0.0045000000000000
       0.0000044049998754       0.0046000000000000
       0.0000044059998754       0.0047000000000000
       0.0000044069998754       0.0048000000000000
       0.0000044079998753       0.0049000000000000
       0.0000044089998753       0.0050000000000000
       0.0000044099998753       0.0051000000000000
       0.0000044109998752       0.0052000000000000
       0.0000044119998752       0.0053000000000000
       0.0000044129998752       0.0055000000000000
       0.0000044139998752       0.0056000000000000
       0.0000044149998751       0.0057000000000000
       0.0000044159998751       0.0058000000000000
       0.0000044169998751       0.0059000000000000
       0.0000044179998751       0.0061000000000000
       0.0000044189998750       0.0062000000000000
       0.0000044199998750       0.0064000000000000
       0.0000044209998750       0.0066000000000000
       0.0000044219998749       0.0067000000000000
       0.0000044229998749       0.0069000000000000
       0.0000044239998749       0.0071000000000000
       0.0000044249998749       0.0074000000000000
       0.0000044259998748       0.0076000000000000
       0.0000044269998748       0.0078000000000000
       0.0000044279998748       0.0081000000000000
       0.0000044289998747       0.0084000000000000
       0.0000044299998747       0.0087000000000000
       0.0000044309998747       0.0090000000000000
       0.0000044319998747       0.0094000000000000
       0.0000044329998746       0.0098000000000000
       0.0000044339998746       0.0103000000000000
       0.0000044349998746       0.0107000000000000
       0.0000044359998745       0.0113000000000000
       0.0000044369998745       0.0118000000000000
       0.0000044379998745       0.0124000000000000
       0.0000044389998745       0.0130000000000000
       0.0000044399998744       0.0136000000000000
       0.0000044409998744       0.0143000000000000
       0.0000044419998744       0.0150000000000000
       0.0000044429998743       0.0158000000000000
       0.0000044439998743       0.0167000000000000
       0.0000044449998743       0.0177000000000000
       0.0000044459998743       0.0188000000000000
       0.0000044469998742       0.0199000000000000
       0.0000044479998742       0.0212000000000000
       0.0000044489998742       0.0226000000000000
       0.0000044499998741       0.0241000000000000
       0.0000044509998741       0.0258000000000000
       0.0000044519998741       0.0276000000000000
       0.0000044529998741       0.0296000000000000
       0.0000044539998740       0.0318000000000000
       0.0000044549998740       0.0342000000000000
       0.0000044559998740       0.0369000000000000
       0.0000044569998739       0.0398000000000000
       0.0000044579998739       0.0430000000000000
       0.0000044589998739       0.0466000000000000
       0.0000044599998739       0.0506000000000000
       0.0000044609998738       0.0549000000000000
       0.0000044619998738       0.0598000000000000
       0.0000044629998738       0.0651000000000000
       0.0000044639998737       0.0710000000000000
       0.0000044649998737       0.0774000000000000
       0.0000044659998737       0.0845000000000000
       0.0000044669998737       0.0924000000000000
       0.0000044679998736       0.1010000000000000
       0.0000044689998736       0.1104000000000000
       0.0000044699998736       0.1207000000000000
       0.0000044709998736       0.1321000000000000
       0.0000044719998735       0.1444000000000000
       0.0000044729998735       0.1578000000000000
       0.0000044739998735       0.1724000000000000
       0.0000044749998734       0.1882000000000000
       0.0000044759998734       0.2051000000000000
       0.0000044769998734       0.2232000000000000
       0.0000044779998734       0.2425000000000000
       0.0000044789998733       0.2630000000000000
       0.0000044799998733       0.2845000000000000
       0.0000044809998733       0.3070000000000000
       0.0000044819998732       0.3304000000000000
       0.0000044829998732       0.3546000000000000
       0.0000044839998732       0.3793000000000000
       0.0000044849998732       0.4045000000000000
       0.0000044859998731       0.4298000000000000
       0.0000044869998731       0.4551000000000000
       0.0000044879998731       0.4801000000000000
       0.0000044889998730       0.5048000000000000
       0.0000044899998730       0.5288000000000000
       0.0000044909998730       0.5520000000000000
       0.0000044919998730       0.5742000000000000
       0.0000044929998729       0.5954000000000000
       0.0000044939998729       0.6153999999999999
       0.0000044949998729       0.6341000000000000
       0.0000044959998728       0.6515000000000000
       0.0000044969998728       0.6676000000000000
       0.0000044979998728       0.6824000000000000
       0.0000044989998728       0.6959000000000000
       0.0000044999998727       0.7082000000000001
       0.0000045009998727       0.7193000000000001
       0.0000045019998727       0.7292000000000000
       0.0000045029998726       0.7382000000000000
       0.0000045039998726       0.7462000000000000
       0.0000045049998726       0.7534000000000000
       0.0000045059998726       0.7598000000000000
       0.0000045069998725       0.7655000000000000
       0.0000045079998725       0.7705000000000000
       0.0000045089998725       0.7750000000000000
       0.0000045099998724       0.7790000000000000
       0.0000045109998724       0.7826000000000000
       0.0000045119998724       0.7858000000000001
       0.0000045129998724       0.7887000000000000
       0.0000045139998723       0.7913000000000000
       0.0000045149998723       0.7936000000000000
       0.0000045159998723       0.7958000000000000
       0.0000045169998723       0.7977000000000000
       0.0000045179998722       0.7994000000000000
       0.0000045189998722       0.8010000000000000
       0.0000045199998722       0.8024000000000000
       0.0000045209998721       0.8037000000000000
       0.0000045219998721       0.8048999999999999
       0.0000045229998721       0.8060000000000000
       0.0000045239998721       0.8070000000000001
       0.0000045249998720       0.8079000000000000
       0.0000045259998720       0.8087000000000000
       0.0000045269998720       0.8094000000000000
       0.0000045279998719       0.8101000000000000
       0.0000045289998719       0.8107000000000000
       0.0000045299998719       0.8113000000000000
       0.0000045309998719       0.8118000000000000
       0.0000045319998718       0.8122000000000000
       0.0000045329998718       0.8126000000000000
       0.0000045339998718       0.8129999999999999
       0.0000045349998717       0.8133000000000000
       0.0000045359998717       0.8136000000000000
       0.0000045369998717       0.8139000000000000
       0.0000045379998717       0.8141000000000000
       0.0000045389998716       0.8143000000000000
       0.0000045399998716       0.8145000000000000
       0.0000045409998716       0.8147000000000000
       0.0000045419998715       0.8149000000000000
       0.0000045429998715       0.8149999999999999
       0.0000045439998715       0.8152000000000000
       0.0000045449998715       0.8154000000000000
       0.0000045459998714       0.8155000000000000
       0.0000045469998714       0.8157000000000000
       0.0000045479998714       0.8159000000000000
       0.0000045489998713       0.8161000000000000
       0.0000045499998713       0.8163000000000000
       0.0000045509998713       0.8165000000000000
       0.0000045519998713       0.8167000000000000
       0.0000045529998712       0.8169000000000000
       0.0000045539998712       0.8171000000000000
       0.0000045549998712       0.8174000000000000
       0.0000045559998711       0.8177000000000000
       0.0000045569998711       0.8179999999999999
       0.0000045579998711       0.8183000000000000
       0.0000045589998711       0.8186000000000000
       0.0000045599998710       0.8190000000000000
       0.0000045609998710       0.8194000000000000
       0.0000045619998710       0.8197000000000000
       0.0000045629998709       0.8202000000000000
       0.0000045639998709       0.8206000000000000
       0.0000045649998709       0.8210000000000000
       0.0000045659998709       0.8215000000000000
       0.0000045669998708       0.8220000000000000
       0.0000045679998708       0.8224000000000000
       0.0000045689998708       0.8229000000000000
       0.0000045699998708       0.8234000000000000
       0.0000045709998707       0.8239000000000000
       0.0000045719998707       0.8244000000000000
       0.0000045729998707       0.8249000000000000
       0.0000045739998706       0.8254000000000000
       0.0000045749998706       0.8259000000000000
       0.0000045759998706       0.8264000000000000
       0.0000045769998706       0.8270000000000000
       0.0000045779998705       0.8275000000000000
       0.0000045789998705       0.8280999999999999
       0.0000045799998705       0.8286000000000000
       0.0000045809998704       0.8292000000000000
       0.0000045819998704       0.8297000000000000
       0.0000045829998704       0.8302000000000000
       0.0000045839998704       0.8308000000000000
       0.0000045849998703       0.8313000000000000
       0.0000045859998703       0.8318000000000000
       0.0000045869998703       0.8323000000000000
       0.0000045879998702       0.8328000000000000
       0.0000045889998702       0.8333000000000000
       0.0000045899998702       0.8337000000000000
       0.0000045909998702       0.8341000000000000
       0.0000045919998701       0.8346000000000000
       0.0000045929998701       0.8350000000000000
       0.0000045939998701       0.8353000000000000
       0.0000045949998700       0.8357000000000000
       0.0000045959998700       0.8361000000000000
       0.0000045969998700       0.8364000000000000
       0.0000045979998700       0.8368000000000000
       0.0000045989998699       0.8372000000000001
       0.0000045999998699       0.8375000000000000
       0.0000046009998699       0.8379000000000000
       0.0000046019998698       0.8383000000000000
       0.0000046029998698       0.8386000000000000
       0.0000046039998698       0.8390000000000000
       0.0000046049998698       0.8393000000000000
       0.0000046059998697       0.8397000000000000
       0.0000046069998697       0.8400000000000000
       0.0000046079998697       0.8403000000000000
       0.0000046089998696       0.8406000000000000
       0.0000046099998696       0.8409000000000000
       0.0000046109998696       0.8411999999999999
       0.0000046119998696       0.8415000000000000
       0.0000046129998695       0.8418000000000000
       0.0000046139998695       0.8420000000000000
       0.0000046149998695       0.8423000000000000
       0.0000046159998695       0.8426000000000000
       0.0000046169998694       0.8428000000000000
       0.0000046179998694       0.8431000000000000
       0.0000046189998694       0.8433000000000000
       0.0000046199998693       0.8436000000000000
       0.0000046209998693       0.8438000000000000
       0.0000046219998693       0.8441000000000000
       0.0000046229998693       0.8443000000000001
       0.0000046239998692       0.8446000000000000
       0.0000046249998692       0.8448000000000000
       0.0000046259998692       0.8451000000000000
       0.0000046269998691       0.8454000000000000
       0.0000046279998691       0.8456000000000000
       0.0000046289998691       0.8459000000000000
       0.0000046299998691       0.8462000000000000
       0.0000046309998690       0.8464000000000000
       0.0000046319998690       0.8467000000000000
       0.0000046329998690       0.8470000000000000
       0.0000046339998689       0.8473000000000001
       0.0000046349998689       0.8476000000000000
       0.0000046359998689       0.8479000000000000
       0.0000046369998689       0.8482000000000000
       0.0000046379998688       0.8486000000000000
       0.0000046389998688       0.8489000000000000
       0.0000046399998688       0.8492000000000000
       0.0000046409998687       0.8495000000000000
       0.0000046419998687       0.8498000000000000
       0.0000046429998687       0.8501000000000000
       0.0000046439998687       0.8504000000000000
       0.0000046449998686       0.8507000000000000
       0.0000046459998686       0.8510000000000000
       0.0000046469998686       0.8514000000000000
       0.0000046479998685       0.8517000000000000
       0.0000046489998685       0.8521000000000000
       0.0000046499998685       0.8524000000000000
       0.0000046509998685       0.8528000000000000
       0.0000046519998684       0.8532000000000000
       0.0000046529998684       0.8535000000000000
       0.0000046539998684       0.8539000000000000
       0.0000046549998683       0.8542000000000000
       0.0000046559998683       0.8545000000000000
       0.0000046569998683       0.8548000000000000
       0.0000046579998683       0.8551000000000000
       0.0000046589998682       0.8554000000000000
       0.0000046599998682       0.8557000000000000
       0.0000046609998682       0.8560000000000000
       0.0000046619998681       0.8564000000000001
       0.0000046629998681       0.8567000000000000
       0.0000046639998681       0.8571000000000000
       0.0000046649998681       0.8574000000000001
       0.0000046659998680       0.8578000000000000
       0.0000046669998680       0.8581000000000000
       0.0000046679998680       0.8585000000000000
       0.0000046689998680       0.8588000000000000
       0.0000046699998679       0.8591000000000000
       0.0000046709998679       0.8594000000000001
       0.0000046719998679       0.8597000000000000
       0.0000046729998678       0.8600000000000000
       0.0000046739998678       0.8603000000000000
       0.0000046749998678       0.8606000000000000
       0.0000046759998678       0.8609000000000000
       0.0000046769998677       0.8612000000000000
       0.0000046779998677       0.8615000000000000
       0.0000046789998677       0.8618000000000000
       0.0000046799998676       0.8620000000000000
       0.0000046809998676       0.8623000000000000
       0.0000046819998676       0.8626000000000000
       0.0000046829998676       0.8628000000000000
       0.0000046839998675       0.8631000000000000
       0.0000046849998675       0.8633000000000000
       0.0000046859998675       0.8635000000000000
       0.0000046869998674       0.8638000000000000
       0.0000046879998674       0.8640000000000000
       0.0000046889998674       0.8642000000000000
       0.0000046899998674       0.8645000000000000
       0.0000046909998673       0.8647000000000000
       0.0000046919998673       0.8649000000000000
       0.0000046929998673       0.8651000000000000
       0.0000046939998672       0.8653000000000000
       0.0000046949998672       0.8655000000000000
       0.0000046959998672       0.8657000000000000
       0.0000046969998672       0.8659000000000000
       0.0000046979998671       0.8660000000000000
       0.0000046989998671       0.8662000000000000
       0.0000046999998671       0.8663000000000000
       0.0000047009998670       0.8663999999999999
       0.0000047019998670       0.8665000000000000
       0.0000047029998670       0.8666000000000000
       0.0000047039998670       0.8667000000000000
       0.0000047049998669       0.8668000000000000
       0.0000047059998669       0.8668000000000000
       0.0000047069998669       0.8668000000000000
       0.0000047079998668       0.8669000000000000
       0.0000047089998668       0.8669000000000000
       0.0000047099998668       0.8669000000000000
       0.0000047109998668       0.8669000000000000
       0.0000047119998667       0.8670000000000000
       0.0000047129998667       0.8670000000000000
       0.0000047139998667       0.8670000000000000
       0.0000047149998667       0.8670000000000000
       0.0000047159998666       0.8669000000000000
       0.0000047169998666       0.8669000000000000
       0.0000047179998666       0.8668000000000000
       0.0000047189998665       0.8667000000000000
       0.0000047199998665       0.8666000000000000
       0.0000047209998665       0.8665000000000000
       0.0000047219998665       0.8663000000000000
       0.0000047229998664       0.8661000000000000
       0.0000047239998664       0.8659000000000000
       0.0000047249998664       0.8657000000000000
       0.0000047259998663       0.8655000000000000
       0.0000047269998663       0.8653000000000000
       0.0000047279998663       0.8651000000000000
       0.0000047289998663       0.8649000000000000
       0.0000047299998662       0.8647000000000000
       0.0000047309998662       0.8643999999999999
       0.0000047319998662       0.8642000000000000
       0.0000047329998661       0.8639000000000000
       0.0000047339998661       0.8636000000000000
       0.0000047349998661       0.8632000000000000
       0.0000047359998661       0.8629000000000000
       0.0000047369998660       0.8625000000000000
       0.0000047379998660       0.8621000000000000
       0.0000047389998660       0.8617000000000000
       0.0000047399998659       0.8613000000000000
       0.0000047409998659       0.8609000000000000
       0.0000047419998659       0.8604000000000001
       0.0000047429998659       0.8599000000000000
       0.0000047439998658       0.8594000000000001
       0.0000047449998658       0.8589000000000000
       0.0000047459998658       0.8584000000000001
       0.0000047469998657       0.8578000000000000
       0.0000047479998657       0.8572000000000000
       0.0000047489998657       0.8566000000000000
       0.0000047499998657       0.8560000000000000
       0.0000047509998656       0.8554000000000000
       0.0000047519998656       0.8548000000000000
       0.0000047529998656       0.8542000000000000
       0.0000047539998655       0.8535000000000000
       0.0000047549998655       0.8529000000000000
       0.0000047559998655       0.8522999999999999
       0.0000047569998655       0.8516000000000000
       0.0000047579998654       0.8509000000000000
       0.0000047589998654       0.8502999999999999
       0.0000047599998654       0.8496000000000000
       0.0000047609998653       0.8489000000000000
       0.0000047619998653       0.8482000000000000
       0.0000047629998653       0.8475000000000000
       0.0000047639998653       0.8468000000000000
       0.0000047649998652       0.8461000000000000
       0.0000047659998652       0.8454000000000000
       0.0000047669998652       0.8447000000000000
       0.0000047679998652       0.8440000000000000
       0.0000047689998651       0.8433000000000000
       0.0000047699998651       0.8426000000000000
       0.0000047709998651       0.8420000000000000
       0.0000047719998650       0.8413000000000000
       0.0000047729998650       0.8406000000000000
       0.0000047739998650       0.8399000000000000
       0.0000047749998650       0.8393000000000000
       0.0000047759998649       0.8386000000000000
       0.0000047769998649       0.8380000000000000
       0.0000047779998649       0.8373000000000000
       0.0000047789998648       0.8367000000000000
       0.0000047799998648       0.8361000000000000
       0.0000047809998648       0.8355000000000000
       0.0000047819998648       0.8350000000000000
       0.0000047829998647       0.8344000000000000
       0.0000047839998647       0.8339000000000000
       0.0000047849998647       0.8334000000000000
       0.0000047859998646       0.8330000000000000
       0.0000047869998646       0.8325000000000000
       0.0000047879998646       0.8321000000000000
       0.0000047889998646       0.8317000000000000
       0.0000047899998645       0.8313000000000000
       0.0000047909998645       0.8309000000000000
       0.0000047919998645       0.8306000000000000
       0.0000047929998644       0.8303000000000000
       0.0000047939998644       0.8300000000000000
       0.0000047949998644       0.8297000000000000
       0.0000047959998644       0.8295000000000000
       0.0000047969998643       0.8293000000000000
       0.0000047979998643       0.8290999999999999
       0.0000047989998643       0.8289000000000000
       0.0000047999998642       0.8287000000000000
       0.0000048009998642       0.8286000000000000
       0.0000048019998642       0.8285000000000000
       0.0000048029998642       0.8284000000000000
       0.0000048039998641       0.8284000000000000
       0.0000048049998641       0.8284000000000000
       0.0000048059998641       0.8284000000000000
       0.0000048069998640       0.8285000000000000
       0.0000048079998640       0.8285000000000000
       0.0000048089998640       0.8287000000000000
       0.0000048099998640       0.8288000000000000
       0.0000048109998639       0.8290000000000000
       0.0000048119998639       0.8292000000000000
       0.0000048129998639       0.8294000000000000
       0.0000048139998639       0.8297000000000000
       0.0000048149998638       0.8299000000000000
       0.0000048159998638       0.8303000000000000
       0.0000048169998638       0.8306000000000000
       0.0000048179998637       0.8310000000000000
       0.0000048189998637       0.8313000000000000
       0.0000048199998637       0.8317000000000000
       0.0000048209998637       0.8322000000000001
       0.0000048219998636       0.8326000000000000
       0.0000048229998636       0.8330000000000000
       0.0000048239998636       0.8335000000000000
       0.0000048249998635       0.8339000000000000
       0.0000048259998635       0.8344000000000000
       0.0000048269998635       0.8348000000000000
       0.0000048279998635       0.8353000000000000
       0.0000048289998634       0.8357000000000000
       0.0000048299998634       0.8362000000000001
       0.0000048309998634       0.8367000000000000
       0.0000048319998633       0.8371000000000000
       0.0000048329998633       0.8375000000000000
       0.0000048339998633       0.8379000000000000
       0.0000048349998633       0.8383000000000000
       0.0000048359998632       0.8386000000000000
       0.0000048369998632       0.8390000000000000
       0.0000048379998632       0.8393000000000000
       0.0000048389998631       0.8396000000000000
       0.0000048399998631       0.8400000000000000
       0.0000048409998631       0.8403000000000000
       0.0000048419998631       0.8407000000000000
       0.0000048429998630       0.8410000000000000
       0.0000048439998630       0.8413000000000000
       0.0000048449998630       0.8415000000000000
       0.0000048459998629       0.8417000000000000
       0.0000048469998629       0.8419000000000000
       0.0000048479998629       0.8420000000000000
       0.0000048489998629       0.8421000000000000
       0.0000048499998628       0.8421000000000000
       0.0000048509998628       0.8421000000000000
       0.0000048519998628       0.8420000000000000
       0.0000048529998627       0.8419000000000000
       0.0000048539998627       0.8417000000000000
       0.0000048549998627       0.8415000000000000
       0.0000048559998627       0.8413000000000000
       0.0000048569998626       0.8410000000000000
       0.0000048579998626       0.8406000000000000
       0.0000048589998626       0.8401999999999999
       0.0000048599998625       0.8398000000000000
       0.0000048609998625       0.8393000000000000
       0.0000048619998625       0.8387000000000000
       0.0000048629998625       0.8381000000000000
       0.0000048639998624       0.8375000000000000
       0.0000048649998624       0.8367000000000000
       0.0000048659998624       0.8359000000000000
       0.0000048669998624       0.8351000000000000
       0.0000048679998623       0.8342000000000001
       0.0000048689998623       0.8332000000000001
       0.0000048699998623       0.8321000000000000
       0.0000048709998622       0.8310999999999999
       0.0000048719998622       0.8299000000000000
       0.0000048729998622       0.8287000000000000
       0.0000048739998622       0.8274000000000000
       0.0000048749998621       0.8260999999999999
       0.0000048759998621       0.8247000000000000
       0.0000048769998621       0.8233000000000000
       0.0000048779998620       0.8218000000000000
       0.0000048789998620       0.8203000000000000
       0.0000048799998620       0.8188000000000000
       0.0000048809998620       0.8172000000000000
       0.0000048819998619       0.8156000000000000
       0.0000048829998619       0.8139000000000000
       0.0000048839998619       0.8122000000000000
       0.0000048849998618       0.8105000000000000
       0.0000048859998618       0.8087000000000000
       0.0000048869998618       0.8069000000000000
       0.0000048879998618       0.8050000000000000
       0.0000048889998617       0.8031000000000000
       0.0000048899998617       0.8012000000000000
       0.0000048909998617       0.7992000000000000
       0.0000048919998616       0.7972000000000000
       0.0000048929998616       0.7952000000000000
       0.0000048939998616       0.7932000000000000
       0.0000048949998616       0.7912000000000000
       0.0000048959998615       0.7892000000000000
       0.0000048969998615       0.7871000000000000
       0.0000048979998615       0.7852000000000000
       0.0000048989998614       0.7832000000000000
       0.0000048999998614       0.7812000000000000
       0.0000049009998614       0.7793000000000000
       0.0000049019998614       0.7773000000000000
       0.0000049029998613       0.7754000000000000
       0.0000049039998613       0.7734000000000000
       0.0000049049998613       0.7715000000000000
       0.0000049059998612       0.7696000000000000
       0.0000049069998612       0.7677000000000000
       0.0000049079998612       0.7658000000000000
       0.0000049089998612       0.7639000000000000
       0.0000049099998611       0.7621000000000000
       0.0000049109998611       0.7602000000000000
       0.0000049119998611       0.7585000000000000
       0.0000049129998611       0.7567000000000000
       0.0000049139998610       0.7550000000000000
       0.0000049149998610       0.7533000000000000
       0.0000049159998610       0.7517000000000000
       0.0000049169998609       0.7501000000000000
       0.0000049179998609       0.7485000000000001
       0.0000049189998609       0.7470000000000000
       0.0000049199998609       0.7455000000000001
       0.0000049209998608       0.7440000000000000
       0.0000049219998608       0.7426000000000000
       0.0000049229998608       0.7412000000000000
       0.0000049239998607       0.7399000000000000
       0.0000049249998607       0.7386000000000000
       0.0000049259998607       0.7374000000000001
       0.0000049269998607       0.7362000000000000
       0.0000049279998606       0.7351000000000000
       0.0000049289998606       0.7341000000000000
       0.0000049299998606       0.7331000000000000
       0.0000049309998605       0.7321000000000000
       0.0000049319998605       0.7312000000000000
       0.0000049329998605       0.7304000000000000
       0.0000049339998605       0.7296000000000000
       0.0000049349998604       0.7289000000000000
       0.0000049359998604       0.7282999999999999
       0.0000049369998604       0.7277000000000000
       0.0000049379998603       0.7272000000000000
       0.0000049389998603       0.7267000000000000
       0.0000049399998603       0.7262999999999999
       0.0000049409998603       0.7259000000000000
       0.0000049419998602       0.7256000000000000
       0.0000049429998602       0.7252999999999999
       0.0000049439998602       0.7251000000000000
       0.0000049449998601       0.7249000000000000
       0.0000049459998601       0.7248000000000000
       0.0000049469998601       0.7247000000000000
       0.0000049479998601       0.7247000000000000
       0.0000049489998600       0.7248000000000000
       0.0000049499998600       0.7249000000000000
       0.0000049509998600       0.7251000000000000
       0.0000049519998599       0.7254000000000000
       0.0000049529998599       0.7257000000000000
       0.0000049539998599       0.7261000000000000
       0.0000049549998599       0.7266000000000000
       0.0000049559998598       0.7272000000000000
       0.0000049569998598       0.7278000000000000
       0.0000049579998598       0.7285000000000000
       0.0000049589998597       0.7292000000000000
       0.0000049599998597       0.7300000000000000
       0.0000049609998597       0.7308000000000000
       0.0000049619998597       0.7316000000000000
       0.0000049629998596       0.7325000000000000
       0.0000049639998596       0.7334000000000001
       0.0000049649998596       0.7343000000000000
       0.0000049659998596       0.7353000000000000
       0.0000049669998595       0.7363000000000000
       0.0000049679998595       0.7374000000000001
       0.0000049689998595       0.7385000000000000
       0.0000049699998594       0.7397000000000000
       0.0000049709998594       0.7409000000000000
       0.0000049719998594       0.7422000000000000
       0.0000049729998594       0.7435000000000000
       0.0000049739998593       0.7448000000000000
       0.0000049749998593       0.7461000000000000
       0.0000049759998593       0.7475000000000001
       0.0000049769998592       0.7489000000000000
       0.0000049779998592       0.7503000000000000
       0.0000049789998592       0.7518000000000000
       0.0000049799998592       0.7533000000000000
       0.0000049809998591       0.7549000000000000
       0.0000049819998591       0.7564000000000000
       0.0000049829998591       0.7579000000000000
       0.0000049839998590       0.7595000000000000
       0.0000049849998590       0.7610000000000000
       0.0000049859998590       0.7625999999999999
       0.0000049869998590       0.7641000000000000
       0.0000049879998589       0.7657000000000000
       0.0000049889998589       0.7673000000000000
       0.0000049899998589       0.7689000000000000
       0.0000049909998588       0.7705000000000000
       0.0000049919998588       0.7721000000000000
       0.0000049929998588       0.7737000000000001
       0.0000049939998588       0.7753000000000000
       0.0000049949998587       0.7769000000000000
       0.0000049959998587       0.7784000000000000
       0.0000049969998587       0.7799000000000000
       0.0000049979998586       0.7814000000000000
       0.0000049989998586       0.7829000000000000
       0.0000049999998586       0.7843000000000000
       0.0000050009998586       0.7857000000000000
       0.0000050019998585       0.7871000000000000
       0.0000050029998585       0.7886000000000000
       0.0000050039998585       0.7899000000000000
       0.0000050049998584       0.7913000000000000
       0.0000050059998584       0.7926000000000000
       0.0000050069998584       0.7938000000000000
       0.0000050079998584       0.7948000000000000
       0.0000050089998583       0.7958000000000000
       0.0000050099998583       0.7968000000000000
       0.0000050109998583       0.7976000000000000
       0.0000050119998583       0.7985000000000000
       0.0000050129998582       0.7994000000000000
       0.0000050139998582       0.8002000000000000
       0.0000050149998582       0.8010000000000000
       0.0000050159998581       0.8018999999999999
       0.0000050169998581       0.8027000000000000
       0.0000050179998581       0.8035000000000000
       0.0000050189998581       0.8043000000000000
       0.0000050199998580       0.8050000000000000
       0.0000050209998580       0.8056000000000000
       0.0000050219998580       0.8062000000000000
       0.0000050229998579       0.8066000000000000
       0.0000050239998579       0.8068000000000000
       0.0000050249998579       0.8070000000000001
       0.0000050259998579       0.8070000000000001
       0.0000050269998578       0.8068000000000000
       0.0000050279998578       0.8065000000000000
       0.0000050289998578       0.8060000000000000
       0.0000050299998577       0.8052000000000000
       0.0000050309998577       0.8043000000000000
       0.0000050319998577       0.8031000000000000
       0.0000050329998577       0.8016000000000000
       0.0000050339998576       0.7998000000000000
       0.0000050349998576       0.7976000000000000
       0.0000050359998576       0.7952000000000000
       0.0000050369998575       0.7923000000000000
       0.0000050379998575       0.7890000000000000
       0.0000050389998575       0.7852000000000000
       0.0000050399998575       0.7808000000000000
       0.0000050409998574       0.7758000000000000
       0.0000050419998574       0.7701000000000000
       0.0000050429998574       0.7637000000000000
       0.0000050439998573       0.7566000000000001
       0.0000050449998573       0.7488000000000000
       0.0000050459998573       0.7402000000000000
       0.0000050469998573       0.7307000000000000
       0.0000050479998572       0.7204000000000000
       0.0000050489998572       0.7093000000000000
       0.0000050499998572       0.6971000000000001
       0.0000050509998571       0.6840000000000001
       0.0000050519998571       0.6699000000000001
       0.0000050529998571       0.6548000000000000
       0.0000050539998571       0.6388000000000000
       0.0000050549998570       0.6220000000000000
       0.0000050559998570       0.6044000000000000
       0.0000050569998570       0.5861000000000000
       0.0000050579998569       0.5671000000000000
       0.0000050589998569       0.5476000000000000
       0.0000050599998569       0.5276000000000000
       0.0000050609998569       0.5072000000000000
       0.0000050619998568       0.4866000000000000
       0.0000050629998568       0.4657000000000000
       0.0000050639998568       0.4448000000000000
       0.0000050649998568       0.4239000000000000
       0.0000050659998567       0.4031000000000000
       0.0000050669998567       0.3825000000000000
       0.0000050679998567       0.3624000000000000
       0.0000050689998566       0.3427000000000000
       0.0000050699998566       0.3237000000000000
       0.0000050709998566       0.3055000000000000
       0.0000050719998566       0.2880000000000000
       0.0000050729998565       0.2713000000000000
       0.0000050739998565       0.2552000000000000
       0.0000050749998565       0.2399000000000000
       0.0000050759998564       0.2251000000000000
       0.0000050769998564       0.2109000000000000
       0.0000050779998564       0.1973000000000000
       0.0000050789998564       0.1844000000000000
       0.0000050799998563       0.1721000000000000
       0.0000050809998563       0.1605000000000000
       0.0000050819998563       0.1496000000000000
       0.0000050829998562       0.1393000000000000
       0.0000050839998562       0.1297000000000000
       0.0000050849998562       0.1209000000000000
       0.0000050859998562       0.1128000000000000
       0.0000050869998561       0.1054000000000000
       0.0000050879998561       0.0985000000000000
       0.0000050889998561       0.0922000000000000
       0.0000050899998560       0.0864000000000000
       0.0000050909998560       0.0809000000000000
       0.0000050919998560       0.0758000000000000
       0.0000050929998560       0.0711000000000000
       0.0000050939998559       0.0666000000000000
       0.0000050949998559       0.0625000000000000
       0.0000050959998559       0.0586000000000000
       0.0000050969998558       0.0550000000000000
       0.0000050979998558       0.0516000000000000
       0.0000050989998558       0.0485000000000000
       0.0000050999998558       0.0457000000000000
       0.0000051009998557       0.0430000000000000
       0.0000051019998557       0.0406000000000000
       0.0000051029998557       0.0383000000000000
       0.0000051039998556       0.0362000000000000
       0.0000051049998556       0.0343000000000000
       0.0000051059998556       0.0324000000000000
       0.0000051069998556       0.0307000000000000
       0.0000051079998555       0.0291000000000000
       0.0000051089998555       0.0276000000000000
       0.0000051099998555       0.0262000000000000
       0.0000051109998555       0.0249000000000000
       0.0000051119998554       0.0237000000000000
       0.0000051129998554       0.0226000000000000
       0.0000051139998554       0.0216000000000000
       0.0000051149998553       0.0206000000000000
       0.0000051159998553       0.0197000000000000
       0.0000051169998553       0.0188000000000000
       0.0000051179998553       0.0180000000000000
       0.0000051189998552       0.0173000000000000
       0.0000051199998552       0.0166000000000000
       0.0000051209998552       0.0159000000000000
       0.0000051219998551       0.0152000000000000
       0.0000051229998551       0.0146000000000000
       0.0000051239998551       0.0141000000000000
       0.0000051249998551       0.0135000000000000
       0.0000051259998550       0.0130000000000000
       0.0000051269998550       0.0126000000000000
       0.0000051279998550       0.0122000000000000
       0.0000051289998549       0.0118000000000000
       0.0000051299998549       0.0114000000000000
       0.0000051309998549       0.0110000000000000
       0.0000051319998549       0.0107000000000000
       0.0000051329998548       0.0103000000000000
       0.0000051339998548       0.0100000000000000
       0.0000051349998548       0.0098000000000000
       0.0000051359998547       0.0095000000000000
       0.0000051369998547       0.0093000000000000
       0.0000051379998547       0.0091000000000000
       0.0000051389998547       0.0090000000000000
       0.0000051399998546       0.0088000000000000
       0.0000051409998546       0.0087000000000000
       0.0000051419998546       0.0085000000000000
       0.0000051429998545       0.0083000000000000
       0.0000051439998545       0.0082000000000000
       0.0000051449998545       0.0080000000000000
       0.0000051459998545       0.0078000000000000
       0.0000051469998544       0.0075000000000000
       0.0000051479998544       0.0073000000000000
       0.0000051489998544       0.0071000000000000
       0.0000051499998543       0.0068000000000000
       0.0000051509998543       0.0066000000000000
       0.0000051519998543       0.0064000000000000
       0.0000051529998543       0.0062000000000000
       0.0000051539998542       0.0061000000000000
       0.0000051549998542       0.0059000000000000
       0.0000051559998542       0.0058000000000000
       0.0000051569998542       0.0056000000000000
       0.0000051579998541       0.0055000000000000
       0.0000051589998541       0.0054000000000000
       0.0000051599998541       0.0053000000000000
       0.0000051609998540       0.0052000000000000
       0.0000051619998540       0.0052000000000000
       0.0000051629998540       0.0051000000000000
       0.0000051639998540       0.0050000000000000
       0.0000051649998539       0.0050000000000000
       0.0000051659998539       0.0049000000000000
       0.0000051669998539       0.0048000000000000
       0.0000051679998538       0.0048000000000000
       0.0000051689998538       0.0047000000000000
       0.0000051699998538       0.0046000000000000
       0.0000051709998538       0.0045000000000000
       0.0000051719998537       0.0045000000000000
       0.0000051729998537       0.0044000000000000
       0.0000051739998537       0.0043000000000000
       0.0000051749998536       0.0043000000000000
       0.0000051759998536       0.0042000000000000
       0.0000051769998536       0.0041000000000000
       0.0000051779998536       0.0041000000000000
       0.0000051789998535       0.0040000000000000
       0.0000051799998535       0.0040000000000000
       0.0000051809998535       0.0039000000000000
       0.0000051819998534       0.0039000000000000
       0.0000051829998534       0.0038000000000000
       0.0000051839998534       0.0038000000000000
       0.0000051849998534       0.0037000000000000
       0.0000051859998533       0.0037000000000000
       0.0000051869998533       0.0036000000000000
       0.0000051879998533       0.0036000000000000
       0.0000051889998532       0.0036000000000000
       0.0000051899998532       0.0035000000000000
       0.0000051909998532       0.0035000000000000
       0.0000051919998532       0.0035000000000000
       0.0000051929998531       0.0035000000000000
       0.0000051939998531       0.0035000000000000
       0.0000051949998531       0.0035000000000000
       0.0000051959998530       0.0034000000000000
       0.0000051969998530       0.0034000000000000
       0.0000051979998530       0.0034000000000000
       0.0000051989998530       0.0034000000000000
       0.0000051999998529       0.0033000000000000
       0.0000052009998529       0.0033000000000000
       0.0000052019998529       0.0033000000000000
       0.0000052029998528       0.0032000000000000
       0.0000052039998528       0.0032000000000000
       0.0000052049998528       0.0032000000000000
       0.0000052059998528       0.0032000000000000
       0.0000052069998527       0.0032000000000000
       0.0000052079998527       0.0032000000000000
       0.0000052089998527       0.0032000000000000
       0.0000052099998527       0.0032000000000000
       0.0000052109998526       0.0031000000000000
       0.0000052119998526       0.0031000000000000
       0.0000052129998526       0.0030000000000000
       0.0000052139998525       0.0030000000000000
       0.0000052149998525       0.0029000000000000
       0.0000052159998525       0.0028000000000000
       0.0000052169998525       0.0028000000000000
       0.0000052179998524       0.0027000000000000
       0.0000052189998524       0.0027000000000000
       0.0000052199998524       0.0026000000000000
       0.0000052209998523       0.0026000000000000
       0.0000052219998523       0.0026000000000000
       0.0000052229998523       0.0026000000000000
       0.0000052239998523       0.0026000000000000
       0.0000052249998522       0.0026000000000000
       0.0000052259998522       0.0026000000000000
       0.0000052269998522       0.0026000000000000
       0.0000052279998521       0.0026000000000000
       0.0000052289998521       0.0026000000000000
       0.0000052299998521       0.0025000000000000
       0.0000052309998521       0.0025000000000000
       0.0000052319998520       0.0025000000000000
       0.0000052329998520       0.0025000000000000
       0.0000052339998520       0.0025000000000000
       0.0000052349998519       0.0025000000000000
       0.0000052359998519       0.0025000000000000
       0.0000052369998519       0.0025000000000000
       0.0000052379998519       0.0025000000000000
       0.0000052389998518       0.0024000000000000
       0.0000052399998518       0.0024000000000000
       0.0000052409998518       0.0024000000000000
       0.0000052419998517       0.0024000000000000
       0.0000052429998517       0.0023000000000000
       0.0000052439998517       0.0023000000000000
       0.0000052449998517       0.0023000000000000
       0.0000052459998516       0.0022000000000000
       0.0000052469998516       0.0022000000000000
       0.0000052479998516       0.0022000000000000
       0.0000052489998515       0.0022000000000000
       0.0000052499998515       0.0021000000000000
       0.0000052509998515       0.0021000000000000
       0.0000052519998515       0.0021000000000000
       0.0000052529998514       0.0021000000000000
       0.0000052539998514       0.0020000000000000
       0.0000052549998514       0.0020000000000000
       0.0000052559998514       0.0020000000000000
       0.0000052569998513       0.0020000000000000
       0.0000052579998513       0.0020000000000000
       0.0000052589998513       0.0019000000000000
       0.0000052599998512       0.0019000000000000
       0.0000052609998512       0.0019000000000000
       0.0000052619998512       0.0019000000000000
       0.0000052629998512       0.0019000000000000
       0.0000052639998511       0.0019000000000000
       0.0000052649998511       0.0019000000000000
       0.0000052659998511       0.0019000000000000
       0.0000052669998510       0.0019000000000000
       0.0000052679998510       0.0019000000000000
       0.0000052689998510       0.0019000000000000
       0.0000052699998510       0.0019000000000000
       0.0000052709998509       0.0019000000000000
       0.0000052719998509       0.0019000000000000
       0.0000052729998509       0.0020000000000000
       0.0000052739998508       0.0019000000000000
       0.0000052749998508       0.0019000000000000
       0.0000052759998508       0.0019000000000000
       0.0000052769998508       0.0019000000000000
       0.0000052779998507       0.0019000000000000
       0.0000052789998507       0.0018000000000000
       0.0000052799998507       0.0018000000000000
       0.0000052809998506       0.0018000000000000
       0.0000052819998506       0.0018000000000000
       0.0000052829998506       0.0017000000000000
       0.0000052839998506       0.0017000000000000
       0.0000052849998505       0.0018000000000000
       0.0000052859998505       0.0018000000000000
       0.0000052869998505       0.0018000000000000
       0.0000052879998504       0.0018000000000000
       0.0000052889998504       0.0018000000000000
       0.0000052899998504       0.0018000000000000
       0.0000052909998504       0.0018000000000000
       0.0000052919998503       0.0018000000000000
       0.0000052929998503       0.0017000000000000
       0.0000052939998503       0.0017000000000000
       0.0000052949998502       0.0017000000000000
       0.0000052959998502       0.0017000000000000
       0.0000052969998502       0.0016000000000000
       0.0000052979998502       0.0016000000000000
       0.0000052989998501       0.0016000000000000
       0.0000052999998501       0.0016000000000000
       0.0000053009998501       0.0016000000000000
       0.0000053019998500       0.0016000000000000
       0.0000053029998500       0.0016000000000000
       0.0000053039998500       0.0016000000000000
       0.0000053049998500       0.0016000000000000
       0.0000053059998499       0.0016000000000000
       0.0000053069998499       0.0016000000000000
       0.0000053079998499       0.0016000000000000
       0.0000053089998499       0.0016000000000000
       0.0000053099998498       0.0015000000000000
       0.0000053109998498       0.0015000000000000
       0.0000053119998498       0.0015000000000000
       0.0000053129998497       0.0015000000000000
       0.0000053139998497       0.0015000000000000
       0.0000053149998497       0.0015000000000000
       0.0000053159998497       0.0015000000000000
       0.0000053169998496       0.0015000000000000
       0.0000053179998496       0.0015000000000000
       0.0000053189998496       0.0015000000000000
       0.0000053199998495       0.0015000000000000
       0.0000053209998495       0.0015000000000000
       0.0000053219998495       0.0014000000000000
       0.0000053229998495       0.0014000000000000
       0.0000053239998494       0.0014000000000000
       0.0000053249998494       0.0014000000000000
       0.0000053259998494       0.0014000000000000
       0.0000053269998493       0.0014000000000000
       0.0000053279998493       0.0014000000000000
       0.0000053289998493       0.0014000000000000
       0.0000053299998493       0.0014000000000000
       0.0000053309998492       0.0014000000000000
       0.0000053319998492       0.0014000000000000
       0.0000053329998492       0.0014000000000000
       0.0000053339998491       0.0014000000000000
       0.0000053349998491       0.0014000000000000
       0.0000053359998491       0.0014000000000000
       0.0000053369998491       0.0014000000000000
       0.0000053379998490       0.0014000000000000
       0.0000053389998490       0.0014000000000000
       0.0000053399998490       0.0014000000000000
       0.0000053409998489       0.0014000000000000
       0.0000053419998489       0.0014000000000000
       0.0000053429998489       0.0015000000000000
       0.0000053439998489       0.0015000000000000
       0.0000053449998488       0.0015000000000000
       0.0000053459998488       0.0015000000000000
       0.0000053469998488       0.0015000000000000
       0.0000053479998487       0.0015000000000000
       0.0000053489998487       0.0015000000000000
       0.0000053499998487       0.0015000000000000
       0.0000053509998487       0.0015000000000000
       0.0000053519998486       0.0014000000000000
       0.0000053529998486       0.0014000000000000
       0.0000053539998486       0.0014000000000000
       0.0000053549998486       0.0013000000000000
       0.0000053559998485       0.0013000000000000
       0.0000053569998485       0.0013000000000000
       0.0000053579998485       0.0012000000000000
       0.0000053589998484       0.0012000000000000
