# data from ERIS/NIX/NB_filters/H2-1-OS.txt
# manually processed and written by cleantrim.pro
       0.0000020683609415       0.0012999999709427
       0.0000020685669415       0.0009999999776483
       0.0000020687739415       0.0008999999798834
       0.0000020689799415       0.0008999999798834
       0.0000020691869415       0.0008999999798834
       0.0000020693929415       0.0010999999754131
       0.0000020695989415       0.0012999999709427
       0.0000020698059415       0.0014999999664724
       0.0000020700119415       0.0016999999620020
       0.0000020702189415       0.0017999999597669
       0.0000020704259414       0.0018999999575317
       0.0000020706329414       0.0019999999552965
       0.0000020708389414       0.0019999999552965
       0.0000020710459414       0.0020999999530613
       0.0000020712529414       0.0019999999552965
       0.0000020714599414       0.0019999999552965
       0.0000020716669414       0.0018999999575317
       0.0000020718739414       0.0017999999597669
       0.0000020720809414       0.0015999999642372
       0.0000020722879414       0.0013999999687076
       0.0000020724949414       0.0011999999731779
       0.0000020727019414       0.0010999999754131
       0.0000020729089414       0.0008999999798834
       0.0000020731159414       0.0006999999843538
       0.0000020733229414       0.0005999999865890
       0.0000020735309414       0.0004999999888241
       0.0000020737379414       0.0003999999910593
       0.0000020739449413       0.0003999999910593
       0.0000020741529413       0.0004999999888241
       0.0000020743599413       0.0005999999865890
       0.0000020745669413       0.0008999999798834
       0.0000020747749413       0.0012999999709427
       0.0000020749829413       0.0017999999597669
       0.0000020751899413       0.0023999999463558
       0.0000020753979413       0.0028999999351799
       0.0000020756059413       0.0033999999240041
       0.0000020758129413       0.0036999999172986
       0.0000020760209413       0.0037999999150634
       0.0000020762289413       0.0037999999150634
       0.0000020764369413       0.0036999999172986
       0.0000020766449413       0.0033999999240041
       0.0000020768519413       0.0030999999307096
       0.0000020770609413       0.0027999999374151
       0.0000020772689413       0.0024999999441206
       0.0000020774769412       0.0022999999485910
       0.0000020776849412       0.0021999999508262
       0.0000020778929412       0.0021999999508262
       0.0000020781009412       0.0021999999508262
       0.0000020783089412       0.0022999999485910
       0.0000020785179412       0.0023999999463558
       0.0000020787259412       0.0023999999463558
       0.0000020789339412       0.0024999999441206
       0.0000020791429412       0.0025999999418855
       0.0000020793509412       0.0025999999418855
       0.0000020795589412       0.0025999999418855
       0.0000020797679412       0.0026999999396503
       0.0000020799759412       0.0027999999374151
       0.0000020801849412       0.0029999999329448
       0.0000020803939412       0.0031999999284744
       0.0000020806029412       0.0034999999217689
       0.0000020808109412       0.0036999999172986
       0.0000020810199411       0.0038999999128282
       0.0000020812289411       0.0039999999105930
       0.0000020814369411       0.0039999999105930
       0.0000020816459411       0.0038999999128282
       0.0000020818559411       0.0036999999172986
       0.0000020820649411       0.0034999999217689
       0.0000020822739411       0.0032999999262393
       0.0000020824829411       0.0031999999284744
       0.0000020826919411       0.0030999999307096
       0.0000020829009411       0.0030999999307096
       0.0000020831099411       0.0030999999307096
       0.0000020833189411       0.0030999999307096
       0.0000020835289411       0.0030999999307096
       0.0000020837379411       0.0031999999284744
       0.0000020839469411       0.0032999999262393
       0.0000020841569411       0.0033999999240041
       0.0000020843659411       0.0035999999195337
       0.0000020845749410       0.0037999999150634
       0.0000020847849410       0.0039999999105930
       0.0000020849939410       0.0041999999061227
       0.0000020852039410       0.0043999999016523
       0.0000020854139410       0.0044999998994172
       0.0000020856239410       0.0044999998994172
       0.0000020858329410       0.0045999998971820
       0.0000020860429410       0.0046999998949468
       0.0000020862529410       0.0047999998927116
       0.0000020864629410       0.0049999998882413
       0.0000020866729410       0.0052999998815358
       0.0000020868829410       0.0055999998748302
       0.0000020870929410       0.0058999998681247
       0.0000020873029410       0.0061999998614192
       0.0000020875129410       0.0065999998524785
       0.0000020877229410       0.0068999998457730
       0.0000020879329409       0.0070999998413026
       0.0000020881429409       0.0072999998368323
       0.0000020883539409       0.0073999998345971
       0.0000020885639409       0.0073999998345971
       0.0000020887739409       0.0073999998345971
       0.0000020889839409       0.0071999998390675
       0.0000020891949409       0.0070999998413026
       0.0000020894049409       0.0068999998457730
       0.0000020896159409       0.0066999998502433
       0.0000020898259409       0.0064999998547137
       0.0000020900369409       0.0064999998547137
       0.0000020902479409       0.0064999998547137
       0.0000020904579409       0.0066999998502433
       0.0000020906689409       0.0069999998435378
       0.0000020908799409       0.0072999998368323
       0.0000020910899409       0.0076999998278916
       0.0000020913009409       0.0080999998189509
       0.0000020915119408       0.0084999998100102
       0.0000020917229408       0.0087999998033047
       0.0000020919339408       0.0089999997988343
       0.0000020921449408       0.0091999997943640
       0.0000020923559408       0.0094999997876585
       0.0000020925669408       0.0097999997809529
       0.0000020927779408       0.0101999997720122
       0.0000020929899408       0.0106999997608364
       0.0000020932009408       0.0111999997496605
       0.0000020934119408       0.0118999997340143
       0.0000020936229408       0.0125999997183681
       0.0000020938349408       0.0132999997027218
       0.0000020940459408       0.0140999996848404
       0.0000020942579408       0.0147999996691942
       0.0000020944689408       0.0155999996513128
       0.0000020946799408       0.0164999996311963
       0.0000020948919408       0.0172999996133149
       0.0000020951039407       0.0180999995954335
       0.0000020953149407       0.0188999995775521
       0.0000020955269407       0.0196999995596707
       0.0000020957389407       0.0203999995440245
       0.0000020959509407       0.0211999995261431
       0.0000020961619407       0.0220999995060265
       0.0000020963739407       0.0228999994881451
       0.0000020965859407       0.0236999994702637
       0.0000020967979407       0.0244999994523823
       0.0000020970099407       0.0251999994367361
       0.0000020972219407       0.0258999994210899
       0.0000020974339407       0.0265999994054437
       0.0000020976459407       0.0272999993897974
       0.0000020978579407       0.0280999993719161
       0.0000020980709407       0.0289999993517995
       0.0000020982829407       0.0300999993272126
       0.0000020984949407       0.0312999993003905
       0.0000020987079406       0.0325999992713332
       0.0000020989199406       0.0339999992400408
       0.0000020991319406       0.0354999992065132
       0.0000020993449406       0.0370999991707504
       0.0000020995569406       0.0386999991349876
       0.0000020997699406       0.0403999990969896
       0.0000020999829406       0.0422999990545213
       0.0000021001949406       0.0442999990098178
       0.0000021004079406       0.0463999989628792
       0.0000021006209406       0.0485999989137054
       0.0000021008329406       0.0508999988622963
       0.0000021010459406       0.0533999988064170
       0.0000021012589406       0.0560999987460673
       0.0000021014719406       0.0588999986834824
       0.0000021016849406       0.0618999986164272
       0.0000021018979406       0.0650999985449016
       0.0000021021109405       0.0684999984689057
       0.0000021023229405       0.0719999983906746
       0.0000021025369405       0.0755999983102083
       0.0000021027499405       0.0792999982275069
       0.0000021029629405       0.0829999981448054
       0.0000021031759405       0.0868999980576336
       0.0000021033899405       0.0908999979682267
       0.0000021036029405       0.0950999978743493
       0.0000021038159405       0.0994999977760017
       0.0000021040299405       0.1041999976709485
       0.0000021042429405       0.1092999975569546
       0.0000021044569405       0.1146999974362552
       0.0000021046699405       0.1205999973043799
       0.0000021048839405       0.1268999971635640
       0.0000021050969405       0.1336999970115721
       0.0000021053109405       0.1409999968484044
       0.0000021055249405       0.1488999966718257
       0.0000021057389404       0.1571999964863062
       0.0000021059529404       0.1658999962918460
       0.0000021061659404       0.1750999960862100
       0.0000021063799404       0.1847999958693981
       0.0000021065939404       0.1948999956436455
       0.0000021068079404       0.2053999954089522
       0.0000021070219404       0.2163999951630831
       0.0000021072359404       0.2279999949038029
       0.0000021074499404       0.2400999946333468
       0.0000021076649404       0.2527999943494797
       0.0000021078789404       0.2660999940522015
       0.0000021080929404       0.2798999937437475
       0.0000021083069404       0.2943999934196472
       0.0000021085209404       0.3093999930843711
       0.0000021087359404       0.3250999927334488
       0.0000021089499404       0.3412999923713506
       0.0000021091649403       0.3579999919980764
       0.0000021093789403       0.3752999916113913
       0.0000021095939403       0.3928999912180006
       0.0000021098079403       0.4109999908134341
       0.0000021100229403       0.4292999904043973
       0.0000021102379403       0.4478999899886548
       0.0000021104529403       0.4664999895729124
       0.0000021106669403       0.4850999891571701
       0.0000021108819403       0.5036999887414276
       0.0000021110969403       0.5221999883279205
       0.0000021113119403       0.5404999879188835
       0.0000021115269403       0.5585999875143171
       0.0000021117419403       0.5763999871164560
       0.0000021119569403       0.5938999867253005
       0.0000021121719403       0.6106999863497913
       0.0000021123869403       0.6269999859854579
       0.0000021126019403       0.6423999856412410
       0.0000021128169402       0.6568999853171408
       0.0000021130319402       0.6704999850131571
       0.0000021132479402       0.6831999847292899
       0.0000021134629402       0.6949999844655395
       0.0000021136779402       0.7058999842219055
       0.0000021138939402       0.7157999840006232
       0.0000021141089402       0.7248999837972223
       0.0000021143239402       0.7328999836184085
       0.0000021145399402       0.7400999834574760
       0.0000021147559402       0.7462999833188950
       0.0000021149719402       0.7516999831981958
       0.0000021151869402       0.7562999830953776
       0.0000021154029402       0.7601999830082059
       0.0000021156189402       0.7634999829344451
       0.0000021158339402       0.7661999828740955
       0.0000021160509402       0.7682999828271567
       0.0000021162659401       0.7698999827913939
       0.0000021164819401       0.7708999827690423
       0.0000021166979401       0.7714999827556313
       0.0000021169149401       0.7717999827489258
       0.0000021171299401       0.7716999827511609
       0.0000021173459401       0.7713999827578664
       0.0000021175629401       0.7710999827645719
       0.0000021177789401       0.7706999827735125
       0.0000021179949401       0.7703999827802182
       0.0000021182109401       0.7702999827824533
       0.0000021184279401       0.7702999827824533
       0.0000021186439401       0.7703999827802182
       0.0000021188599401       0.7706999827735125
       0.0000021190769401       0.7710999827645719
       0.0000021192929401       0.7714999827556313
       0.0000021195099401       0.7718999827466905
       0.0000021197269401       0.7721999827399850
       0.0000021199429400       0.7723999827355146
       0.0000021201599400       0.7725999827310444
       0.0000021203769400       0.7727999827265739
       0.0000021205929400       0.7730999827198685
       0.0000021208099400       0.7733999827131629
       0.0000021210279400       0.7736999827064575
       0.0000021212439400       0.7739999826997519
       0.0000021214609400       0.7742999826930465
       0.0000021216779400       0.7743999826908111
       0.0000021218949400       0.7744999826885760
       0.0000021221119400       0.7742999826930465
       0.0000021223289400       0.7739999826997519
       0.0000021225469400       0.7732999827153980
       0.0000021227639400       0.7723999827355146
       0.0000021229809400       0.7711999827623368
       0.0000021231989400       0.7694999828003347
       0.0000021234159399       0.7673999828472733
       0.0000021236329399       0.7646999829076231
       0.0000021238509399       0.7613999829813838
       0.0000021240679399       0.7574999830685556
       0.0000021242859399       0.7528999831713736
       0.0000021245039399       0.7473999832943081
       0.0000021247209399       0.7411999834328891
       0.0000021249389399       0.7340999835915863
       0.0000021251559399       0.7260999837704003
       0.0000021253739399       0.7170999839715659
       0.0000021255919399       0.7071999841928482
       0.0000021258099399       0.6962999844364821
       0.0000021260279399       0.6844999847002328
       0.0000021262459399       0.6718999849818647
       0.0000021264629399       0.6583999852836132
       0.0000021266819399       0.6441999856010080
       0.0000021268999398       0.6292999859340489
       0.0000021271179398       0.6136999862827360
       0.0000021273359398       0.5974999866448343
       0.0000021275549398       0.5805999870225788
       0.0000021277729398       0.5632999874092638
       0.0000021279909398       0.5454999878071248
       0.0000021282089398       0.5272999882139265
       0.0000021284279398       0.5089999886229634
       0.0000021286459398       0.4905999890342355
       0.0000021288639398       0.4721999894455075
       0.0000021290829398       0.4539999898523092
       0.0000021293009398       0.4360999902524054
       0.0000021295199398       0.4183999906480313
       0.0000021297389398       0.4009999910369516
       0.0000021299579398       0.3839999914169311
       0.0000021301759398       0.3671999917924404
       0.0000021303949397       0.3508999921567739
       0.0000021306139397       0.3350999925099313
       0.0000021308329397       0.3196999928541481
       0.0000021310519397       0.3049999931827188
       0.0000021312699397       0.2907999935001135
       0.0000021314889397       0.2771999938040972
       0.0000021317089397       0.2641999940946698
       0.0000021319279397       0.2516999943740666
       0.0000021321469397       0.2397999946400523
       0.0000021323659397       0.2283999948948622
       0.0000021325849397       0.2174999951384962
       0.0000021328049397       0.2071999953687191
       0.0000021330239397       0.1971999955922365
       0.0000021332439397       0.1876999958045781
       0.0000021334629397       0.1785999960079789
       0.0000021336819397       0.1696999962069094
       0.0000021339019396       0.1611999963968992
       0.0000021341209396       0.1529999965801835
       0.0000021343409396       0.1451999967545271
       0.0000021345609396       0.1376999969221651
       0.0000021347809396       0.1306999970786273
       0.0000021349999396       0.1240999972261488
       0.0000021352199396       0.1178999973647296
       0.0000021354399396       0.1121999974921346
       0.0000021356599396       0.1067999976128340
       0.0000021358799396       0.1016999977268279
       0.0000021360989396       0.0969999978318810
       0.0000021363189396       0.0924999979324639
       0.0000021365389396       0.0882999980263412
       0.0000021367599396       0.0842999981157482
       0.0000021369799396       0.0804999982006848
       0.0000021371999396       0.0768999982811511
       0.0000021374199395       0.0733999983593822
       0.0000021376409395       0.0700999984331429
       0.0000021378609395       0.0670999985001981
       0.0000021380809395       0.0641999985650182
       0.0000021383019395       0.0614999986253679
       0.0000021385219395       0.0590999986790121
       0.0000021387419395       0.0567999987304211
       0.0000021389629395       0.0545999987795949
       0.0000021391839395       0.0524999988265336
       0.0000021394039395       0.0503999988734722
       0.0000021396249395       0.0483999989181757
       0.0000021398459395       0.0463999989628792
       0.0000021400669395       0.0444999990053475
       0.0000021402869395       0.0425999990478158
       0.0000021405089395       0.0407999990880489
       0.0000021407289395       0.0389999991282821
       0.0000021409499394       0.0371999991685152
       0.0000021411709394       0.0354999992065132
       0.0000021413919394       0.0338999992422760
       0.0000021416129394       0.0322999992780387
       0.0000021418339394       0.0308999993093312
       0.0000021420559394       0.0294999993406236
       0.0000021422769394       0.0282999993674457
       0.0000021424979394       0.0270999993942678
       0.0000021427199394       0.0260999994166195
       0.0000021429409394       0.0250999994389713
       0.0000021431619394       0.0242999994568527
       0.0000021433839394       0.0234999994747341
       0.0000021436049394       0.0227999994903803
       0.0000021438269394       0.0220999995060265
       0.0000021440489394       0.0214999995194376
       0.0000021442699394       0.0207999995350838
       0.0000021444919393       0.0201999995484948
       0.0000021447139393       0.0194999995641410
       0.0000021449349393       0.0187999995797873
       0.0000021451569393       0.0179999995976686
       0.0000021453789393       0.0172999996133149
       0.0000021456009393       0.0165999996289611
       0.0000021458229393       0.0160999996401370
       0.0000021460449393       0.0155999996513128
       0.0000021462669393       0.0152999996580184
       0.0000021464889393       0.0150999996624887
       0.0000021467109393       0.0148999996669590
       0.0000021469339393       0.0146999996714294
       0.0000021471559393       0.0144999996758997
       0.0000021473779393       0.0140999996848404
       0.0000021476009393       0.0135999996960163
       0.0000021478229393       0.0130999997071922
       0.0000021480449392       0.0123999997228384
       0.0000021482679392       0.0117999997362494
       0.0000021484899392       0.0112999997474253
       0.0000021487129392       0.0107999997586012
       0.0000021489349392       0.0102999997697771
       0.0000021491579392       0.0098999997787178
       0.0000021493809392       0.0093999997898936
       0.0000021496029392       0.0088999998010695
       0.0000021498269392       0.0083999998122454
       0.0000021500489392       0.0077999998256564
       0.0000021502719392       0.0072999998368323
       0.0000021504949392       0.0068999998457730
       0.0000021507179392       0.0065999998524785
       0.0000021509409392       0.0063999998569489
       0.0000021511639392       0.0061999998614192
       0.0000021513879392       0.0060999998636544
       0.0000021516109391       0.0059999998658895
       0.0000021518339391       0.0058999998681247
       0.0000021520569391       0.0058999998681247
       0.0000021522809391       0.0058999998681247
       0.0000021525039391       0.0058999998681247
       0.0000021527269391       0.0059999998658895
       0.0000021529509391       0.0060999998636544
       0.0000021531739391       0.0061999998614192
       0.0000021533979391       0.0061999998614192
       0.0000021536209391       0.0060999998636544
       0.0000021538449391       0.0058999998681247
       0.0000021540679391       0.0056999998725951
       0.0000021542919391       0.0052999998815358
       0.0000021545159391       0.0049999998882413
       0.0000021547399391       0.0045999998971820
       0.0000021549639391       0.0042999999038875
       0.0000021551879390       0.0040999999083579
       0.0000021554119390       0.0038999999128282
       0.0000021556359390       0.0036999999172986
       0.0000021558599390       0.0035999999195337
       0.0000021560839390       0.0035999999195337
       0.0000021563079390       0.0035999999195337
       0.0000021565319390       0.0036999999172986
       0.0000021567569390       0.0037999999150634
       0.0000021569809390       0.0037999999150634
       0.0000021572049390       0.0038999999128282
       0.0000021574289390       0.0037999999150634
       0.0000021576539390       0.0037999999150634
       0.0000021578779390       0.0037999999150634
       0.0000021581029390       0.0037999999150634
       0.0000021583279390       0.0037999999150634
       0.0000021585519390       0.0038999999128282
       0.0000021587769389       0.0040999999083579
       0.0000021590009389       0.0041999999061227
       0.0000021592259389       0.0042999999038875
       0.0000021594509389       0.0041999999061227
       0.0000021596759389       0.0040999999083579
       0.0000021598999389       0.0037999999150634
       0.0000021601259389       0.0034999999217689
       0.0000021603509389       0.0031999999284744
       0.0000021605759389       0.0028999999351799
       0.0000021608009389       0.0025999999418855
       0.0000021610259389       0.0023999999463558
       0.0000021612509389       0.0021999999508262
       0.0000021614759389       0.0019999999552965
       0.0000021617019389       0.0017999999597669
       0.0000021619269389       0.0015999999642372
       0.0000021621519389       0.0013999999687076
       0.0000021623779388       0.0012999999709427
       0.0000021626029388       0.0010999999754131
       0.0000021628289388       0.0010999999754131
       0.0000021630539388       0.0010999999754131
       0.0000021632799388       0.0011999999731779
       0.0000021635059388       0.0013999999687076
       0.0000021637309388       0.0014999999664724
       0.0000021639569388       0.0015999999642372
       0.0000021641829388       0.0016999999620020
       0.0000021644079388       0.0017999999597669
       0.0000021646339388       0.0019999999552965
       0.0000021648599388       0.0020999999530613
       0.0000021650859388       0.0022999999485910
       0.0000021653129388       0.0024999999441206
       0.0000021655389388       0.0025999999418855
       0.0000021657639387       0.0026999999396503
       0.0000021659909387       0.0026999999396503
       0.0000021662169387       0.0025999999418855
       0.0000021664429387       0.0024999999441206
       0.0000021666689387       0.0022999999485910
       0.0000021668959387       0.0020999999530613
       0.0000021671219387       0.0018999999575317
       0.0000021673479387       0.0017999999597669
       0.0000021675749387       0.0017999999597669
       0.0000021678019387       0.0017999999597669
       0.0000021680279387       0.0018999999575317
       0.0000021682549387       0.0018999999575317
       0.0000021684819387       0.0019999999552965
       0.0000021687079387       0.0019999999552965
       0.0000021689349387       0.0020999999530613
       0.0000021691619387       0.0020999999530613
       0.0000021693889386       0.0019999999552965
       0.0000021696159386       0.0018999999575317
       0.0000021698429386       0.0017999999597669
       0.0000021700699386       0.0015999999642372
       0.0000021702969386       0.0014999999664724
       0.0000021705239386       0.0013999999687076
       0.0000021707509386       0.0013999999687076
       0.0000021709779386       0.0014999999664724
       0.0000021712059386       0.0016999999620020
       0.0000021714329386       0.0018999999575317
       0.0000021716599386       0.0021999999508262
       0.0000021718879386       0.0023999999463558
       0.0000021721149386       0.0025999999418855
       0.0000021723419386       0.0027999999374151
       0.0000021725699386       0.0028999999351799
       0.0000021727979385       0.0029999999329448
       0.0000021730249385       0.0030999999307096
       0.0000021732529385       0.0030999999307096
       0.0000021734809385       0.0030999999307096
       0.0000021737079385       0.0028999999351799
       0.0000021739359385       0.0027999999374151
       0.0000021741639385       0.0025999999418855
       0.0000021743919385       0.0023999999463558
       0.0000021746199385       0.0021999999508262
       0.0000021748479385       0.0020999999530613
       0.0000021750759385       0.0020999999530613
       0.0000021753039385       0.0020999999530613
       0.0000021755319385       0.0020999999530613
       0.0000021757609385       0.0021999999508262
       0.0000021759889385       0.0021999999508262
       0.0000021762169385       0.0021999999508262
       0.0000021764459384       0.0019999999552965
       0.0000021766739384       0.0018999999575317
       0.0000021769019384       0.0015999999642372
       0.0000021771309384       0.0013999999687076
       0.0000021773589384       0.0011999999731779
       0.0000021775879384       0.0010999999754131
       0.0000021778169384       0.0009999999776483
       0.0000021780459384       0.0008999999798834
       0.0000021782739384       0.0007999999821186
       0.0000021785029384       0.0006999999843538
       0.0000021787319384       0.0006999999843538
