# data from ERIS/NIX/NB_filters/H2-cont.txt
# manually processed and written by cleantrim.pro
       0.0000019825589439       0.0000000000000000
       0.0000019827479439       0.0000000000000000
       0.0000019829379439       0.0000000000000000
       0.0000019831269439       0.0000000000000000
       0.0000019833169439       0.0000000000000000
       0.0000019835059439       0.0000000000000000
       0.0000019836959439       0.0000000000000000
       0.0000019838859439       0.0000000000000000
       0.0000019840759439       0.0000000000000000
       0.0000019842659439       0.0000000000000000
       0.0000019844549439       0.0000000000000000
       0.0000019846449439       0.0000000000000000
       0.0000019848349439       0.0000000000000000
       0.0000019850249439       0.0000000000000000
       0.0000019852149439       0.0000000000000000
       0.0000019854049438       0.0000000000000000
       0.0000019855949438       0.0000999999977648
       0.0000019857849438       0.0000999999977648
       0.0000019859749438       0.0000000000000000
       0.0000019861659438       0.0000000000000000
       0.0000019863559438       0.0000000000000000
       0.0000019865459438       0.0000000000000000
       0.0000019867359438       0.0000000000000000
       0.0000019869269438       0.0000000000000000
       0.0000019871169438       0.0000000000000000
       0.0000019873069438       0.0000000000000000
       0.0000019874979438       0.0000000000000000
       0.0000019876879438       0.0000000000000000
       0.0000019878789438       0.0000000000000000
       0.0000019880689438       0.0000000000000000
       0.0000019882599438       0.0000000000000000
       0.0000019884499438       0.0000000000000000
       0.0000019886409438       0.0000000000000000
       0.0000019888319438       0.0000000000000000
       0.0000019890229437       0.0000000000000000
       0.0000019892129437       0.0000999999977648
       0.0000019894039437       0.0003999999910593
       0.0000019895949437       0.0005999999865890
       0.0000019897859437       0.0007999999821186
       0.0000019899759437       0.0009999999776483
       0.0000019901679437       0.0009999999776483
       0.0000019903589437       0.0009999999776483
       0.0000019905499437       0.0008999999798834
       0.0000019907409437       0.0006999999843538
       0.0000019909319437       0.0004999999888241
       0.0000019911229437       0.0002999999932945
       0.0000019913139437       0.0000999999977648
       0.0000019915049437       0.0000000000000000
       0.0000019916959437       0.0000000000000000
       0.0000019918879437       0.0000000000000000
       0.0000019920789437       0.0000000000000000
       0.0000019922699437       0.0000000000000000
       0.0000019924619436       0.0000000000000000
       0.0000019926529436       0.0000000000000000
       0.0000019928439436       0.0000999999977648
       0.0000019930359436       0.0004999999888241
       0.0000019932279436       0.0007999999821186
       0.0000019934189436       0.0008999999798834
       0.0000019936109436       0.0009999999776483
       0.0000019938019436       0.0008999999798834
       0.0000019939939436       0.0007999999821186
       0.0000019941859436       0.0006999999843538
       0.0000019943769436       0.0005999999865890
       0.0000019945699436       0.0006999999843538
       0.0000019947609436       0.0008999999798834
       0.0000019949529436       0.0011999999731779
       0.0000019951449436       0.0014999999664724
       0.0000019953369436       0.0016999999620020
       0.0000019955289436       0.0016999999620020
       0.0000019957209436       0.0016999999620020
       0.0000019959129436       0.0014999999664724
       0.0000019961049435       0.0012999999709427
       0.0000019962969435       0.0011999999731779
       0.0000019964889435       0.0010999999754131
       0.0000019966819435       0.0010999999754131
       0.0000019968739435       0.0010999999754131
       0.0000019970659435       0.0010999999754131
       0.0000019972579435       0.0010999999754131
       0.0000019974499435       0.0009999999776483
       0.0000019976429435       0.0007999999821186
       0.0000019978359435       0.0006999999843538
       0.0000019980279435       0.0005999999865890
       0.0000019982199435       0.0005999999865890
       0.0000019984129435       0.0006999999843538
       0.0000019986049435       0.0008999999798834
       0.0000019987979435       0.0010999999754131
       0.0000019989909435       0.0011999999731779
       0.0000019991839435       0.0012999999709427
       0.0000019993759435       0.0012999999709427
       0.0000019995689434       0.0011999999731779
       0.0000019997619434       0.0010999999754131
       0.0000019999539434       0.0009999999776483
       0.0000020001469434       0.0007999999821186
       0.0000020003399434       0.0006999999843538
       0.0000020005329434       0.0006999999843538
       0.0000020007259434       0.0004999999888241
       0.0000020009189434       0.0003999999910593
       0.0000020011119434       0.0001999999955297
       0.0000020013049434       0.0000000000000000
       0.0000020014979434       0.0000000000000000
       0.0000020016909434       0.0000000000000000
       0.0000020018849434       0.0000000000000000
       0.0000020020779434       0.0000000000000000
       0.0000020022709434       0.0000000000000000
       0.0000020024639434       0.0000000000000000
       0.0000020026579434       0.0000000000000000
       0.0000020028509434       0.0000000000000000
       0.0000020030449434       0.0000000000000000
       0.0000020032379433       0.0000000000000000
       0.0000020034309433       0.0000000000000000
       0.0000020036249433       0.0000000000000000
       0.0000020038179433       0.0000000000000000
       0.0000020040119433       0.0000000000000000
       0.0000020042059433       0.0000000000000000
       0.0000020043999433       0.0000000000000000
       0.0000020045929433       0.0000000000000000
       0.0000020047869433       0.0000000000000000
       0.0000020049809433       0.0000000000000000
       0.0000020051749433       0.0000000000000000
       0.0000020053689433       0.0000000000000000
       0.0000020055629433       0.0000000000000000
       0.0000020057569433       0.0000000000000000
       0.0000020059499433       0.0000000000000000
       0.0000020061439433       0.0000000000000000
       0.0000020063379433       0.0000000000000000
       0.0000020065319433       0.0000999999977648
       0.0000020067269432       0.0002999999932945
       0.0000020069209432       0.0003999999910593
       0.0000020071149432       0.0004999999888241
       0.0000020073089432       0.0004999999888241
       0.0000020075039432       0.0003999999910593
       0.0000020076979432       0.0003999999910593
       0.0000020078919432       0.0002999999932945
       0.0000020080869432       0.0002999999932945
       0.0000020082809432       0.0003999999910593
       0.0000020084759432       0.0005999999865890
       0.0000020086699432       0.0007999999821186
       0.0000020088639432       0.0010999999754131
       0.0000020090589432       0.0014999999664724
       0.0000020092539432       0.0017999999597669
       0.0000020094479432       0.0019999999552965
       0.0000020096429432       0.0020999999530613
       0.0000020098379432       0.0020999999530613
       0.0000020100329432       0.0019999999552965
       0.0000020102269431       0.0017999999597669
       0.0000020104219431       0.0015999999642372
       0.0000020106169431       0.0014999999664724
       0.0000020108119431       0.0014999999664724
       0.0000020110069431       0.0015999999642372
       0.0000020112019431       0.0016999999620020
       0.0000020113969431       0.0017999999597669
       0.0000020115919431       0.0018999999575317
       0.0000020117869431       0.0019999999552965
       0.0000020119829431       0.0018999999575317
       0.0000020121779431       0.0017999999597669
       0.0000020123729431       0.0016999999620020
       0.0000020125679431       0.0015999999642372
       0.0000020127629431       0.0016999999620020
       0.0000020129589431       0.0019999999552965
       0.0000020131539431       0.0021999999508262
       0.0000020133489431       0.0024999999441206
       0.0000020135449431       0.0026999999396503
       0.0000020137409430       0.0027999999374151
       0.0000020139359430       0.0028999999351799
       0.0000020141319430       0.0027999999374151
       0.0000020143269430       0.0027999999374151
       0.0000020145229430       0.0028999999351799
       0.0000020147179430       0.0030999999307096
       0.0000020149139430       0.0033999999240041
       0.0000020151099430       0.0037999999150634
       0.0000020153059430       0.0042999999038875
       0.0000020155019430       0.0046999998949468
       0.0000020156969430       0.0050999998860061
       0.0000020158929430       0.0053999998793006
       0.0000020160889430       0.0054999998770654
       0.0000020162859430       0.0056999998725951
       0.0000020164819430       0.0057999998703599
       0.0000020166779430       0.0058999998681247
       0.0000020168739430       0.0060999998636544
       0.0000020170699430       0.0063999998569489
       0.0000020172659429       0.0066999998502433
       0.0000020174619429       0.0071999998390675
       0.0000020176579429       0.0076999998278916
       0.0000020178539429       0.0081999998167157
       0.0000020180509429       0.0086999998055398
       0.0000020182469429       0.0092999997921288
       0.0000020184429429       0.0097999997809529
       0.0000020186399429       0.0102999997697771
       0.0000020188369429       0.0108999997563660
       0.0000020190329429       0.0113999997451901
       0.0000020192299429       0.0118999997340143
       0.0000020194259429       0.0122999997250736
       0.0000020196229429       0.0126999997161329
       0.0000020198189429       0.0129999997094274
       0.0000020200159429       0.0132999997027218
       0.0000020202129429       0.0135999996960163
       0.0000020204099429       0.0138999996893108
       0.0000020206069429       0.0143999996781349
       0.0000020208039428       0.0150999996624887
       0.0000020210009428       0.0158999996446073
       0.0000020211969428       0.0167999996244907
       0.0000020213939428       0.0175999996066093
       0.0000020215909428       0.0183999995887280
       0.0000020217879428       0.0189999995753169
       0.0000020219849428       0.0194999995641410
       0.0000020221829428       0.0199999995529652
       0.0000020223799428       0.0203999995440245
       0.0000020225769428       0.0209999995306134
       0.0000020227739428       0.0217999995127320
       0.0000020229709428       0.0227999994903803
       0.0000020231689428       0.0239999994635582
       0.0000020233659428       0.0251999994367361
       0.0000020235639428       0.0264999994076788
       0.0000020237609428       0.0276999993808568
       0.0000020239579428       0.0288999993540347
       0.0000020241559428       0.0301999993249774
       0.0000020243529427       0.0314999992959201
       0.0000020245509427       0.0327999992668629
       0.0000020247489427       0.0343999992311001
       0.0000020249469427       0.0359999991953373
       0.0000020251439427       0.0377999991551042
       0.0000020253419427       0.0396999991126359
       0.0000020255399427       0.0416999990679324
       0.0000020257369427       0.0436999990232289
       0.0000020259359427       0.0458999989740550
       0.0000020261329427       0.0480999989248812
       0.0000020263309427       0.0504999988712370
       0.0000020265289427       0.0528999988175929
       0.0000020267269427       0.0554999987594783
       0.0000020269249427       0.0580999987013638
       0.0000020271229427       0.0607999986410141
       0.0000020273219427       0.0636999985761940
       0.0000020275199427       0.0665999985113740
       0.0000020277179427       0.0696999984420836
       0.0000020279159426       0.0729999983683228
       0.0000020281149426       0.0763999982923269
       0.0000020283129426       0.0800999982096255
       0.0000020285109426       0.0838999981246889
       0.0000020287089426       0.0878999980352819
       0.0000020289079426       0.0921999979391694
       0.0000020291069426       0.0965999978408217
       0.0000020293049426       0.1012999977357686
       0.0000020295039426       0.1061999976262450
       0.0000020297019426       0.1113999975100160
       0.0000020299009426       0.1166999973915517
       0.0000020300989426       0.1222999972663820
       0.0000020302979426       0.1281999971345067
       0.0000020304969426       0.1343999969959259
       0.0000020306959426       0.1409999968484044
       0.0000020308949426       0.1479999966919422
       0.0000020310939426       0.1553999965265393
       0.0000020312919426       0.1630999963544309
       0.0000020314909425       0.1709999961778522
       0.0000020316899425       0.1791999959945679
       0.0000020318899425       0.1875999958068132
       0.0000020320879425       0.1963999956101179
       0.0000020322879425       0.2055999954044819
       0.0000020324869425       0.2153999951854348
       0.0000020326859425       0.2256999949552119
       0.0000020328849425       0.2365999947115779
       0.0000020330839425       0.2481999944522977
       0.0000020332839425       0.2603999941796064
       0.0000020334829425       0.2730999938957393
       0.0000020336829425       0.2862999936006963
       0.0000020338819425       0.2998999932967126
       0.0000020340809425       0.3139999929815531
       0.0000020342809425       0.3284999926574528
       0.0000020344799425       0.3433999923244119
       0.0000020346799425       0.3588999919779599
       0.0000020348789424       0.3747999916225672
       0.0000020350789424       0.3910999912582338
       0.0000020352789424       0.4078999908827245
       0.0000020354779424       0.4250999904982746
       0.0000020356789424       0.4427999901026488
       0.0000020358779424       0.4607999897003174
       0.0000020360779424       0.4791999892890453
       0.0000020362779424       0.4977999888733030
       0.0000020364779424       0.5167999884486199
       0.0000020366779424       0.5357999880239367
       0.0000020368779424       0.5549999875947833
       0.0000020370779424       0.5740999871678650
       0.0000020372779424       0.5929999867454171
       0.0000020374779424       0.6117999863252044
       0.0000020376779424       0.6301999859139323
       0.0000020378779424       0.6482999855093657
       0.0000020380789424       0.6659999851137399
       0.0000020382789424       0.6832999847270548
       0.0000020384789423       0.7000999843515456
       0.0000020386789423       0.7165999839827418
       0.0000020388799423       0.7324999836273491
       0.0000020390809423       0.7479999832808971
       0.0000020392809423       0.7626999829523265
       0.0000020394819423       0.7766999826394022
       0.0000020396819423       0.7898999823443591
       0.0000020398829423       0.8020999820716679
       0.0000020400829423       0.8134999818168580
       0.0000020402839423       0.8241999815776945
       0.0000020404849423       0.8340999813564122
       0.0000020406859423       0.8434999811463058
       0.0000020408859423       0.8522999809496105
       0.0000020410869423       0.8603999807685614
       0.0000020412879423       0.8678999806009233
       0.0000020414889423       0.8745999804511666
       0.0000020416899423       0.8804999803192913
       0.0000020418909423       0.8853999802097678
       0.0000020420919422       0.8894999801181257
       0.0000020422929422       0.8926999800466001
       0.0000020424939422       0.8951999799907208
       0.0000020426949422       0.8971999799460173
       0.0000020428959422       0.8986999799124897
       0.0000020430979422       0.8998999798856675
       0.0000020432989422       0.9006999798677860
       0.0000020434999422       0.9013999798521399
       0.0000020437019422       0.9016999798454345
       0.0000020439029422       0.9016999798454345
       0.0000020441039422       0.9012999798543750
       0.0000020443059422       0.9002999798767268
       0.0000020445069422       0.8988999799080193
       0.0000020447089422       0.8969999799504876
       0.0000020449109422       0.8946999800018967
       0.0000020451119422       0.8919999800622463
       0.0000020453139422       0.8890999801270664
       0.0000020455159421       0.8861999801918865
       0.0000020457169421       0.8832999802567064
       0.0000020459189421       0.8804999803192913
       0.0000020461209421       0.8777999803796410
       0.0000020463229421       0.8752999804355204
       0.0000020465239421       0.8729999804869294
       0.0000020467259421       0.8708999805338681
       0.0000020469289421       0.8688999805785715
       0.0000020471309421       0.8669999806210399
       0.0000020473329421       0.8650999806635082
       0.0000020475349421       0.8631999807059764
       0.0000020477369421       0.8610999807529152
       0.0000020479389421       0.8588999808020890
       0.0000020481409421       0.8565999808534980
       0.0000020483439421       0.8542999809049071
       0.0000020485459421       0.8519999809563160
       0.0000020487479421       0.8498999810032546
       0.0000020489509421       0.8477999810501933
       0.0000020491529420       0.8458999810926616
       0.0000020493549420       0.8440999811328947
       0.0000020495579420       0.8422999811731279
       0.0000020497599420       0.8404999812133610
       0.0000020499629420       0.8387999812513589
       0.0000020501659420       0.8371999812871218
       0.0000020503689420       0.8355999813228846
       0.0000020505709420       0.8341999813541771
       0.0000020507739420       0.8329999813809991
       0.0000020509769420       0.8319999814033509
       0.0000020511789420       0.8311999814212323
       0.0000020513819420       0.8305999814346433
       0.0000020515849420       0.8300999814458192
       0.0000020517879420       0.8298999814502894
       0.0000020519909420       0.8297999814525246
       0.0000020521939420       0.8297999814525246
       0.0000020523969420       0.8297999814525246
       0.0000020525999419       0.8297999814525246
       0.0000020528029419       0.8296999814547599
       0.0000020530069419       0.8295999814569950
       0.0000020532099419       0.8292999814637007
       0.0000020534129419       0.8290999814681709
       0.0000020536169419       0.8290999814681709
       0.0000020538199419       0.8291999814659358
       0.0000020540229419       0.8294999814592302
       0.0000020542269419       0.8300999814458192
       0.0000020544299419       0.8307999814301729
       0.0000020546339419       0.8316999814100564
       0.0000020548369419       0.8324999813921750
       0.0000020550409419       0.8332999813742935
       0.0000020552439419       0.8340999813564122
       0.0000020554479419       0.8346999813430012
       0.0000020556519419       0.8353999813273549
       0.0000020558559419       0.8360999813117087
       0.0000020560589419       0.8369999812915921
       0.0000020562629418       0.8379999812692404
       0.0000020564669418       0.8391999812424183
       0.0000020566709418       0.8403999812155962
       0.0000020568749418       0.8415999811887741
       0.0000020570789418       0.8428999811597169
       0.0000020572829418       0.8439999811351300
       0.0000020574869418       0.8449999811127782
       0.0000020576909418       0.8458999810926616
       0.0000020578959418       0.8467999810725452
       0.0000020580989418       0.8476999810524285
       0.0000020583039418       0.8484999810345470
       0.0000020585079418       0.8494999810121954
       0.0000020587119418       0.8504999809898436
       0.0000020589169418       0.8515999809652567
       0.0000020591209418       0.8527999809384346
       0.0000020593249418       0.8540999809093773
       0.0000020595299418       0.8554999808780849
       0.0000020597349417       0.8569999808445573
       0.0000020599389417       0.8584999808110296
       0.0000020601439417       0.8600999807752669
       0.0000020603479417       0.8616999807395042
       0.0000020605529417       0.8631999807059764
       0.0000020607579417       0.8645999806746840
       0.0000020609619417       0.8659999806433916
       0.0000020611669417       0.8671999806165696
       0.0000020613719417       0.8683999805897474
       0.0000020615769417       0.8693999805673956
       0.0000020617819417       0.8703999805450440
       0.0000020619869417       0.8712999805249273
       0.0000020621919417       0.8721999805048108
       0.0000020623969417       0.8730999804846943
       0.0000020626019417       0.8739999804645777
       0.0000020628069417       0.8747999804466963
       0.0000020630129417       0.8756999804265796
       0.0000020632179416       0.8764999804086984
       0.0000020634229416       0.8769999803975225
       0.0000020636279416       0.8773999803885817
       0.0000020638339416       0.8774999803863466
       0.0000020640389416       0.8774999803863466
       0.0000020642439416       0.8772999803908169
       0.0000020644499416       0.8771999803930521
       0.0000020646549416       0.8771999803930521
       0.0000020648609416       0.8773999803885817
       0.0000020650669416       0.8777999803796410
       0.0000020652719416       0.8783999803662300
       0.0000020654779416       0.8789999803528190
       0.0000020656829416       0.8795999803394079
       0.0000020658889416       0.8800999803282321
       0.0000020660949416       0.8802999803237617
       0.0000020663009416       0.8803999803215266
       0.0000020665069416       0.8803999803215266
       0.0000020667119415       0.8802999803237617
       0.0000020669189415       0.8800999803282321
       0.0000020671239415       0.8798999803327023
       0.0000020673299415       0.8793999803438782
       0.0000020675359415       0.8787999803572892
       0.0000020677429415       0.8778999803774059
       0.0000020679489415       0.8768999803997576
       0.0000020681549415       0.8757999804243445
       0.0000020683609415       0.8745999804511666
       0.0000020685679415       0.8733999804779887
       0.0000020687739415       0.8723999805003404
       0.0000020689799415       0.8713999805226922
       0.0000020691869415       0.8702999805472791
       0.0000020693929415       0.8692999805696310
       0.0000020695989415       0.8680999805964530
       0.0000020698059415       0.8666999806277454
       0.0000020700129415       0.8650999806635082
       0.0000020702189415       0.8632999807037413
       0.0000020704259414       0.8611999807506800
       0.0000020706329414       0.8588999808020890
       0.0000020708389414       0.8563999808579683
       0.0000020710459414       0.8537999809160828
       0.0000020712529414       0.8510999809764326
       0.0000020714599414       0.8483999810367823
       0.0000020716669414       0.8457999810948967
       0.0000020718739414       0.8433999811485410
       0.0000020720809414       0.8410999811999500
       0.0000020722879414       0.8389999812468887
       0.0000020724949414       0.8370999812893569
       0.0000020727019414       0.8352999813295900
       0.0000020729089414       0.8334999813698232
       0.0000020731159414       0.8315999814122915
       0.0000020733239414       0.8295999814569950
       0.0000020735309414       0.8274999815039337
       0.0000020737379414       0.8252999815531075
       0.0000020739449413       0.8229999816045165
       0.0000020741529413       0.8206999816559254
       0.0000020743599413       0.8181999817118047
       0.0000020745679413       0.8156999817676841
       0.0000020747749413       0.8130999818257988
       0.0000020749829413       0.8102999818883836
       0.0000020751899413       0.8073999819532036
       0.0000020753979413       0.8042999820224942
       0.0000020756059413       0.8009999820962548
       0.0000020758129413       0.7976999821700156
       0.0000020760209413       0.7943999822437763
       0.0000020762289413       0.7910999823175371
       0.0000020764369413       0.7879999823868274
       0.0000020766449413       0.7849999824538827
       0.0000020768519413       0.7820999825187027
       0.0000020770609413       0.7791999825835229
       0.0000020772689413       0.7764999826438725
       0.0000020774769412       0.7737999827042221
       0.0000020776849412       0.7710999827645719
       0.0000020778929412       0.7685999828204513
       0.0000020781009412       0.7662999828718602
       0.0000020783089412       0.7640999829210341
       0.0000020785179412       0.7619999829679728
       0.0000020787259412       0.7601999830082059
       0.0000020789339412       0.7582999830506741
       0.0000020791429412       0.7564999830909074
       0.0000020793509412       0.7546999831311405
       0.0000020795599412       0.7526999831758440
       0.0000020797679412       0.7506999832205473
       0.0000020799769412       0.7485999832674861
       0.0000020801849412       0.7465999833121896
       0.0000020803939412       0.7444999833591283
       0.0000020806029412       0.7425999834015966
       0.0000020808109412       0.7407999834418296
       0.0000020810199411       0.7391999834775925
       0.0000020812289411       0.7376999835111201
       0.0000020814379411       0.7363999835401773
       0.0000020816459411       0.7350999835692347
       0.0000020818559411       0.7339999835938216
       0.0000020820649411       0.7329999836161732
       0.0000020822739411       0.7319999836385250
       0.0000020824829411       0.7310999836586416
       0.0000020826919411       0.7303999836742878
       0.0000020829009411       0.7297999836876988
       0.0000020831099411       0.7292999836988748
       0.0000020833189411       0.7289999837055803
       0.0000020835289411       0.7286999837122858
       0.0000020837379411       0.7285999837145209
       0.0000020839469411       0.7284999837167561
       0.0000020841569411       0.7285999837145209
       0.0000020843659411       0.7289999837055803
       0.0000020845749410       0.7294999836944044
       0.0000020847849410       0.7304999836720526
       0.0000020849949410       0.7316999836452306
       0.0000020852039410       0.7332999836094677
       0.0000020854139410       0.7352999835647642
       0.0000020856239410       0.7374999835155904
       0.0000020858329410       0.7398999834619462
       0.0000020860429410       0.7425999834015966
       0.0000020862529410       0.7452999833412468
       0.0000020864629410       0.7481999832764267
       0.0000020866729410       0.7511999832093716
       0.0000020868829410       0.7542999831400813
       0.0000020870929410       0.7574999830685556
       0.0000020873029410       0.7607999829947948
       0.0000020875129410       0.7642999829165639
       0.0000020877229410       0.7679999828338623
       0.0000020879329409       0.7718999827466905
       0.0000020881429409       0.7759999826550483
       0.0000020883539409       0.7801999825611711
       0.0000020885639409       0.7845999824628234
       0.0000020887739409       0.7890999823622405
       0.0000020889839409       0.7936999822594226
       0.0000020891949409       0.7983999821543694
       0.0000020894049409       0.8032999820448458
       0.0000020896159409       0.8082999819330871
       0.0000020898269409       0.8133999818190932
       0.0000020900369409       0.8186999817006291
       0.0000020902479409       0.8240999815799296
       0.0000020904579409       0.8294999814592302
       0.0000020906689409       0.8348999813385307
       0.0000020908799409       0.8402999812178313
       0.0000020910909409       0.8455999810993672
       0.0000020913009409       0.8507999809831380
       0.0000020915119408       0.8557999808713793
       0.0000020917229408       0.8605999807640911
       0.0000020919339408       0.8650999806635082
       0.0000020921449408       0.8690999805741012
       0.0000020923559408       0.8724999804981053
       0.0000020925669408       0.8751999804377556
       0.0000020927779408       0.8770999803952872
       0.0000020929899408       0.8782999803684651
       0.0000020932009408       0.8787999803572892
       0.0000020934119408       0.8784999803639948
       0.0000020936229408       0.8775999803841115
       0.0000020938349408       0.8757999804243445
       0.0000020940459408       0.8731999804824589
       0.0000020942579408       0.8695999805629253
       0.0000020944689408       0.8650999806635082
       0.0000020946799408       0.8594999807886780
       0.0000020948919408       0.8527999809384346
       0.0000020951039407       0.8450999811105431
       0.0000020953149407       0.8363999813050031
       0.0000020955269407       0.8265999815240502
       0.0000020957389407       0.8157999817654490
       0.0000020959509407       0.8037999820336699
       0.0000020961619407       0.7905999823287130
       0.0000020963739407       0.7762999826483428
       0.0000020965859407       0.7606999829970299
       0.0000020967979407       0.7440999833680689
       0.0000020970099407       0.7265999837592244
       0.0000020972219407       0.7081999841704963
       0.0000020974339407       0.6891999845951796
       0.0000020976459407       0.6696999850310386
       0.0000020978579407       0.6496999854780734
       0.0000020980709407       0.6293999859318137
       0.0000020982829407       0.6088999863900244
       0.0000020984949407       0.5880999868549407
       0.0000020987079406       0.5672999873198569
       0.0000020989199406       0.5464999877847730
       0.0000020991319406       0.5257999882474541
       0.0000020993449406       0.5051999887079001
       0.0000020995569406       0.4847999891638756
       0.0000020997699406       0.4646999896131456
       0.0000020999829406       0.4449999900534749
       0.0000021001949406       0.4256999904848635
       0.0000021004079406       0.4068999909050762
       0.0000021006209406       0.3885999913141132
       0.0000021008329406       0.3708999917097390
       0.0000021010459406       0.3537999920919538
       0.0000021012589406       0.3372999924607575
       0.0000021014719406       0.3213999928161502
       0.0000021016849406       0.3059999931603670
       0.0000021018979406       0.2910999934934080
       0.0000021021109405       0.2766999938152730
       0.0000021023239405       0.2627999941259623
       0.0000021025369405       0.2492999944277108
       0.0000021027499405       0.2362999947182834
       0.0000021029629405       0.2239999949932098
       0.0000021031759405       0.2122999952547252
       0.0000021033899405       0.2012999955005944
       0.0000021036029405       0.1910999957285821
       0.0000021038169405       0.1814999959431589
       0.0000021040299405       0.1724999961443245
       0.0000021042429405       0.1640999963320792
       0.0000021044569405       0.1560999965108931
       0.0000021046699405       0.1483999966830015
       0.0000021048839405       0.1410999968461692
       0.0000021050969405       0.1340999970026314
       0.0000021053109405       0.1274999971501529
       0.0000021055249405       0.1211999972909689
       0.0000021057389404       0.1151999974250793
       0.0000021059529404       0.1095999975502491
       0.0000021061659404       0.1043999976664782
       0.0000021063809404       0.0993999977782369
       0.0000021065939404       0.0946999978832901
       0.0000021068079404       0.0901999979838729
       0.0000021070219404       0.0858999980799854
       0.0000021072359404       0.0816999981738627
       0.0000021074499404       0.0775999982655048
       0.0000021076649404       0.0736999983526766
       0.0000021078789404       0.0699999984353781
       0.0000021080929404       0.0663999985158443
       0.0000021083069404       0.0629999985918403
       0.0000021085219404       0.0596999986656010
       0.0000021087359404       0.0566999987326562
       0.0000021089499404       0.0538999987952411
       0.0000021091649403       0.0512999988533556
       0.0000021093789403       0.0488999989069998
       0.0000021095939403       0.0466999989561737
       0.0000021098079403       0.0446999990008771
       0.0000021100229403       0.0428999990411103
       0.0000021102379403       0.0412999990768731
       0.0000021104529403       0.0396999991126359
       0.0000021106669403       0.0381999991461635
       0.0000021108819403       0.0365999991819263
       0.0000021110969403       0.0349999992176890
       0.0000021113119403       0.0334999992512167
       0.0000021115269403       0.0318999992869794
       0.0000021117419403       0.0303999993205070
       0.0000021119569403       0.0288999993540347
       0.0000021121719403       0.0274999993853271
       0.0000021123869403       0.0262999994121492
       0.0000021126019403       0.0250999994389713
       0.0000021128169402       0.0239999994635582
       0.0000021130319402       0.0230999994836748
       0.0000021132479402       0.0221999995037913
       0.0000021134629402       0.0213999995216727
       0.0000021136789402       0.0205999995395541
       0.0000021138939402       0.0196999995596707
       0.0000021141089402       0.0188999995775521
       0.0000021143249402       0.0179999995976686
       0.0000021145399402       0.0171999996155500
       0.0000021147559402       0.0163999996334314
       0.0000021149719402       0.0156999996490777
       0.0000021151869402       0.0149999996647239
       0.0000021154029402       0.0143999996781349
       0.0000021156189402       0.0137999996915460
       0.0000021158339402       0.0131999997049570
       0.0000021160509402       0.0124999997206032
       0.0000021162659401       0.0118999997340143
       0.0000021164819401       0.0111999997496605
       0.0000021166979401       0.0105999997630715
       0.0000021169149401       0.0100999997742474
       0.0000021171299401       0.0097999997809529
       0.0000021173459401       0.0095999997854233
       0.0000021175629401       0.0094999997876585
       0.0000021177789401       0.0094999997876585
       0.0000021179949401       0.0093999997898936
       0.0000021182109401       0.0093999997898936
       0.0000021184279401       0.0091999997943640
       0.0000021186439401       0.0089999997988343
       0.0000021188599401       0.0087999998033047
       0.0000021190769401       0.0083999998122454
       0.0000021192939401       0.0080999998189509
       0.0000021195099401       0.0076999998278916
       0.0000021197269401       0.0072999998368323
       0.0000021199429400       0.0068999998457730
       0.0000021201599400       0.0064999998547137
       0.0000021203769400       0.0061999998614192
       0.0000021205939400       0.0057999998703599
       0.0000021208099400       0.0054999998770654
       0.0000021210279400       0.0051999998837709
       0.0000021212439400       0.0048999998904765
       0.0000021214609400       0.0046999998949468
       0.0000021216779400       0.0044999998994172
       0.0000021218949400       0.0042999999038875
       0.0000021221119400       0.0040999999083579
       0.0000021223289400       0.0039999999105930
       0.0000021225469400       0.0039999999105930
       0.0000021227639400       0.0039999999105930
       0.0000021229809400       0.0039999999105930
       0.0000021231989400       0.0039999999105930
       0.0000021234159399       0.0038999999128282
       0.0000021236329399       0.0037999999150634
       0.0000021238509399       0.0034999999217689
       0.0000021240689399       0.0030999999307096
       0.0000021242859399       0.0027999999374151
       0.0000021245039399       0.0024999999441206
       0.0000021247209399       0.0022999999485910
       0.0000021249389399       0.0022999999485910
       0.0000021251559399       0.0023999999463558
       0.0000021253739399       0.0025999999418855
       0.0000021255919399       0.0027999999374151
       0.0000021258099399       0.0029999999329448
       0.0000021260279399       0.0030999999307096
       0.0000021262459399       0.0031999999284744
       0.0000021264639399       0.0030999999307096
       0.0000021266819399       0.0029999999329448
       0.0000021268999398       0.0027999999374151
       0.0000021271179398       0.0025999999418855
       0.0000021273359398       0.0023999999463558
       0.0000021275549398       0.0021999999508262
       0.0000021277729398       0.0019999999552965
       0.0000021279909398       0.0018999999575317
       0.0000021282089398       0.0017999999597669
       0.0000021284279398       0.0017999999597669
       0.0000021286459398       0.0017999999597669
       0.0000021288639398       0.0017999999597669
       0.0000021290829398       0.0018999999575317
       0.0000021293019398       0.0018999999575317
       0.0000021295199398       0.0018999999575317
       0.0000021297389398       0.0017999999597669
       0.0000021299579398       0.0017999999597669
       0.0000021301759398       0.0016999999620020
       0.0000021303949397       0.0016999999620020
       0.0000021306139397       0.0015999999642372
       0.0000021308329397       0.0015999999642372
       0.0000021310519397       0.0014999999664724
       0.0000021312709397       0.0013999999687076
       0.0000021314899397       0.0011999999731779
       0.0000021317089397       0.0009999999776483
       0.0000021319279397       0.0007999999821186
       0.0000021321469397       0.0005999999865890
       0.0000021323659397       0.0002999999932945
       0.0000021325849397       0.0000999999977648
       0.0000021328049397       0.0000000000000000
       0.0000021330239397       0.0000000000000000
       0.0000021332439397       0.0000000000000000
       0.0000021334629397       0.0000000000000000
       0.0000021336819397       0.0000000000000000
       0.0000021339019396       0.0000000000000000
       0.0000021341209396       0.0000000000000000
       0.0000021343409396       0.0000000000000000
       0.0000021345609396       0.0000000000000000
       0.0000021347809396       0.0000000000000000
       0.0000021349999396       0.0000000000000000
       0.0000021352199396       0.0000000000000000
       0.0000021354399396       0.0000000000000000
       0.0000021356599396       0.0000000000000000
       0.0000021358799396       0.0000000000000000
       0.0000021360989396       0.0000000000000000
       0.0000021363199396       0.0000000000000000
       0.0000021365399396       0.0000999999977648
       0.0000021367599396       0.0002999999932945
       0.0000021369799396       0.0005999999865890
       0.0000021371999396       0.0007999999821186
       0.0000021374199395       0.0009999999776483
       0.0000021376409395       0.0010999999754131
       0.0000021378609395       0.0010999999754131
       0.0000021380809395       0.0009999999776483
       0.0000021383019395       0.0007999999821186
       0.0000021385219395       0.0005999999865890
       0.0000021387429395       0.0003999999910593
       0.0000021389629395       0.0001999999955297
       0.0000021391839395       0.0000999999977648
       0.0000021394039395       0.0000999999977648
       0.0000021396249395       0.0000999999977648
       0.0000021398459395       0.0000999999977648
       0.0000021400669395       0.0000000000000000
       0.0000021402869395       0.0000000000000000
       0.0000021405089395       0.0000000000000000
       0.0000021407289395       0.0000000000000000
       0.0000021409499394       0.0000000000000000
       0.0000021411709394       0.0000000000000000
       0.0000021413929394       0.0000000000000000
       0.0000021416139394       0.0000000000000000
       0.0000021418339394       0.0000999999977648
       0.0000021420559394       0.0002999999932945
       0.0000021422769394       0.0003999999910593
       0.0000021424979394       0.0004999999888241
       0.0000021427199394       0.0003999999910593
       0.0000021429409394       0.0001999999955297
       0.0000021431619394       0.0000999999977648
       0.0000021433839394       0.0000000000000000
       0.0000021436059394       0.0000000000000000
       0.0000021438269394       0.0000000000000000
       0.0000021440489394       0.0000000000000000
       0.0000021442699394       0.0000000000000000
       0.0000021444919393       0.0000000000000000
       0.0000021447139393       0.0000000000000000
       0.0000021449349393       0.0000000000000000
       0.0000021451569393       0.0000000000000000
       0.0000021453789393       0.0000000000000000
       0.0000021456009393       0.0000000000000000
       0.0000021458229393       0.0000000000000000
       0.0000021460449393       0.0000000000000000
       0.0000021462669393       0.0000000000000000
       0.0000021464889393       0.0000000000000000
       0.0000021467109393       0.0000000000000000
       0.0000021469339393       0.0000000000000000
       0.0000021471559393       0.0000000000000000
       0.0000021473779393       0.0000000000000000
       0.0000021476009393       0.0000000000000000
       0.0000021478229393       0.0000000000000000
       0.0000021480449392       0.0000000000000000
       0.0000021482679392       0.0000000000000000
       0.0000021484899392       0.0000000000000000
       0.0000021487129392       0.0000000000000000
       0.0000021489359392       0.0000000000000000
       0.0000021491579392       0.0000000000000000
       0.0000021493809392       0.0000000000000000
       0.0000021496039392       0.0000000000000000
       0.0000021498269392       0.0000000000000000
       0.0000021500489392       0.0000000000000000
       0.0000021502719392       0.0000000000000000
       0.0000021504949392       0.0000000000000000
       0.0000021507179392       0.0000000000000000
       0.0000021509409392       0.0000000000000000
       0.0000021511639392       0.0000000000000000
       0.0000021513879392       0.0000000000000000
       0.0000021516109391       0.0000000000000000
       0.0000021518339391       0.0000000000000000
       0.0000021520569391       0.0000000000000000
       0.0000021522809391       0.0000000000000000
       0.0000021525039391       0.0000000000000000
       0.0000021527269391       0.0000000000000000
       0.0000021529509391       0.0000000000000000
       0.0000021531739391       0.0000000000000000
       0.0000021533979391       0.0000000000000000
       0.0000021536209391       0.0000000000000000
       0.0000021538449391       0.0000000000000000
       0.0000021540689391       0.0000000000000000
       0.0000021542919391       0.0000000000000000
       0.0000021545159391       0.0000000000000000
       0.0000021547399391       0.0000000000000000
       0.0000021549639391       0.0000000000000000
       0.0000021551879390       0.0001999999955297
       0.0000021554119390       0.0002999999932945
       0.0000021556359390       0.0002999999932945
       0.0000021558599390       0.0002999999932945
       0.0000021560839390       0.0001999999955297
       0.0000021563079390       0.0001999999955297
       0.0000021565319390       0.0001999999955297
       0.0000021567569390       0.0002999999932945
       0.0000021569809390       0.0003999999910593
       0.0000021572049390       0.0004999999888241
       0.0000021574289390       0.0006999999843538
       0.0000021576539390       0.0006999999843538
       0.0000021578779390       0.0006999999843538
       0.0000021581029390       0.0005999999865890
       0.0000021583279390       0.0003999999910593
       0.0000021585519390       0.0002999999932945
       0.0000021587769389       0.0001999999955297
       0.0000021590009389       0.0001999999955297
       0.0000021592259389       0.0001999999955297
       0.0000021594509389       0.0002999999932945
       0.0000021596759389       0.0003999999910593
       0.0000021599009389       0.0004999999888241
       0.0000021601259389       0.0003999999910593
