# data from ERIS/NIX/NB_filters/IB-2.42.txt
# manually processed and written by cleantrim.pro
       0.0000023349689340       0.0003999999910593
       0.0000023352319340       0.0004999999888241
       0.0000023354939339       0.0005999999865890
       0.0000023357569339       0.0005999999865890
       0.0000023360209339       0.0005999999865890
       0.0000023362839339       0.0004999999888241
       0.0000023365469339       0.0003999999910593
       0.0000023368099339       0.0002999999932945
       0.0000023370729339       0.0002999999932945
       0.0000023373369339       0.0001999999955297
       0.0000023375999339       0.0001999999955297
       0.0000023378629339       0.0001999999955297
       0.0000023381269339       0.0002999999932945
       0.0000023383909339       0.0002999999932945
       0.0000023386539339       0.0003999999910593
       0.0000023389179339       0.0003999999910593
       0.0000023391819338       0.0004999999888241
       0.0000023394459338       0.0005999999865890
       0.0000023397089338       0.0006999999843538
       0.0000023399729338       0.0008999999798834
       0.0000023402379338       0.0010999999754131
       0.0000023405019338       0.0013999999687076
       0.0000023407659338       0.0015999999642372
       0.0000023410299338       0.0018999999575317
       0.0000023412939338       0.0019999999552965
       0.0000023415579338       0.0021999999508262
       0.0000023418229338       0.0022999999485910
       0.0000023420879338       0.0022999999485910
       0.0000023423519338       0.0022999999485910
       0.0000023426169337       0.0021999999508262
       0.0000023428809337       0.0020999999530613
       0.0000023431459337       0.0018999999575317
       0.0000023434099337       0.0017999999597669
       0.0000023436749337       0.0015999999642372
       0.0000023439399337       0.0014999999664724
       0.0000023442049337       0.0014999999664724
       0.0000023444699337       0.0015999999642372
       0.0000023447349337       0.0016999999620020
       0.0000023449999337       0.0018999999575317
       0.0000023452649337       0.0020999999530613
       0.0000023455299337       0.0022999999485910
       0.0000023457959337       0.0023999999463558
       0.0000023460609336       0.0024999999441206
       0.0000023463269336       0.0024999999441206
       0.0000023465919336       0.0025999999418855
       0.0000023468569336       0.0026999999396503
       0.0000023471229336       0.0027999999374151
       0.0000023473889336       0.0028999999351799
       0.0000023476539336       0.0029999999329448
       0.0000023479199336       0.0030999999307096
       0.0000023481859336       0.0030999999307096
       0.0000023484509336       0.0030999999307096
       0.0000023487169336       0.0030999999307096
       0.0000023489839336       0.0030999999307096
       0.0000023492499336       0.0031999999284744
       0.0000023495159336       0.0031999999284744
       0.0000023497819335       0.0032999999262393
       0.0000023500479335       0.0032999999262393
       0.0000023503139335       0.0032999999262393
       0.0000023505809335       0.0032999999262393
       0.0000023508479335       0.0031999999284744
       0.0000023511139335       0.0030999999307096
       0.0000023513799335       0.0029999999329448
       0.0000023516469335       0.0029999999329448
       0.0000023519139335       0.0030999999307096
       0.0000023521799335       0.0031999999284744
       0.0000023524469335       0.0033999999240041
       0.0000023527139335       0.0034999999217689
       0.0000023529799335       0.0036999999172986
       0.0000023532479334       0.0038999999128282
       0.0000023535149334       0.0040999999083579
       0.0000023537819334       0.0041999999061227
       0.0000023540489334       0.0042999999038875
       0.0000023543159334       0.0043999999016523
       0.0000023545829334       0.0043999999016523
       0.0000023548509334       0.0043999999016523
       0.0000023551179334       0.0043999999016523
       0.0000023553859334       0.0043999999016523
       0.0000023556529334       0.0042999999038875
       0.0000023559209334       0.0042999999038875
       0.0000023561879334       0.0041999999061227
       0.0000023564559334       0.0040999999083579
       0.0000023567239333       0.0039999999105930
       0.0000023569919333       0.0039999999105930
       0.0000023572599333       0.0039999999105930
       0.0000023575279333       0.0040999999083579
       0.0000023577949333       0.0041999999061227
       0.0000023580629333       0.0043999999016523
       0.0000023583309333       0.0045999998971820
       0.0000023585999333       0.0047999998927116
       0.0000023588679333       0.0049999998882413
       0.0000023591359333       0.0051999998837709
       0.0000023594049333       0.0053999998793006
       0.0000023596729333       0.0054999998770654
       0.0000023599409333       0.0056999998725951
       0.0000023602099332       0.0059999998658895
       0.0000023604789332       0.0061999998614192
       0.0000023607469332       0.0063999998569489
       0.0000023610159332       0.0065999998524785
       0.0000023612849332       0.0067999998480082
       0.0000023615539332       0.0070999998413026
       0.0000023618219332       0.0072999998368323
       0.0000023620919332       0.0076999998278916
       0.0000023623609332       0.0079999998211861
       0.0000023626299332       0.0083999998122454
       0.0000023628989332       0.0088999998010695
       0.0000023631679332       0.0091999997943640
       0.0000023634369332       0.0095999997854233
       0.0000023637059331       0.0097999997809529
       0.0000023639759331       0.0098999997787178
       0.0000023642459331       0.0099999997764826
       0.0000023645149331       0.0100999997742474
       0.0000023647849331       0.0101999997720122
       0.0000023650539331       0.0102999997697771
       0.0000023653239331       0.0105999997630715
       0.0000023655929331       0.0108999997563660
       0.0000023658639331       0.0112999997474253
       0.0000023661329331       0.0117999997362494
       0.0000023664039331       0.0121999997273087
       0.0000023666729331       0.0125999997183681
       0.0000023669429331       0.0129999997094274
       0.0000023672139331       0.0132999997027218
       0.0000023674839330       0.0136999996937811
       0.0000023677539330       0.0140999996848404
       0.0000023680239330       0.0144999996758997
       0.0000023682949330       0.0150999996624887
       0.0000023685649330       0.0156999996490777
       0.0000023688359330       0.0162999996356666
       0.0000023691059330       0.0168999996222556
       0.0000023693769330       0.0175999996066093
       0.0000023696469330       0.0180999995954335
       0.0000023699179330       0.0186999995820224
       0.0000023701889330       0.0192999995686114
       0.0000023704599330       0.0198999995552003
       0.0000023707309330       0.0205999995395541
       0.0000023710019329       0.0212999995239079
       0.0000023712729329       0.0219999995082617
       0.0000023715439329       0.0226999994926155
       0.0000023718149329       0.0233999994769692
       0.0000023720869329       0.0239999994635582
       0.0000023723579329       0.0246999994479120
       0.0000023726299329       0.0253999994322658
       0.0000023729009329       0.0261999994143844
       0.0000023731719329       0.0271999993920326
       0.0000023734439329       0.0282999993674457
       0.0000023737149329       0.0295999993383884
       0.0000023739869329       0.0308999993093312
       0.0000023742589329       0.0321999992802739
       0.0000023745309328       0.0334999992512167
       0.0000023748029328       0.0345999992266297
       0.0000023750739328       0.0356999992020428
       0.0000023753469328       0.0366999991796911
       0.0000023756189328       0.0376999991573393
       0.0000023758909328       0.0385999991372228
       0.0000023761629328       0.0396999991126359
       0.0000023764349328       0.0408999990858138
       0.0000023767079328       0.0422999990545213
       0.0000023769789328       0.0437999990209937
       0.0000023772519328       0.0453999989852309
       0.0000023775249328       0.0470999989472330
       0.0000023777969328       0.0487999989092350
       0.0000023780699327       0.0504999988712370
       0.0000023783429327       0.0521999988332391
       0.0000023786149327       0.0538999987952411
       0.0000023788879327       0.0554999987594783
       0.0000023791609327       0.0571999987214804
       0.0000023794339327       0.0589999986812472
       0.0000023797069327       0.0608999986387789
       0.0000023799799327       0.0629999985918403
       0.0000023802529327       0.0652999985404313
       0.0000023805259327       0.0676999984867871
       0.0000023807989327       0.0702999984286726
       0.0000023810729327       0.0729999983683228
       0.0000023813459327       0.0757999983057380
       0.0000023816199326       0.0785999982431531
       0.0000023818929326       0.0814999981783330
       0.0000023821669326       0.0843999981135130
       0.0000023824399326       0.0872999980486929
       0.0000023827139326       0.0902999979816377
       0.0000023829879326       0.0934999979101121
       0.0000023832609326       0.0967999978363514
       0.0000023835359326       0.1002999977581203
       0.0000023838099326       0.1038999976776540
       0.0000023840829326       0.1077999975904822
       0.0000023843569326       0.1117999975010753
       0.0000023846319326       0.1159999974071979
       0.0000023849059326       0.1203999973088503
       0.0000023851799325       0.1247999972105026
       0.0000023854549325       0.1293999971076846
       0.0000023857289325       0.1340999970026314
       0.0000023860029325       0.1388999968953431
       0.0000023862779325       0.1438999967835844
       0.0000023865519325       0.1490999966673553
       0.0000023868269325       0.1544999965466559
       0.0000023871009325       0.1600999964214861
       0.0000023873759325       0.1656999962963164
       0.0000023876509325       0.1714999961666763
       0.0000023879259325       0.1772999960370362
       0.0000023882009325       0.1833999959006906
       0.0000023884759324       0.1894999957643449
       0.0000023887509324       0.1958999956212938
       0.0000023890259324       0.2025999954715371
       0.0000023893009324       0.2093999953195453
       0.0000023895759324       0.2164999951608479
       0.0000023898519324       0.2237999949976802
       0.0000023901279324       0.2311999948322773
       0.0000023904019324       0.2387999946624041
       0.0000023906779324       0.2464999944902956
       0.0000023909539324       0.2542999943159521
       0.0000023912299324       0.2621999941393733
       0.0000023915049324       0.2701999939605594
       0.0000023917809324       0.2784999937750399
       0.0000023920569323       0.2869999935850501
       0.0000023923319323       0.2957999933883548
       0.0000023926089323       0.3047999931871891
       0.0000023928849323       0.3140999929793179
       0.0000023931609323       0.3236999927647412
       0.0000023934369323       0.3333999925479293
       0.0000023937129323       0.3431999923288822
       0.0000023939889323       0.3531999921053648
       0.0000023942659323       0.3631999918818474
       0.0000023945429323       0.3730999916605652
       0.0000023948179323       0.3830999914370478
       0.0000023950949323       0.3929999912157655
       0.0000023953719323       0.4027999909967184
       0.0000023956489322       0.4126999907754362
       0.0000023959249322       0.4225999905541539
       0.0000023962019322       0.4325999903306365
       0.0000023964789322       0.4425999901071191
       0.0000023967559322       0.4527999898791313
       0.0000023970329322       0.4630999896489084
       0.0000023973099322       0.4733999894186855
       0.0000023975869322       0.4837999891862274
       0.0000023978639322       0.4940999889560043
       0.0000023981409322       0.5042999887280166
       0.0000023984189322       0.5143999885022640
       0.0000023986959322       0.5243999882787466
       0.0000023989739322       0.5341999880596996
       0.0000023992509321       0.5438999878428876
       0.0000023995289321       0.5534999876283110
       0.0000023998059321       0.5627999874204397
       0.0000024000839321       0.5719999872148037
       0.0000024003619321       0.5810999870114029
       0.0000024006389321       0.5900999868102371
       0.0000024009179321       0.5990999866090715
       0.0000024011949321       0.6078999864123762
       0.0000024014739321       0.6165999862179160
       0.0000024017519321       0.6250999860279262
       0.0000024020299321       0.6333999858424068
       0.0000024023079321       0.6413999856635928
       0.0000024025859321       0.6488999854959547
       0.0000024028639320       0.6561999853327871
       0.0000024031429320       0.6630999851785601
       0.0000024034219320       0.6696999850310386
       0.0000024036999320       0.6761999848857523
       0.0000024039779320       0.6824999847449362
       0.0000024042569320       0.6885999846085906
       0.0000024045359320       0.6946999844722450
       0.0000024048139320       0.7004999843426049
       0.0000024050929320       0.7061999842152000
       0.0000024053729320       0.7115999840945005
       0.0000024056519320       0.7168999839760363
       0.0000024059309320       0.7219999838620424
       0.0000024062099319       0.7267999837547542
       0.0000024064889319       0.7314999836497009
       0.0000024067679319       0.7358999835513532
       0.0000024070469319       0.7399999834597111
       0.0000024073269319       0.7437999833747744
       0.0000024076059319       0.7472999832965433
       0.0000024078859319       0.7504999832250178
       0.0000024081649319       0.7533999831601977
       0.0000024084449319       0.7560999830998480
       0.0000024087239319       0.7585999830439687
       0.0000024090039319       0.7608999829925597
       0.0000024092839319       0.7629999829456210
       0.0000024095639319       0.7648999829031526
       0.0000024098439318       0.7666999828629196
       0.0000024101239318       0.7683999828249216
       0.0000024104029318       0.7698999827913939
       0.0000024106839318       0.7712999827601015
       0.0000024109639318       0.7726999827288091
       0.0000024112449318       0.7739999826997519
       0.0000024115249318       0.7751999826729298
       0.0000024118059318       0.7762999826483428
       0.0000024120859318       0.7772999826259911
       0.0000024123659318       0.7782999826036393
       0.0000024126469318       0.7791999825835229
       0.0000024129279318       0.7798999825678765
       0.0000024132079317       0.7805999825522304
       0.0000024134889317       0.7810999825410545
       0.0000024137699317       0.7813999825343489
       0.0000024140509317       0.7814999825321138
       0.0000024143319317       0.7813999825343489
       0.0000024146129317       0.7811999825388194
       0.0000024148939317       0.7807999825477600
       0.0000024151749317       0.7803999825567007
       0.0000024154569317       0.7799999825656414
       0.0000024157379317       0.7794999825768173
       0.0000024160189317       0.7790999825857580
       0.0000024163009317       0.7785999825969339
       0.0000024165829317       0.7781999826058744
       0.0000024168639316       0.7777999826148152
       0.0000024171459316       0.7774999826215208
       0.0000024174269316       0.7771999826282263
       0.0000024177089316       0.7770999826304614
       0.0000024179909316       0.7769999826326967
       0.0000024182729316       0.7770999826304614
       0.0000024185549316       0.7771999826282263
       0.0000024188369316       0.7772999826259911
       0.0000024191189316       0.7773999826237559
       0.0000024194009316       0.7772999826259911
       0.0000024196829316       0.7771999826282263
       0.0000024199659316       0.7768999826349318
       0.0000024202479316       0.7765999826416373
       0.0000024205299315       0.7762999826483428
       0.0000024208129315       0.7760999826528132
       0.0000024210959315       0.7759999826550483
       0.0000024213779315       0.7761999826505781
       0.0000024216609315       0.7764999826438725
       0.0000024219439315       0.7768999826349318
       0.0000024222269315       0.7774999826215208
       0.0000024225089315       0.7780999826081098
       0.0000024227919315       0.7786999825946987
       0.0000024230759315       0.7793999825790524
       0.0000024233579315       0.7799999825656414
       0.0000024236419315       0.7805999825522304
       0.0000024239249314       0.7812999825365841
       0.0000024242079314       0.7819999825209379
       0.0000024244919314       0.7826999825052917
       0.0000024247749314       0.7834999824874103
       0.0000024250579314       0.7843999824672937
       0.0000024253419314       0.7854999824427068
       0.0000024256259314       0.7866999824158848
       0.0000024259089314       0.7880999823845923
       0.0000024261929314       0.7895999823510647
       0.0000024264769314       0.7911999823153020
       0.0000024267609314       0.7927999822795391
       0.0000024270449314       0.7944999822415412
       0.0000024273289314       0.7961999822035433
       0.0000024276129313       0.7978999821655453
       0.0000024278969313       0.7995999821275472
       0.0000024281809313       0.8012999820895492
       0.0000024284659313       0.8031999820470809
       0.0000024287499313       0.8050999820046127
       0.0000024290349313       0.8069999819621444
       0.0000024293189313       0.8088999819196760
       0.0000024296039313       0.8106999818794428
       0.0000024298879313       0.8123999818414449
       0.0000024301729313       0.8139999818056822
       0.0000024304579313       0.8154999817721545
       0.0000024307429313       0.8168999817408621
       0.0000024310269312       0.8181999817118047
       0.0000024313119312       0.8193999816849827
       0.0000024315969312       0.8203999816626311
       0.0000024318819312       0.8211999816447497
       0.0000024321669312       0.8217999816313387
       0.0000024324529312       0.8221999816223979
       0.0000024327379312       0.8222999816201627
       0.0000024330239312       0.8220999816246330
       0.0000024333089312       0.8215999816358089
       0.0000024335949312       0.8205999816581607
       0.0000024338799312       0.8191999816894532
       0.0000024341659312       0.8171999817341566
       0.0000024344509311       0.8146999817900360
       0.0000024347369311       0.8116999818570912
       0.0000024350229311       0.8081999819353222
       0.0000024353089311       0.8041999820247293
       0.0000024355949311       0.7996999821253121
       0.0000024358809311       0.7946999822370708
       0.0000024361669311       0.7891999823600054
       0.0000024364529311       0.7830999824963510
       0.0000024367389311       0.7762999826483428
       0.0000024370259311       0.7689999828115106
       0.0000024373119311       0.7609999829903245
       0.0000024375989311       0.7523999831825494
       0.0000024378849311       0.7430999833904207
       0.0000024381719310       0.7331999836117028
       0.0000024384579310       0.7226999838463962
       0.0000024387449310       0.7114999840967358
       0.0000024390319310       0.6997999843582511
       0.0000024393179310       0.6874999846331775
       0.0000024396059310       0.6746999849192798
       0.0000024398929310       0.6613999852165580
       0.0000024401789310       0.6476999855227769
       0.0000024404669310       0.6335999858379364
       0.0000024407539310       0.6189999861642718
       0.0000024410409310       0.6040999864973128
       0.0000024413279310       0.5888999868370592
       0.0000024416149309       0.5734999871812761
       0.0000024419029309       0.5579999875277281
       0.0000024421909309       0.5423999878764153
       0.0000024424779309       0.5268999882228672
       0.0000024427659309       0.5113999885693192
       0.0000024430539309       0.4959999889135361
       0.0000024433409309       0.4805999892577529
       0.0000024436289309       0.4651999896019697
       0.0000024439169309       0.4498999899439514
       0.0000024442049309       0.4345999902859330
       0.0000024444929309       0.4194999906234443
       0.0000024447819309       0.4044999909587205
       0.0000024450699308       0.3897999912872910
       0.0000024453579308       0.3753999916091561
       0.0000024456459308       0.3611999919265508
       0.0000024459339308       0.3474999922327697
       0.0000024462229308       0.3339999925345182
       0.0000024465119308       0.3208999928273261
       0.0000024467999308       0.3081999931111932
       0.0000024470889308       0.2957999933883548
       0.0000024473779308       0.2838999936543405
       0.0000024476659308       0.2722999939136207
       0.0000024479549308       0.2610999941639602
       0.0000024482439308       0.2503999944031238
       0.0000024485329308       0.2399999946355820
       0.0000024488229307       0.2300999948568642
       0.0000024491119307       0.2204999950714409
       0.0000024494009307       0.2112999952770770
       0.0000024496899307       0.2022999954782427
       0.0000024499789307       0.1937999956682324
       0.0000024502689307       0.1854999958537519
       0.0000024505579307       0.1775999960303307
       0.0000024508479307       0.1699999962002039
       0.0000024511369307       0.1626999963633716
       0.0000024514269307       0.1557999965175986
       0.0000024517169307       0.1490999966673553
       0.0000024520069307       0.1427999968081713
       0.0000024522969306       0.1367999969422817
       0.0000024525869306       0.1310999970696866
       0.0000024528769306       0.1256999971903860
       0.0000024531669306       0.1205999973043799
       0.0000024534569306       0.1156999974139035
       0.0000024537469306       0.1110999975167215
       0.0000024540379306       0.1065999976173043
       0.0000024543279306       0.1022999977134168
       0.0000024546179306       0.0981999978050590
       0.0000024549089306       0.0942999978922307
       0.0000024551989306       0.0903999979794025
       0.0000024554899306       0.0866999980621040
       0.0000024557809305       0.0830999981425703
       0.0000024560719305       0.0794999982230365
       0.0000024563629305       0.0759999983012676
       0.0000024566539305       0.0726999983750284
       0.0000024569449305       0.0695999984443188
       0.0000024572359305       0.0667999985069036
       0.0000024575269305       0.0640999985672533
       0.0000024578179305       0.0616999986208975
       0.0000024581099305       0.0593999986723065
       0.0000024584009305       0.0571999987214804
       0.0000024586919305       0.0550999987684190
       0.0000024589839305       0.0528999988175929
       0.0000024592749304       0.0506999988667667
       0.0000024595669304       0.0484999989159405
       0.0000024598579304       0.0462999989651144
       0.0000024601499304       0.0442999990098178
       0.0000024604419304       0.0424999990500510
       0.0000024607339304       0.0407999990880489
       0.0000024610259304       0.0391999991238117
       0.0000024613179304       0.0377999991551042
       0.0000024616099304       0.0363999991863966
       0.0000024619019304       0.0350999992154539
       0.0000024621939304       0.0336999992467463
       0.0000024624859304       0.0323999992758036
       0.0000024627789303       0.0311999993026257
       0.0000024630719303       0.0299999993294477
       0.0000024633639303       0.0289999993517995
       0.0000024636569303       0.0279999993741512
       0.0000024639489303       0.0270999993942678
       0.0000024642419303       0.0262999994121492
       0.0000024645349303       0.0253999994322658
       0.0000024648279303       0.0245999994501472
       0.0000024651209303       0.0236999994702637
       0.0000024654139303       0.0228999994881451
       0.0000024657069303       0.0221999995037913
       0.0000024659999303       0.0214999995194376
       0.0000024662929302       0.0207999995350838
       0.0000024665859302       0.0201999995484948
       0.0000024668799302       0.0196999995596707
       0.0000024671729302       0.0190999995730817
       0.0000024674659302       0.0185999995842576
       0.0000024677609302       0.0180999995954335
       0.0000024680539302       0.0175999996066093
       0.0000024683479302       0.0170999996177852
       0.0000024686409302       0.0165999996289611
       0.0000024689349302       0.0160999996401370
       0.0000024692289302       0.0155999996513128
       0.0000024695229302       0.0150999996624887
       0.0000024698169301       0.0144999996758997
       0.0000024701119301       0.0139999996870756
       0.0000024704059301       0.0133999997004867
       0.0000024706999301       0.0127999997138977
       0.0000024709939301       0.0121999997273087
       0.0000024712889301       0.0115999997407198
       0.0000024715829301       0.0109999997541308
       0.0000024718769301       0.0103999997675419
       0.0000024721729301       0.0098999997787178
       0.0000024724669301       0.0094999997876585
       0.0000024727619301       0.0091999997943640
       0.0000024730569301       0.0089999997988343
       0.0000024733509300       0.0089999997988343
       0.0000024736459300       0.0089999997988343
       0.0000024739409300       0.0090999997965992
       0.0000024742359300       0.0090999997965992
       0.0000024745319300       0.0090999997965992
       0.0000024748269300       0.0090999997965992
       0.0000024751229300       0.0088999998010695
       0.0000024754179300       0.0087999998033047
       0.0000024757129300       0.0084999998100102
       0.0000024760089300       0.0081999998167157
       0.0000024763039300       0.0078999998234212
       0.0000024765999300       0.0074999998323619
       0.0000024768959299       0.0070999998413026
       0.0000024771919299       0.0065999998524785
       0.0000024774879299       0.0061999998614192
       0.0000024777839299       0.0058999998681247
       0.0000024780799299       0.0055999998748302
       0.0000024783759299       0.0053999998793006
       0.0000024786719299       0.0052999998815358
       0.0000024789679299       0.0051999998837709
       0.0000024792639299       0.0050999998860061
       0.0000024795609299       0.0049999998882413
       0.0000024798569299       0.0048999998904765
       0.0000024801539299       0.0047999998927116
       0.0000024804499298       0.0045999998971820
       0.0000024807469298       0.0043999999016523
       0.0000024810439298       0.0042999999038875
       0.0000024813399298       0.0041999999061227
       0.0000024816379298       0.0041999999061227
       0.0000024819349298       0.0042999999038875
       0.0000024822319298       0.0043999999016523
       0.0000024825289298       0.0044999998994172
       0.0000024828259298       0.0045999998971820
       0.0000024831229298       0.0046999998949468
       0.0000024834199298       0.0047999998927116
       0.0000024837169298       0.0047999998927116
       0.0000024840149297       0.0046999998949468
       0.0000024843129297       0.0044999998994172
       0.0000024846099297       0.0042999999038875
       0.0000024849079297       0.0039999999105930
       0.0000024852059297       0.0036999999172986
       0.0000024855029297       0.0033999999240041
       0.0000024858009297       0.0032999999262393
       0.0000024860989297       0.0031999999284744
       0.0000024863969297       0.0031999999284744
       0.0000024866959297       0.0031999999284744
       0.0000024869939297       0.0032999999262393
       0.0000024872919297       0.0031999999284744
       0.0000024875899296       0.0031999999284744
       0.0000024878879296       0.0029999999329448
       0.0000024881869296       0.0026999999396503
       0.0000024884849296       0.0023999999463558
       0.0000024887839296       0.0020999999530613
       0.0000024890829296       0.0018999999575317
       0.0000024893819296       0.0016999999620020
       0.0000024896799296       0.0015999999642372
       0.0000024899789296       0.0015999999642372
       0.0000024902779296       0.0015999999642372
       0.0000024905769296       0.0015999999642372
       0.0000024908759296       0.0014999999664724
       0.0000024911759295       0.0014999999664724
       0.0000024914739295       0.0014999999664724
       0.0000024917739295       0.0013999999687076
       0.0000024920729295       0.0012999999709427
       0.0000024923729295       0.0011999999731779
       0.0000024926719295       0.0010999999754131
       0.0000024929719295       0.0009999999776483
       0.0000024932709295       0.0008999999798834
       0.0000024935709295       0.0008999999798834
       0.0000024938709295       0.0008999999798834
       0.0000024941709295       0.0008999999798834
       0.0000024944709295       0.0008999999798834
       0.0000024947709294       0.0008999999798834
       0.0000024950709294       0.0008999999798834
       0.0000024953709294       0.0007999999821186
       0.0000024956709294       0.0006999999843538
       0.0000024959719294       0.0005999999865890
       0.0000024962719294       0.0003999999910593
       0.0000024965729294       0.0002999999932945
       0.0000024968729294       0.0002999999932945
       0.0000024971739294       0.0003999999910593
       0.0000024974739294       0.0004999999888241
       0.0000024977749294       0.0007999999821186
       0.0000024980759293       0.0009999999776483
       0.0000024983769293       0.0012999999709427
       0.0000024986779293       0.0014999999664724
       0.0000024989789293       0.0016999999620020
       0.0000024992799293       0.0016999999620020
       0.0000024995809293       0.0015999999642372
       0.0000024998829293       0.0014999999664724
       0.0000025001839293       0.0012999999709427
       0.0000025004849293       0.0010999999754131
       0.0000025007869293       0.0008999999798834
       0.0000025010879293       0.0005999999865890
       0.0000025013899293       0.0003999999910593
       0.0000025016919292       0.0002999999932945
       0.0000025019929292       0.0001999999955297
       0.0000025022949292       0.0001999999955297
       0.0000025025969292       0.0002999999932945
       0.0000025028989292       0.0004999999888241
       0.0000025032009292       0.0006999999843538
       0.0000025035039292       0.0009999999776483
       0.0000025038059292       0.0012999999709427
       0.0000025041079292       0.0015999999642372
       0.0000025044099292       0.0017999999597669
       0.0000025047129292       0.0018999999575317
       0.0000025050149292       0.0019999999552965
       0.0000025053179291       0.0019999999552965
       0.0000025056199291       0.0018999999575317
       0.0000025059229291       0.0017999999597669
       0.0000025062259291       0.0015999999642372
       0.0000025065289291       0.0014999999664724
       0.0000025068319291       0.0013999999687076
       0.0000025071349291       0.0012999999709427
       0.0000025074379291       0.0011999999731779
       0.0000025077409291       0.0010999999754131
       0.0000025080439291       0.0009999999776483
       0.0000025083479291       0.0008999999798834
       0.0000025086509291       0.0007999999821186
       0.0000025089539290       0.0006999999843538
       0.0000025092579290       0.0005999999865890
       0.0000025095609290       0.0004999999888241
       0.0000025098649290       0.0002999999932945
       0.0000025101689290       0.0002999999932945
       0.0000025104729290       0.0002999999932945
       0.0000025107759290       0.0003999999910593
       0.0000025110809290       0.0004999999888241
