# data from ERIS/NIX/NB_filters/IB-2.48.txt
# manually processed and written by cleantrim.pro
       0.0000023851799325       0.0000000000000000
       0.0000023854549325       0.0000000000000000
       0.0000023857289325       0.0000000000000000
       0.0000023860029325       0.0000000000000000
       0.0000023862779325       0.0000000000000000
       0.0000023865519325       0.0000000000000000
       0.0000023868269325       0.0000999999977648
       0.0000023871009325       0.0000999999977648
       0.0000023873759325       0.0001999999955297
       0.0000023876509325       0.0000999999977648
       0.0000023879259325       0.0000000000000000
       0.0000023882009325       0.0000000000000000
       0.0000023884759324       0.0000000000000000
       0.0000023887509324       0.0000000000000000
       0.0000023890259324       0.0000000000000000
       0.0000023893009324       0.0000000000000000
       0.0000023895759324       0.0001999999955297
       0.0000023898519324       0.0002999999932945
       0.0000023901279324       0.0004999999888241
       0.0000023904019324       0.0006999999843538
       0.0000023906779324       0.0007999999821186
       0.0000023909539324       0.0008999999798834
       0.0000023912299324       0.0009999999776483
       0.0000023915049324       0.0010999999754131
       0.0000023917809324       0.0010999999754131
       0.0000023920569323       0.0010999999754131
       0.0000023923319323       0.0009999999776483
       0.0000023926089323       0.0008999999798834
       0.0000023928849323       0.0007999999821186
       0.0000023931609323       0.0006999999843538
       0.0000023934369323       0.0007999999821186
       0.0000023937129323       0.0007999999821186
       0.0000023939889323       0.0008999999798834
       0.0000023942659323       0.0010999999754131
       0.0000023945429323       0.0011999999731779
       0.0000023948179323       0.0012999999709427
       0.0000023950949323       0.0012999999709427
       0.0000023953719323       0.0011999999731779
       0.0000023956489322       0.0010999999754131
       0.0000023959249322       0.0009999999776483
       0.0000023962019322       0.0007999999821186
       0.0000023964789322       0.0007999999821186
       0.0000023967559322       0.0007999999821186
       0.0000023970329322       0.0007999999821186
       0.0000023973099322       0.0009999999776483
       0.0000023975869322       0.0011999999731779
       0.0000023978639322       0.0013999999687076
       0.0000023981409322       0.0015999999642372
       0.0000023984189322       0.0016999999620020
       0.0000023986959322       0.0017999999597669
       0.0000023989739322       0.0018999999575317
       0.0000023992509321       0.0018999999575317
       0.0000023995289321       0.0018999999575317
       0.0000023998059321       0.0018999999575317
       0.0000024000839321       0.0019999999552965
       0.0000024003619321       0.0020999999530613
       0.0000024006389321       0.0021999999508262
       0.0000024009179321       0.0022999999485910
       0.0000024011949321       0.0022999999485910
       0.0000024014739321       0.0023999999463558
       0.0000024017519321       0.0023999999463558
       0.0000024020299321       0.0023999999463558
       0.0000024023079321       0.0022999999485910
       0.0000024025859321       0.0022999999485910
       0.0000024028639320       0.0022999999485910
       0.0000024031429320       0.0023999999463558
       0.0000024034219320       0.0024999999441206
       0.0000024036999320       0.0025999999418855
       0.0000024039779320       0.0026999999396503
       0.0000024042569320       0.0027999999374151
       0.0000024045359320       0.0029999999329448
       0.0000024048139320       0.0030999999307096
       0.0000024050929320       0.0031999999284744
       0.0000024053729320       0.0032999999262393
       0.0000024056519320       0.0033999999240041
       0.0000024059309320       0.0033999999240041
       0.0000024062099319       0.0033999999240041
       0.0000024064889319       0.0033999999240041
       0.0000024067679319       0.0033999999240041
       0.0000024070469319       0.0032999999262393
       0.0000024073269319       0.0032999999262393
       0.0000024076059319       0.0031999999284744
       0.0000024078859319       0.0031999999284744
       0.0000024081649319       0.0031999999284744
       0.0000024084449319       0.0032999999262393
       0.0000024087239319       0.0033999999240041
       0.0000024090039319       0.0036999999172986
       0.0000024092839319       0.0038999999128282
       0.0000024095639319       0.0040999999083579
       0.0000024098439318       0.0042999999038875
       0.0000024101239318       0.0043999999016523
       0.0000024104029318       0.0044999998994172
       0.0000024106839318       0.0044999998994172
       0.0000024109639318       0.0043999999016523
       0.0000024112449318       0.0043999999016523
       0.0000024115249318       0.0043999999016523
       0.0000024118059318       0.0043999999016523
       0.0000024120859318       0.0044999998994172
       0.0000024123659318       0.0044999998994172
       0.0000024126469318       0.0045999998971820
       0.0000024129279318       0.0046999998949468
       0.0000024132079317       0.0047999998927116
       0.0000024134889317       0.0048999998904765
       0.0000024137699317       0.0049999998882413
       0.0000024140509317       0.0051999998837709
       0.0000024143319317       0.0053999998793006
       0.0000024146129317       0.0056999998725951
       0.0000024148939317       0.0060999998636544
       0.0000024151749317       0.0064999998547137
       0.0000024154569317       0.0070999998413026
       0.0000024157379317       0.0075999998301268
       0.0000024160189317       0.0082999998144805
       0.0000024163009317       0.0087999998033047
       0.0000024165829317       0.0092999997921288
       0.0000024168639316       0.0096999997831881
       0.0000024171459316       0.0098999997787178
       0.0000024174269316       0.0099999997764826
       0.0000024177089316       0.0098999997787178
       0.0000024179909316       0.0097999997809529
       0.0000024182729316       0.0096999997831881
       0.0000024185549316       0.0094999997876585
       0.0000024188369316       0.0093999997898936
       0.0000024191189316       0.0092999997921288
       0.0000024194009316       0.0092999997921288
       0.0000024196829316       0.0092999997921288
       0.0000024199659316       0.0093999997898936
       0.0000024202479316       0.0095999997854233
       0.0000024205299315       0.0098999997787178
       0.0000024208129315       0.0102999997697771
       0.0000024210959315       0.0106999997608364
       0.0000024213779315       0.0111999997496605
       0.0000024216609315       0.0116999997384846
       0.0000024219439315       0.0121999997273087
       0.0000024222269315       0.0126999997161329
       0.0000024225089315       0.0131999997049570
       0.0000024227919315       0.0136999996937811
       0.0000024230759315       0.0141999996826053
       0.0000024233579315       0.0147999996691942
       0.0000024236419315       0.0152999996580184
       0.0000024239249314       0.0158999996446073
       0.0000024242079314       0.0164999996311963
       0.0000024244919314       0.0169999996200204
       0.0000024247749314       0.0175999996066093
       0.0000024250579314       0.0180999995954335
       0.0000024253419314       0.0186999995820224
       0.0000024256259314       0.0191999995708466
       0.0000024259089314       0.0196999995596707
       0.0000024261929314       0.0201999995484948
       0.0000024264769314       0.0206999995373189
       0.0000024267609314       0.0212999995239079
       0.0000024270449314       0.0218999995104969
       0.0000024273289314       0.0224999994970858
       0.0000024276129313       0.0232999994792044
       0.0000024278969313       0.0241999994590878
       0.0000024281809313       0.0250999994389713
       0.0000024284659313       0.0261999994143844
       0.0000024287499313       0.0272999993897974
       0.0000024290349313       0.0284999993629754
       0.0000024293189313       0.0297999993339181
       0.0000024296039313       0.0310999993048608
       0.0000024298879313       0.0324999992735684
       0.0000024301729313       0.0337999992445111
       0.0000024304579313       0.0349999992176890
       0.0000024307429313       0.0361999991908670
       0.0000024310269312       0.0372999991662800
       0.0000024313119312       0.0382999991439283
       0.0000024315969312       0.0393999991193414
       0.0000024318819312       0.0405999990925193
       0.0000024321669312       0.0418999990634620
       0.0000024324529312       0.0432999990321696
       0.0000024327379312       0.0447999989986420
       0.0000024330239312       0.0462999989651144
       0.0000024333089312       0.0479999989271164
       0.0000024335949312       0.0495999988913536
       0.0000024338799312       0.0512999988533556
       0.0000024341659312       0.0530999988131225
       0.0000024344509311       0.0548999987728894
       0.0000024347369311       0.0567999987304211
       0.0000024350229311       0.0586999986879528
       0.0000024353089311       0.0605999986454844
       0.0000024355949311       0.0625999986007810
       0.0000024358809311       0.0645999985560775
       0.0000024361669311       0.0665999985113740
       0.0000024364529311       0.0686999984644353
       0.0000024367389311       0.0708999984152615
       0.0000024370259311       0.0731999983638525
       0.0000024373119311       0.0755999983102083
       0.0000024375989311       0.0779999982565641
       0.0000024378849311       0.0805999981984496
       0.0000024381719310       0.0832999981380999
       0.0000024384579310       0.0860999980755150
       0.0000024387449310       0.0890999980084598
       0.0000024390319310       0.0921999979391694
       0.0000024393179310       0.0954999978654087
       0.0000024396059310       0.0988999977894127
       0.0000024398929310       0.1024999977089465
       0.0000024401789310       0.1061999976262450
       0.0000024404669310       0.1099999975413084
       0.0000024407539310       0.1138999974541366
       0.0000024410409310       0.1177999973669648
       0.0000024413279310       0.1217999972775578
       0.0000024416149309       0.1258999971859157
       0.0000024419029309       0.1300999970920384
       0.0000024421909309       0.1344999969936907
       0.0000024424779309       0.1388999968953431
       0.0000024427659309       0.1433999967947602
       0.0000024430539309       0.1479999966919422
       0.0000024433409309       0.1526999965868890
       0.0000024436289309       0.1574999964796007
       0.0000024439169309       0.1623999963700771
       0.0000024442049309       0.1674999962560833
       0.0000024444929309       0.1727999961376190
       0.0000024447819309       0.1782999960146844
       0.0000024450699308       0.1838999958895147
       0.0000024453579308       0.1897999957576394
       0.0000024456459308       0.1956999956257641
       0.0000024459339308       0.2017999954894185
       0.0000024462229308       0.2078999953530729
       0.0000024465119308       0.2141999952122569
       0.0000024467999308       0.2205999950692057
       0.0000024470889308       0.2270999949239194
       0.0000024473779308       0.2336999947763979
       0.0000024476659308       0.2404999946244061
       0.0000024479549308       0.2472999944724143
       0.0000024482439308       0.2543999943137169
       0.0000024485329308       0.2614999941550195
       0.0000024488229307       0.2688999939896166
       0.0000024491119307       0.2763999938219786
       0.0000024494009307       0.2838999936543405
       0.0000024496899307       0.2915999934822321
       0.0000024499789307       0.2993999933078885
       0.0000024502689307       0.3071999931335449
       0.0000024505579307       0.3150999929569662
       0.0000024508479307       0.3229999927803874
       0.0000024511369307       0.3310999925993383
       0.0000024514269307       0.3391999924182892
       0.0000024517169307       0.3474999922327697
       0.0000024520069307       0.3557999920472503
       0.0000024522969306       0.3640999918617308
       0.0000024525869306       0.3725999916717410
       0.0000024528769306       0.3809999914839864
       0.0000024531669306       0.3893999912962317
       0.0000024534569306       0.3977999911084771
       0.0000024537469306       0.4061999909207225
       0.0000024540379306       0.4144999907352030
       0.0000024543279306       0.4227999905496836
       0.0000024546179306       0.4310999903641641
       0.0000024549089306       0.4392999901808798
       0.0000024551989306       0.4474999899975955
       0.0000024554899306       0.4556999898143113
       0.0000024557809305       0.4638999896310270
       0.0000024560719305       0.4720999894477427
       0.0000024563629305       0.4801999892666936
       0.0000024566539305       0.4882999890856445
       0.0000024569449305       0.4962999889068306
       0.0000024572359305       0.5040999887324870
       0.0000024575269305       0.5117999885603786
       0.0000024578179305       0.5193999883905053
       0.0000024581099305       0.5268999882228672
       0.0000024584009305       0.5342999880574644
       0.0000024586919305       0.5414999878965318
       0.0000024589839305       0.5485999877378345
       0.0000024592749304       0.5555999875813723
       0.0000024595669304       0.5624999874271452
       0.0000024598579304       0.5691999872773886
       0.0000024601499304       0.5757999871298670
       0.0000024604419304       0.5821999869868160
       0.0000024607339304       0.5882999868504702
       0.0000024610259304       0.5942999867163599
       0.0000024613179304       0.6000999865867197
       0.0000024616099304       0.6057999864593148
       0.0000024619019304       0.6112999863363803
       0.0000024621939304       0.6166999862156809
       0.0000024624859304       0.6219999860972166
       0.0000024627789303       0.6270999859832227
       0.0000024630719303       0.6320999858714640
       0.0000024633639303       0.6368999857641756
       0.0000024636569303       0.6413999856635928
       0.0000024639489303       0.6456999855674802
       0.0000024642419303       0.6495999854803085
       0.0000024645349303       0.6532999853976070
       0.0000024648279303       0.6565999853238463
       0.0000024651209303       0.6597999852523208
       0.0000024654139303       0.6626999851875007
       0.0000024657069303       0.6652999851293862
       0.0000024659999303       0.6676999850757420
       0.0000024662929302       0.6699999850243330
       0.0000024665859302       0.6719999849796295
       0.0000024668799302       0.6738999849371612
       0.0000024671729302       0.6756999848969280
       0.0000024674659302       0.6772999848611653
       0.0000024677609302       0.6788999848254025
       0.0000024680539302       0.6802999847941100
       0.0000024683479302       0.6814999847672880
       0.0000024686409302       0.6825999847427011
       0.0000024689349302       0.6834999847225844
       0.0000024692289302       0.6843999847024679
       0.0000024695229302       0.6851999846845865
       0.0000024698169301       0.6859999846667051
       0.0000024701119301       0.6865999846532941
       0.0000024704059301       0.6870999846421182
       0.0000024706999301       0.6873999846354126
       0.0000024709939301       0.6874999846331775
       0.0000024712889301       0.6874999846331775
       0.0000024715829301       0.6871999846398831
       0.0000024718769301       0.6868999846465885
       0.0000024721729301       0.6864999846555293
       0.0000024724669301       0.6860999846644700
       0.0000024727619301       0.6855999846756459
       0.0000024730569301       0.6848999846912920
       0.0000024733509300       0.6841999847069383
       0.0000024736459300       0.6833999847248197
       0.0000024739409300       0.6825999847427011
       0.0000024742359300       0.6817999847605826
       0.0000024745319300       0.6810999847762287
       0.0000024748269300       0.6803999847918749
       0.0000024751229300       0.6798999848030507
       0.0000024754179300       0.6793999848142266
       0.0000024757129300       0.6788999848254025
       0.0000024760089300       0.6783999848365784
       0.0000024763039300       0.6778999848477543
       0.0000024765999300       0.6773999848589300
       0.0000024768959299       0.6768999848701059
       0.0000024771919299       0.6765999848768115
       0.0000024774879299       0.6763999848812818
       0.0000024777839299       0.6762999848835169
       0.0000024780799299       0.6762999848835169
       0.0000024783759299       0.6763999848812818
       0.0000024786719299       0.6764999848790467
       0.0000024789679299       0.6766999848745764
       0.0000024792639299       0.6768999848701059
       0.0000024795609299       0.6770999848656356
       0.0000024798569299       0.6773999848589300
       0.0000024801539299       0.6775999848544598
       0.0000024804499298       0.6778999848477543
       0.0000024807469298       0.6781999848410486
       0.0000024810439298       0.6785999848321080
       0.0000024813399298       0.6791999848186970
       0.0000024816379298       0.6798999848030507
       0.0000024819349298       0.6807999847829341
       0.0000024822319298       0.6818999847583472
       0.0000024825289298       0.6830999847315252
       0.0000024828259298       0.6844999847002328
       0.0000024831229298       0.6859999846667051
       0.0000024834199298       0.6876999846287072
       0.0000024837169298       0.6895999845862388
       0.0000024840149297       0.6916999845393003
       0.0000024843129297       0.6939999844878912
       0.0000024846099297       0.6965999844297767
       0.0000024849079297       0.6991999843716622
       0.0000024852059297       0.7019999843090773
       0.0000024855029297       0.7046999842487276
       0.0000024858009297       0.7075999841839076
       0.0000024860989297       0.7103999841213227
       0.0000024863969297       0.7132999840565025
       0.0000024866959297       0.7162999839894473
       0.0000024869939297       0.7193999839201569
       0.0000024872919297       0.7225999838486314
       0.0000024875899296       0.7258999837748706
       0.0000024878879296       0.7291999837011099
       0.0000024881869296       0.7326999836228788
       0.0000024884849296       0.7361999835446478
       0.0000024887839296       0.7396999834664166
       0.0000024890829296       0.7431999833881854
       0.0000024893819296       0.7466999833099545
       0.0000024896799296       0.7500999832339585
       0.0000024899789296       0.7533999831601977
       0.0000024902779296       0.7566999830864370
       0.0000024905769296       0.7599999830126762
       0.0000024908759296       0.7631999829411505
       0.0000024911759295       0.7662999828718602
       0.0000024914739295       0.7691999828070403
       0.0000024917739295       0.7719999827444554
       0.0000024920729295       0.7743999826908111
       0.0000024923729295       0.7763999826461077
       0.0000024926719295       0.7779999826103449
       0.0000024929719295       0.7792999825812877
       0.0000024932709295       0.7801999825611711
       0.0000024935709295       0.7805999825522304
       0.0000024938709295       0.7805999825522304
       0.0000024941709295       0.7798999825678765
       0.0000024944709295       0.7785999825969339
       0.0000024947709294       0.7763999826461077
       0.0000024950709294       0.7733999827131629
       0.0000024953709294       0.7694999828003347
       0.0000024956709294       0.7647999829053879
       0.0000024959719294       0.7592999830283226
       0.0000024962719294       0.7530999831669033
       0.0000024965729294       0.7461999833211304
       0.0000024968729294       0.7384999834932386
       0.0000024971739294       0.7300999836809934
       0.0000024974739294       0.7209999838843941
       0.0000024977749294       0.7110999841056764
       0.0000024980759293       0.7003999843448401
       0.0000024983769293       0.6889999845996500
       0.0000024986779293       0.6767999848723413
       0.0000024989789293       0.6639999851584435
       0.0000024992799293       0.6504999854601919
       0.0000024995809293       0.6363999857753515
       0.0000024998829293       0.6216999861039222
       0.0000025001839293       0.6065999864414334
       0.0000025004849293       0.5910999867878854
       0.0000025007869293       0.5752999871410429
       0.0000025010879293       0.5593999874964356
       0.0000025013899293       0.5431999878585339
       0.0000025016919292       0.5268999882228672
       0.0000025019929292       0.5105999885872007
       0.0000025022949292       0.4940999889560043
       0.0000025025969292       0.4775999893248081
       0.0000025028989292       0.4609999896958470
       0.0000025032009292       0.4444999900646508
       0.0000025035039292       0.4280999904312194
       0.0000025038059292       0.4116999907977879
       0.0000025041079292       0.3955999911576510
       0.0000025044099292       0.3796999915130436
       0.0000025047129292       0.3640999918617308
       0.0000025050149292       0.3490999921970069
       0.0000025053179291       0.3344999925233424
       0.0000025056199291       0.3204999928362667
       0.0000025059229291       0.3068999931402505
       0.0000025062259291       0.2938999934308231
       0.0000025065289291       0.2811999937146902
       0.0000025068319291       0.2688999939896166
       0.0000025071349291       0.2569999942556023
       0.0000025074379291       0.2454999945126474
       0.0000025077409291       0.2344999947585165
       0.0000025080439291       0.2238999949954450
       0.0000025083479291       0.2137999952211976
       0.0000025086509291       0.2041999954357744
       0.0000025089539290       0.1950999956391752
       0.0000025092579290       0.1862999958358705
       0.0000025095609290       0.1778999960236251
       0.0000025098649290       0.1698999962024391
       0.0000025101689290       0.1620999963767827
       0.0000025104729290       0.1546999965421856
       0.0000025107759290       0.1475999967008829
       0.0000025110809290       0.1407999968528748
       0.0000025113849290       0.1342999969981611
       0.0000025116889290       0.1281999971345067
       0.0000025119929290       0.1223999972641468
       0.0000025122969289       0.1168999973870814
       0.0000025126009289       0.1116999975033104
       0.0000025129059289       0.1067999976128340
       0.0000025132109289       0.1021999977156520
       0.0000025135149289       0.0978999978117645
       0.0000025138199289       0.0936999979056418
       0.0000025141239289       0.0897999979928136
       0.0000025144289289       0.0859999980777502
       0.0000025147339289       0.0823999981582165
       0.0000025150389289       0.0788999982364476
       0.0000025153439289       0.0754999983124435
       0.0000025156489289       0.0721999983862042
       0.0000025159539288       0.0689999984577298
       0.0000025162589288       0.0659999985247850
       0.0000025165649288       0.0631999985873699
       0.0000025168699288       0.0604999986477196
       0.0000025171749288       0.0579999987035990
       0.0000025174809288       0.0556999987550080
       0.0000025177859288       0.0534999988041818
       0.0000025180919288       0.0512999988533556
       0.0000025183979288       0.0492999988980591
       0.0000025187039288       0.0472999989427626
       0.0000025190099288       0.0453999989852309
       0.0000025193159287       0.0435999990254641
       0.0000025196219287       0.0418999990634620
       0.0000025199279287       0.0401999991014600
       0.0000025202339287       0.0385999991372228
       0.0000025205409287       0.0369999991729856
       0.0000025208469287       0.0353999992087483
       0.0000025211529287       0.0338999992422760
       0.0000025214599287       0.0325999992713332
       0.0000025217659287       0.0312999993003905
       0.0000025220729287       0.0302999993227422
       0.0000025223789287       0.0293999993428588
       0.0000025226859287       0.0285999993607402
       0.0000025229929286       0.0277999993786216
       0.0000025232999286       0.0269999993965030
       0.0000025236069286       0.0261999994143844
       0.0000025239139286       0.0252999994345009
       0.0000025242209286       0.0243999994546175
       0.0000025245279286       0.0233999994769692
       0.0000025248359286       0.0224999994970858
       0.0000025251429286       0.0215999995172024
       0.0000025254509286       0.0208999995328486
       0.0000025257579286       0.0201999995484948
       0.0000025260659286       0.0195999995619059
       0.0000025263729285       0.0190999995730817
       0.0000025266809285       0.0185999995842576
       0.0000025269889285       0.0180999995954335
       0.0000025272969285       0.0175999996066093
       0.0000025276049285       0.0171999996155500
       0.0000025279129285       0.0167999996244907
       0.0000025282209285       0.0164999996311963
       0.0000025285289285       0.0160999996401370
       0.0000025288379285       0.0157999996468425
       0.0000025291459285       0.0154999996535480
       0.0000025294539285       0.0151999996602535
       0.0000025297629285       0.0147999996691942
       0.0000025300709284       0.0142999996803701
       0.0000025303799284       0.0137999996915460
       0.0000025306889284       0.0131999997049570
       0.0000025309979284       0.0125999997183681
       0.0000025313069284       0.0119999997317791
       0.0000025316149284       0.0114999997429550
       0.0000025319239284       0.0108999997563660
       0.0000025322329284       0.0104999997653067
       0.0000025325429284       0.0100999997742474
       0.0000025328519284       0.0097999997809529
       0.0000025331619284       0.0094999997876585
       0.0000025334709283       0.0092999997921288
       0.0000025337799283       0.0089999997988343
       0.0000025340899283       0.0086999998055398
       0.0000025343989283       0.0083999998122454
       0.0000025347089283       0.0079999998211861
       0.0000025350189283       0.0075999998301268
       0.0000025353289283       0.0071999998390675
       0.0000025356389283       0.0068999998457730
       0.0000025359489283       0.0065999998524785
       0.0000025362589283       0.0064999998547137
       0.0000025365689283       0.0063999998569489
       0.0000025368789283       0.0063999998569489
       0.0000025371889282       0.0063999998569489
       0.0000025374999282       0.0064999998547137
       0.0000025378099282       0.0064999998547137
       0.0000025381209282       0.0064999998547137
       0.0000025384319282       0.0064999998547137
       0.0000025387419282       0.0063999998569489
       0.0000025390529282       0.0062999998591840
       0.0000025393639282       0.0062999998591840
       0.0000025396749282       0.0061999998614192
       0.0000025399859282       0.0060999998636544
       0.0000025402969282       0.0058999998681247
       0.0000025406079281       0.0056999998725951
       0.0000025409199281       0.0053999998793006
       0.0000025412309281       0.0049999998882413
       0.0000025415419281       0.0046999998949468
       0.0000025418539281       0.0043999999016523
       0.0000025421649281       0.0040999999083579
       0.0000025424769281       0.0038999999128282
       0.0000025427889281       0.0037999999150634
       0.0000025430999281       0.0037999999150634
       0.0000025434119281       0.0036999999172986
       0.0000025437239281       0.0036999999172986
       0.0000025440359280       0.0035999999195337
       0.0000025443479280       0.0035999999195337
       0.0000025446599280       0.0034999999217689
       0.0000025449719280       0.0034999999217689
       0.0000025452849280       0.0034999999217689
       0.0000025455969280       0.0034999999217689
       0.0000025459099280       0.0034999999217689
       0.0000025462219280       0.0034999999217689
       0.0000025465349280       0.0034999999217689
       0.0000025468469280       0.0033999999240041
       0.0000025471599280       0.0032999999262393
       0.0000025474729280       0.0031999999284744
       0.0000025477859279       0.0031999999284744
       0.0000025480989279       0.0030999999307096
       0.0000025484119279       0.0029999999329448
       0.0000025487249279       0.0029999999329448
       0.0000025490379279       0.0029999999329448
       0.0000025493519279       0.0030999999307096
       0.0000025496649279       0.0031999999284744
       0.0000025499779279       0.0032999999262393
       0.0000025502919279       0.0033999999240041
       0.0000025506059279       0.0034999999217689
       0.0000025509199279       0.0035999999195337
       0.0000025512329278       0.0034999999217689
       0.0000025515469278       0.0032999999262393
       0.0000025518609278       0.0030999999307096
       0.0000025521749278       0.0026999999396503
       0.0000025524889278       0.0023999999463558
       0.0000025528029278       0.0020999999530613
       0.0000025531179278       0.0018999999575317
       0.0000025534319278       0.0017999999597669
       0.0000025537459278       0.0017999999597669
       0.0000025540609278       0.0017999999597669
       0.0000025543749278       0.0018999999575317
       0.0000025546899277       0.0018999999575317
       0.0000025550039277       0.0019999999552965
       0.0000025553189277       0.0019999999552965
       0.0000025556339277       0.0020999999530613
       0.0000025559489277       0.0020999999530613
       0.0000025562639277       0.0021999999508262
       0.0000025565789277       0.0023999999463558
       0.0000025568939277       0.0024999999441206
       0.0000025572089277       0.0025999999418855
       0.0000025575239277       0.0026999999396503
       0.0000025578399277       0.0026999999396503
       0.0000025581559277       0.0025999999418855
       0.0000025584709276       0.0024999999441206
       0.0000025587869276       0.0022999999485910
       0.0000025591019276       0.0020999999530613
       0.0000025594179276       0.0017999999597669
       0.0000025597339276       0.0015999999642372
       0.0000025600499276       0.0013999999687076
       0.0000025603659276       0.0012999999709427
       0.0000025606819276       0.0011999999731779
       0.0000025609989276       0.0011999999731779
       0.0000025613149276       0.0011999999731779
       0.0000025616309276       0.0011999999731779
       0.0000025619469275       0.0012999999709427
       0.0000025622639275       0.0012999999709427
       0.0000025625799275       0.0011999999731779
       0.0000025628969275       0.0011999999731779
       0.0000025632139275       0.0011999999731779
       0.0000025635309275       0.0011999999731779
       0.0000025638469275       0.0011999999731779
       0.0000025641639275       0.0011999999731779
