# data from ERIS/NIX/NB_filters/K-peak.txt
# manually processed and written by cleantrim.pro
       0.0000022949999351       0.0001444041044723
       0.0000022939999351       0.0001056931144376
       0.0000022929999351       0.0001781898511171
       0.0000022919999352       0.0001408570787516
       0.0000022909999352       0.0002519450466686
       0.0000022899999352       0.0002494833190236
       0.0000022889999353       0.0002449928355240
       0.0000022879999353       0.0002537668067279
       0.0000022869999353       0.0003209300640267
       0.0000022859999353       0.0003855355369826
       0.0000022849999354       0.0004748033253873
       0.0000022839999354       0.0004519232633987
       0.0000022829999354       0.0005455189821067
       0.0000022819999355       0.0006459644292616
       0.0000022809999355       0.0008035347431396
       0.0000022799999355       0.0008809803974086
       0.0000022789999355       0.0009751149049045
       0.0000022779999356       0.0011353904496220
       0.0000022769999356       0.0013647567924953
       0.0000022759999356       0.0015380741316214
       0.0000022749999357       0.0018627798143636
       0.0000022739999357       0.0021072899828984
       0.0000022729999357       0.0025681894445965
       0.0000022719999357       0.0031399022828177
       0.0000022709999358       0.0036973398093580
       0.0000022699999358       0.0044758548329568
       0.0000022689999358       0.0054545878140805
       0.0000022679999359       0.0065425138207634
       0.0000022669999359       0.0079478041543527
       0.0000022659999359       0.0096134171721234
       0.0000022649999359       0.0118124172459719
       0.0000022639999360       0.0144697269565764
       0.0000022629999360       0.0177054174742531
       0.0000022619999360       0.0219415921995672
       0.0000022609999361       0.0272864478701004
       0.0000022599999361       0.0335102979809865
       0.0000022589999361       0.0422018327767155
       0.0000022579999361       0.0527272737114536
       0.0000022569999362       0.0659277567463998
       0.0000022559999362       0.0823278504098291
       0.0000022549999362       0.1031645846940918
       0.0000022539999363       0.1294491453065860
       0.0000022529999363       0.1603265726164217
       0.0000022519999363       0.2004083398205244
       0.0000022509999363       0.2459087317035114
       0.0000022499999364       0.2962186365789974
       0.0000022489999364       0.3541491238841500
       0.0000022479999364       0.4145870879332563
       0.0000022469999365       0.4778312195196397
       0.0000022459999365       0.5419055054874677
       0.0000022449999365       0.6037991961040360
       0.0000022439999365       0.6573827978063491
       0.0000022429999366       0.7050312647413228
       0.0000022419999366       0.7449947953480683
       0.0000022409999366       0.7757765787600418
       0.0000022399999366       0.7991775334369897
       0.0000022389999367       0.8151827820792446
       0.0000022379999367       0.8251159483572209
       0.0000022369999367       0.8302936368414906
       0.0000022359999368       0.8326142696896204
       0.0000022349999368       0.8329161648828725
       0.0000022339999368       0.8322587398975670
       0.0000022329999368       0.8309377103270944
       0.0000022319999369       0.8297936826526654
       0.0000022309999369       0.8288301663742017
       0.0000022299999369       0.8282427793873309
       0.0000022289999370       0.8282353024874979
       0.0000022279999370       0.8282952695861576
       0.0000022269999370       0.8287096219768961
       0.0000022259999370       0.8295684628576996
       0.0000022249999371       0.8305990415346644
       0.0000022239999371       0.8316038327122054
       0.0000022229999371       0.8328174404850792
       0.0000022219999372       0.8339764217591740
       0.0000022209999372       0.8352060512316897
       0.0000022199999372       0.8364122585047288
       0.0000022189999372       0.8377145198756208
       0.0000022179999373       0.8390868190449478
       0.0000022169999373       0.8403676417163191
       0.0000022159999373       0.8417790033847727
       0.0000022149999374       0.8432526209518347
       0.0000022139999374       0.8444746210245210
       0.0000022129999374       0.8460471917893712
       0.0000022119999374       0.8477762414507239
       0.0000022109999375       0.8494080926142492
       0.0000022099999375       0.8511408806755183
       0.0000022089999375       0.8529986381339942
       0.0000022079999376       0.8547621726945762
       0.0000022069999376       0.8568560599477741
       0.0000022059999376       0.8588785361025683
       0.0000022049999376       0.8608222768591223
       0.0000022039999377       0.8628668020134236
       0.0000022029999377       0.8647987172702419
       0.0000022019999377       0.8667715260261463
       0.0000022009999378       0.8687425037820914
       0.0000021999999378       0.8708045002360022
       0.0000021989999378       0.8726454730948532
       0.0000021979999378       0.8744148058553055
       0.0000021969999379       0.8761461443166071
       0.0000021959999379       0.8778522294784732
       0.0000021949999379       0.8792900651463350
       0.0000021939999379       0.8808106798123467
       0.0000021929999380       0.8823318283783463
       0.0000021919999380       0.8837753098460820
       0.0000021909999380       0.8849172776205571
       0.0000021899999381       0.8861003677941128
       0.0000021889999381       0.8871283523711356
       0.0000021879999381       0.8881850997475155
       0.0000021869999381       0.8890668289278074
       0.0000021859999382       0.8899156753088342
       0.0000021849999382       0.8906305495928555
       0.0000021839999382       0.8913932600758077
       0.0000021829999383       0.8919790449627142
       0.0000021819999383       0.8925855818491572
       0.0000021809999383       0.8930106917396552
       0.0000021799999383       0.8934057417308252
       0.0000021789999384       0.8935066786285689
       0.0000021779999384       0.8935223952282177
       0.0000021769999384       0.8933312025324912
       0.0000021759999385       0.8929765883404174
       0.0000021749999385       0.8922734633561334
       0.0000021739999385       0.8914286604750162
       0.0000021729999385       0.8904630080966004
       0.0000021719999386       0.8889756576298451
       0.0000021709999386       0.8876700393590281
       0.0000021699999386       0.8859840194967136
       0.0000021689999387       0.8843170731339727
       0.0000021679999387       0.8828071396677223
       0.0000021669999387       0.8814615433977987
       0.0000021659999387       0.8804191392210983
       0.0000021649999388       0.8799010271326790
       0.0000021639999388       0.8799793809309278
       0.0000021629999388       0.8804508775203890
       0.0000021619999389       0.8813310808007148
       0.0000021609999389       0.8820319168850499
       0.0000021599999389       0.8821104233832952
       0.0000021589999389       0.8800066942303171
       0.0000021579999390       0.8749625964430615
       0.0000021569999390       0.8644590565778340
       0.0000021559999390       0.8462994195837336
       0.0000021549999391       0.8181110199137933
       0.0000021539999391       0.7805834786525991
       0.0000021529999391       0.7319372395399274
       0.0000021519999391       0.6723244325723776
       0.0000021509999392       0.6058224351588131
       0.0000021499999392       0.5324564623986704
       0.0000021489999392       0.4561595433040395
       0.0000021479999393       0.3826426992472690
       0.0000021469999393       0.3167756391195125
       0.0000021459999393       0.2559539928789823
       0.0000021449999393       0.2034205391531965
       0.0000021439999394       0.1613900148926520
       0.0000021429999394       0.1247058077126079
       0.0000021419999394       0.0964982774130954
       0.0000021409999394       0.0750433332826508
       0.0000021399999395       0.0580461775225668
       0.0000021389999395       0.0452061452295639
       0.0000021379999395       0.0352061192230819
       0.0000021369999396       0.0276545518418726
       0.0000021359999396       0.0215991539872213
       0.0000021349999396       0.0171414979468577
       0.0000021339999396       0.0137423118828354
       0.0000021329999397       0.0109767184146512
       0.0000021319999397       0.0087895653665379
       0.0000021309999397       0.0071627394749003
       0.0000021299999398       0.0058406602034511
       0.0000021289999398       0.0047718503003408
       0.0000021279999398       0.0039443661878365
       0.0000021269999398       0.0032268866178735
       0.0000021259999399       0.0027024846665948
       0.0000021249999399       0.0022330627840872
       0.0000021239999399       0.0018945684606531
       0.0000021229999400       0.0015466129434305
       0.0000021219999400       0.0012890636631872
       0.0000021209999400       0.0011010977383885
       0.0000021199999400       0.0009189309719603
       0.0000021189999401       0.0008502121079963
       0.0000021179999401       0.0006879946435221
       0.0000021169999401       0.0006176317717949
       0.0000021159999402       0.0005712256825321
       0.0000021149999402       0.0004534429210648
       0.0000021139999402       0.0004105823395228
       0.0000021129999402       0.0003800597702050
       0.0000021119999403       0.0002982192233343
       0.0000021109999403       0.0002376288494886
       0.0000021099999403       0.0002235618370030
       0.0000021089999404       0.0001806622330619
       0.0000021079999404       0.0002223481933301
       0.0000021069999404       0.0001428697506066
       0.0000021059999404       0.0001505430847351
       0.0000021049999405       0.0001259999507837
       0.0000021039999405       0.0001230147267504
       0.0000021029999405       0.0001054651639427
       0.0000021019999406       0.0001401170311681
       0.0000021009999406       0.0000783536379387
       0.0000020999999406       0.0000920868737517
       0.0000020989999406       0.0000742520049403
       0.0000020979999407       0.0000435677719762
       0.0000020969999407       0.0001054188119437
       0.0000020959999407       0.0000000000000000
       0.0000020949999407       0.0000852429382047
       0.0000020939999408       0.0000340603167987
       0.0000020929999408       0.0000387264406944
       0.0000020919999408       0.0000084909230202
       0.0000020909999409       0.0000000000000000
       0.0000020899999409       0.0000276889413011
