# author : Ric Davies
# description : SCAO dichroic transmission, including CaF2 substrate and coating
# source: theoretical  coating transmission plus expected CaF2 transmission, from Yann Clenet (2023-06-08)
# date_created : 2020-11-11
# date_modified : 2023-06-13
# status : FDR design and iteration with manufacturer
# wavelength unit : nm
# changes :
# - 2018-11-19 (KL) updated meta data to new format
# - 2022-03-16 (KL) updated values from Ric
# - 2023-06-13 (RD) new values based on design & modelling
#
wavelength	transmission	reflection	emissivity
550	0.0116	0.9881	0.0004
551	0.0061	0.9937	0.0002
552	0.0039	0.9960	0.0001
553	0.0027	0.9972	0.0001
554	0.0022	0.9978	0.0001
555	0.0019	0.9981	0.0001
556	0.0018	0.9982	0.0001
557	0.0018	0.9981	0.0001
558	0.0021	0.9978	0.0001
559	0.0029	0.9970	0.0001
560	0.0050	0.9949	0.0002
561	0.0136	0.9860	0.0004
562	0.0311	0.9680	0.0010
563	0.0371	0.9618	0.0011
564	0.0241	0.9752	0.0007
565	0.0083	0.9915	0.0003
566	0.0036	0.9963	0.0001
567	0.0023	0.9977	0.0001
568	0.0018	0.9982	0.0001
569	0.0017	0.9983	0.0001
570	0.0020	0.9979	0.0001
571	0.0034	0.9965	0.0001
572	0.0083	0.9914	0.0003
573	0.0139	0.9857	0.0004
574	0.0168	0.9827	0.0005
575	0.0113	0.9883	0.0003
576	0.0041	0.9958	0.0001
577	0.0013	0.9986	0.0000
578	0.0007	0.9993	0.0000
579	0.0004	0.9996	0.0000
580	0.0003	0.9997	0.0000
581	0.0003	0.9997	0.0000
582	0.0003	0.9997	0.0000
583	0.0003	0.9997	0.0000
584	0.0004	0.9996	0.0000
585	0.0005	0.9995	0.0000
586	0.0006	0.9993	0.0000
587	0.0007	0.9993	0.0000
588	0.0005	0.9995	0.0000
589	0.0003	0.9997	0.0000
590	0.0001	0.9998	0.0000
591	0.0001	0.9999	0.0000
592	0.0001	0.9999	0.0000
593	0.0000	1.0000	0.0000
594	0.0000	1.0000	0.0000
595	0.0000	1.0000	0.0000
596	0.0000	1.0000	0.0000
597	0.0000	1.0000	0.0000
598	0.0000	1.0000	0.0000
599	0.0000	1.0000	0.0000
600	0.0000	1.0000	0.0000
601	0.0000	1.0000	0.0000
602	0.0000	1.0000	0.0000
603	0.0000	1.0000	0.0000
604	0.0000	1.0000	0.0000
605	0.0000	1.0000	0.0000
606	0.0000	1.0000	0.0000
607	0.0000	1.0000	0.0000
608	0.0000	1.0000	0.0000
609	0.0001	0.9999	0.0000
610	0.0001	0.9999	0.0000
611	0.0002	0.9998	0.0000
612	0.0003	0.9997	0.0000
613	0.0005	0.9995	0.0000
614	0.0006	0.9993	0.0000
615	0.0007	0.9993	0.0000
616	0.0007	0.9993	0.0000
617	0.0005	0.9994	0.0000
618	0.0005	0.9995	0.0000
619	0.0004	0.9996	0.0000
620	0.0004	0.9996	0.0000
621	0.0004	0.9996	0.0000
622	0.0004	0.9995	0.0000
623	0.0005	0.9995	0.0000
624	0.0006	0.9994	0.0000
625	0.0008	0.9992	0.0000
626	0.0011	0.9989	0.0000
627	0.0016	0.9983	0.0001
628	0.0026	0.9973	0.0001
629	0.0043	0.9955	0.0001
630	0.0065	0.9933	0.0002
631	0.0083	0.9914	0.0003
632	0.0088	0.9909	0.0003
633	0.0078	0.9919	0.0002
634	0.0062	0.9936	0.0002
635	0.0048	0.9950	0.0001
636	0.0039	0.9960	0.0001
637	0.0034	0.9965	0.0001
638	0.0031	0.9968	0.0001
639	0.0030	0.9970	0.0001
640	0.0029	0.9970	0.0001
641	0.0029	0.9970	0.0001
642	0.0029	0.9970	0.0001
643	0.0027	0.9972	0.0001
644	0.0024	0.9975	0.0001
645	0.0021	0.9979	0.0001
646	0.0017	0.9983	0.0001
647	0.0013	0.9986	0.0000
648	0.0010	0.9989	0.0000
649	0.0008	0.9991	0.0000
650	0.0007	0.9993	0.0000
651	0.0006	0.9994	0.0000
652	0.0005	0.9995	0.0000
653	0.0005	0.9995	0.0000
654	0.0004	0.9996	0.0000
655	0.0004	0.9996	0.0000
656	0.0004	0.9996	0.0000
657	0.0004	0.9996	0.0000
658	0.0004	0.9996	0.0000
659	0.0004	0.9996	0.0000
660	0.0004	0.9995	0.0000
661	0.0005	0.9995	0.0000
662	0.0005	0.9994	0.0000
663	0.0006	0.9994	0.0000
664	0.0007	0.9993	0.0000
665	0.0008	0.9992	0.0000
666	0.0010	0.9990	0.0000
667	0.0011	0.9989	0.0000
668	0.0013	0.9987	0.0000
669	0.0014	0.9985	0.0000
670	0.0016	0.9984	0.0000
671	0.0017	0.9983	0.0001
672	0.0017	0.9982	0.0001
673	0.0018	0.9982	0.0001
674	0.0017	0.9982	0.0001
675	0.0017	0.9982	0.0001
676	0.0017	0.9983	0.0001
677	0.0017	0.9983	0.0001
678	0.0016	0.9983	0.0001
679	0.0016	0.9983	0.0000
680	0.0016	0.9983	0.0000
681	0.0016	0.9983	0.0001
682	0.0017	0.9983	0.0001
683	0.0017	0.9982	0.0001
684	0.0018	0.9982	0.0001
685	0.0019	0.9981	0.0001
686	0.0020	0.9979	0.0001
687	0.0022	0.9977	0.0001
688	0.0024	0.9975	0.0001
689	0.0027	0.9973	0.0001
690	0.0030	0.9969	0.0001
691	0.0034	0.9965	0.0001
692	0.0038	0.9961	0.0001
693	0.0042	0.9956	0.0001
694	0.0047	0.9952	0.0001
695	0.0050	0.9948	0.0002
696	0.0052	0.9946	0.0002
697	0.0052	0.9946	0.0002
698	0.0051	0.9948	0.0002
699	0.0048	0.9951	0.0001
700	0.0044	0.9955	0.0001
701	0.0040	0.9959	0.0001
702	0.0037	0.9962	0.0001
703	0.0034	0.9965	0.0001
704	0.0031	0.9968	0.0001
705	0.0030	0.9969	0.0001
706	0.0029	0.9970	0.0001
707	0.0028	0.9971	0.0001
708	0.0029	0.9970	0.0001
709	0.0030	0.9969	0.0001
710	0.0031	0.9968	0.0001
711	0.0033	0.9966	0.0001
712	0.0036	0.9963	0.0001
713	0.0040	0.9959	0.0001
714	0.0044	0.9955	0.0001
715	0.0047	0.9951	0.0001
716	0.0050	0.9948	0.0002
717	0.0052	0.9946	0.0002
718	0.0053	0.9946	0.0002
719	0.0052	0.9947	0.0002
720	0.0050	0.9949	0.0002
721	0.0046	0.9953	0.0001
722	0.0042	0.9957	0.0001
723	0.0037	0.9961	0.0001
724	0.0034	0.9965	0.0001
725	0.0031	0.9969	0.0001
726	0.0028	0.9971	0.0001
727	0.0026	0.9973	0.0001
728	0.0025	0.9974	0.0001
729	0.0025	0.9974	0.0001
730	0.0025	0.9974	0.0001
731	0.0026	0.9974	0.0001
732	0.0027	0.9972	0.0001
733	0.0028	0.9971	0.0001
734	0.0030	0.9969	0.0001
735	0.0033	0.9966	0.0001
736	0.0035	0.9964	0.0001
737	0.0037	0.9962	0.0001
738	0.0038	0.9960	0.0001
739	0.0039	0.9960	0.0001
740	0.0038	0.9961	0.0001
741	0.0036	0.9963	0.0001
742	0.0034	0.9965	0.0001
743	0.0031	0.9968	0.0001
744	0.0028	0.9971	0.0001
745	0.0026	0.9974	0.0001
746	0.0023	0.9976	0.0001
747	0.0021	0.9978	0.0001
748	0.0019	0.9980	0.0001
749	0.0018	0.9981	0.0001
750	0.0017	0.9982	0.0001
751	0.0016	0.9983	0.0001
752	0.0016	0.9984	0.0000
753	0.0016	0.9984	0.0000
754	0.0016	0.9984	0.0000
755	0.0016	0.9984	0.0000
756	0.0016	0.9984	0.0000
757	0.0016	0.9983	0.0000
758	0.0017	0.9983	0.0001
759	0.0018	0.9982	0.0001
760	0.0019	0.9981	0.0001
761	0.0020	0.9980	0.0001
762	0.0021	0.9978	0.0001
763	0.0022	0.9977	0.0001
764	0.0024	0.9975	0.0001
765	0.0025	0.9974	0.0001
766	0.0027	0.9972	0.0001
767	0.0028	0.9971	0.0001
768	0.0029	0.9970	0.0001
769	0.0030	0.9969	0.0001
770	0.0030	0.9969	0.0001
771	0.0031	0.9968	0.0001
772	0.0031	0.9968	0.0001
773	0.0031	0.9968	0.0001
774	0.0031	0.9969	0.0001
775	0.0030	0.9969	0.0001
776	0.0030	0.9969	0.0001
777	0.0030	0.9969	0.0001
778	0.0030	0.9969	0.0001
779	0.0030	0.9969	0.0001
780	0.0031	0.9968	0.0001
781	0.0031	0.9968	0.0001
782	0.0031	0.9968	0.0001
783	0.0031	0.9968	0.0001
784	0.0031	0.9968	0.0001
785	0.0031	0.9968	0.0001
786	0.0030	0.9969	0.0001
787	0.0029	0.9970	0.0001
788	0.0028	0.9972	0.0001
789	0.0026	0.9973	0.0001
790	0.0024	0.9975	0.0001
791	0.0022	0.9977	0.0001
792	0.0020	0.9980	0.0001
793	0.0018	0.9982	0.0001
794	0.0016	0.9983	0.0000
795	0.0015	0.9985	0.0000
796	0.0013	0.9986	0.0000
797	0.0012	0.9987	0.0000
798	0.0011	0.9988	0.0000
799	0.0011	0.9989	0.0000
800	0.0010	0.9989	0.0000
801	0.0010	0.9990	0.0000
802	0.0010	0.9990	0.0000
803	0.0010	0.9990	0.0000
804	0.0010	0.9990	0.0000
805	0.0010	0.9990	0.0000
806	0.0010	0.9989	0.0000
807	0.0011	0.9989	0.0000
808	0.0012	0.9988	0.0000
809	0.0013	0.9987	0.0000
810	0.0014	0.9985	0.0000
811	0.0016	0.9984	0.0000
812	0.0017	0.9982	0.0001
813	0.0019	0.9981	0.0001
814	0.0020	0.9979	0.0001
815	0.0021	0.9978	0.0001
816	0.0021	0.9978	0.0001
817	0.0021	0.9979	0.0001
818	0.0020	0.9980	0.0001
819	0.0018	0.9981	0.0001
820	0.0016	0.9983	0.0001
821	0.0014	0.9985	0.0000
822	0.0012	0.9987	0.0000
823	0.0011	0.9989	0.0000
824	0.0009	0.9990	0.0000
825	0.0008	0.9992	0.0000
826	0.0007	0.9992	0.0000
827	0.0007	0.9993	0.0000
828	0.0006	0.9994	0.0000
829	0.0006	0.9994	0.0000
830	0.0005	0.9994	0.0000
831	0.0005	0.9995	0.0000
832	0.0005	0.9995	0.0000
833	0.0005	0.9995	0.0000
834	0.0005	0.9995	0.0000
835	0.0005	0.9994	0.0000
836	0.0006	0.9994	0.0000
837	0.0006	0.9994	0.0000
838	0.0007	0.9993	0.0000
839	0.0007	0.9992	0.0000
840	0.0009	0.9991	0.0000
841	0.0010	0.9990	0.0000
842	0.0012	0.9987	0.0000
843	0.0015	0.9984	0.0000
844	0.0019	0.9981	0.0001
845	0.0023	0.9976	0.0001
846	0.0028	0.9971	0.0001
847	0.0031	0.9968	0.0001
848	0.0034	0.9965	0.0001
849	0.0033	0.9966	0.0001
850	0.0031	0.9968	0.0001
851	0.0026	0.9973	0.0001
852	0.0020	0.9979	0.0001
853	0.0016	0.9984	0.0000
854	0.0012	0.9988	0.0000
855	0.0009	0.9991	0.0000
856	0.0007	0.9993	0.0000
857	0.0006	0.9994	0.0000
858	0.0005	0.9995	0.0000
859	0.0004	0.9996	0.0000
860	0.0003	0.9997	0.0000
861	0.0003	0.9997	0.0000
862	0.0003	0.9997	0.0000
863	0.0002	0.9998	0.0000
864	0.0002	0.9998	0.0000
865	0.0002	0.9998	0.0000
866	0.0002	0.9998	0.0000
867	0.0002	0.9998	0.0000
868	0.0002	0.9998	0.0000
869	0.0002	0.9998	0.0000
870	0.0002	0.9998	0.0000
871	0.0001	0.9998	0.0000
872	0.0001	0.9999	0.0000
873	0.0001	0.9999	0.0000
874	0.0001	0.9999	0.0000
875	0.0001	0.9999	0.0000
876	0.0001	0.9999	0.0000
877	0.0001	0.9999	0.0000
878	0.0001	0.9998	0.0000
879	0.0001	0.9998	0.0000
880	0.0002	0.9998	0.0000
881	0.0002	0.9998	0.0000
882	0.0002	0.9998	0.0000
883	0.0002	0.9998	0.0000
884	0.0002	0.9998	0.0000
885	0.0002	0.9998	0.0000
886	0.0002	0.9998	0.0000
887	0.0002	0.9998	0.0000
888	0.0002	0.9998	0.0000
889	0.0002	0.9998	0.0000
890	0.0003	0.9997	0.0000
891	0.0003	0.9997	0.0000
892	0.0003	0.9997	0.0000
893	0.0003	0.9997	0.0000
894	0.0004	0.9996	0.0000
895	0.0004	0.9996	0.0000
896	0.0004	0.9996	0.0000
897	0.0005	0.9995	0.0000
898	0.0005	0.9995	0.0000
899	0.0006	0.9994	0.0000
900	0.0007	0.9993	0.0000
901	0.0007	0.9992	0.0000
902	0.0008	0.9991	0.0000
903	0.0009	0.9990	0.0000
904	0.0011	0.9989	0.0000
905	0.0012	0.9987	0.0000
906	0.0014	0.9985	0.0000
907	0.0016	0.9983	0.0000
908	0.0019	0.9981	0.0001
909	0.0022	0.9977	0.0001
910	0.0026	0.9973	0.0001
911	0.0030	0.9969	0.0001
912	0.0036	0.9963	0.0001
913	0.0042	0.9956	0.0001
914	0.0051	0.9948	0.0002
915	0.0061	0.9937	0.0002
916	0.0074	0.9924	0.0002
917	0.0089	0.9908	0.0003
918	0.0109	0.9887	0.0003
919	0.0135	0.9861	0.0004
920	0.0167	0.9828	0.0005
921	0.0208	0.9786	0.0006
922	0.0261	0.9731	0.0008
923	0.0330	0.9660	0.0010
924	0.0418	0.9569	0.0013
925	0.0535	0.9449	0.0016
926	0.0687	0.9292	0.0021
927	0.0884	0.9089	0.0027
928	0.1136	0.8829	0.0035
929	0.1456	0.8499	0.0045
930	0.1852	0.8091	0.0057
931	0.2327	0.7602	0.0071
932	0.2882	0.7030	0.0088
933	0.3501	0.6392	0.0107
934	0.4170	0.5702	0.0128
935	0.4866	0.4985	0.0149
936	0.5567	0.4262	0.0170
937	0.6259	0.3549	0.0192
938	0.6919	0.2870	0.0212
939	0.7533	0.2237	0.0231
940	0.8071	0.1682	0.0247
941	0.8528	0.1211	0.0261
942	0.8881	0.0847	0.0272
943	0.9147	0.0574	0.0280
944	0.9320	0.0394	0.0285
945	0.9434	0.0277	0.0289
946	0.9498	0.0212	0.0291
947	0.9533	0.0176	0.0292
948	0.9551	0.0157	0.0292
949	0.9562	0.0145	0.0293
950	0.9570	0.0137	0.0293
951	0.9578	0.0128	0.0293
952	0.9587	0.0120	0.0293
953	0.9595	0.0111	0.0294
954	0.9603	0.0103	0.0294
955	0.9610	0.0096	0.0294
956	0.9614	0.0091	0.0294
957	0.9617	0.0089	0.0294
958	0.9617	0.0088	0.0294
959	0.9615	0.0090	0.0294
960	0.9612	0.0094	0.0294
961	0.9607	0.0099	0.0294
962	0.9601	0.0105	0.0294
963	0.9596	0.0111	0.0294
964	0.9590	0.0117	0.0294
965	0.9585	0.0122	0.0293
966	0.9581	0.0126	0.0293
967	0.9578	0.0129	0.0293
968	0.9576	0.0131	0.0293
969	0.9575	0.0132	0.0293
970	0.9575	0.0132	0.0293
971	0.9576	0.0131	0.0293
972	0.9577	0.0129	0.0293
973	0.9579	0.0128	0.0293
974	0.9581	0.0126	0.0293
975	0.9583	0.0124	0.0293
976	0.9584	0.0123	0.0293
977	0.9584	0.0122	0.0293
978	0.9584	0.0122	0.0293
979	0.9583	0.0123	0.0293
980	0.9582	0.0125	0.0293
981	0.9580	0.0127	0.0293
982	0.9577	0.0130	0.0293
983	0.9574	0.0133	0.0293
984	0.9571	0.0136	0.0293
985	0.9567	0.0140	0.0293
986	0.9564	0.0143	0.0293
987	0.9561	0.0146	0.0293
988	0.9559	0.0149	0.0293
989	0.9557	0.0151	0.0293
990	0.9555	0.0152	0.0292
991	0.9554	0.0153	0.0292
992	0.9554	0.0153	0.0292
993	0.9555	0.0152	0.0292
994	0.9556	0.0151	0.0293
995	0.9558	0.0149	0.0293
996	0.9561	0.0147	0.0293
997	0.9563	0.0144	0.0293
998	0.9566	0.0141	0.0293
999	0.9569	0.0138	0.0293
1000	0.9572	0.0135	0.0293
1001	0.9575	0.0132	0.0293
1002	0.9578	0.0129	0.0293
1003	0.9581	0.0126	0.0293
1004	0.9583	0.0124	0.0293
1005	0.9584	0.0122	0.0293
1006	0.9586	0.0121	0.0293
1007	0.9586	0.0120	0.0293
1008	0.9587	0.0120	0.0293
1009	0.9587	0.0119	0.0293
1010	0.9587	0.0120	0.0293
1011	0.9587	0.0120	0.0293
1012	0.9586	0.0121	0.0293
1013	0.9585	0.0121	0.0293
1014	0.9585	0.0122	0.0293
1015	0.9584	0.0122	0.0293
1016	0.9584	0.0123	0.0293
1017	0.9584	0.0123	0.0293
1018	0.9584	0.0123	0.0293
1019	0.9584	0.0123	0.0293
1020	0.9585	0.0122	0.0293
1021	0.9585	0.0121	0.0293
1022	0.9587	0.0120	0.0293
1023	0.9588	0.0119	0.0293
1024	0.9589	0.0117	0.0294
1025	0.9591	0.0116	0.0294
1026	0.9592	0.0114	0.0294
1027	0.9594	0.0113	0.0294
1028	0.9595	0.0111	0.0294
1029	0.9596	0.0110	0.0294
1030	0.9597	0.0109	0.0294
1031	0.9597	0.0109	0.0294
1032	0.9597	0.0109	0.0294
1033	0.9597	0.0109	0.0294
1034	0.9596	0.0111	0.0294
1035	0.9594	0.0112	0.0294
1036	0.9592	0.0114	0.0294
1037	0.9589	0.0117	0.0294
1038	0.9586	0.0120	0.0293
1039	0.9582	0.0124	0.0293
1040	0.9578	0.0128	0.0293
1041	0.9574	0.0133	0.0293
1042	0.9569	0.0138	0.0293
1043	0.9565	0.0143	0.0293
1044	0.9560	0.0148	0.0293
1045	0.9555	0.0153	0.0292
1046	0.9550	0.0158	0.0292
1047	0.9545	0.0163	0.0292
1048	0.9541	0.0167	0.0292
1049	0.9537	0.0171	0.0292
1050	0.9533	0.0175	0.0292
1051	0.9530	0.0178	0.0292
1052	0.9528	0.0180	0.0292
1053	0.9526	0.0182	0.0292
1054	0.9525	0.0184	0.0292
1055	0.9524	0.0185	0.0292
1056	0.9524	0.0185	0.0292
1057	0.9524	0.0184	0.0292
1058	0.9525	0.0184	0.0292
1059	0.9526	0.0182	0.0292
1060	0.9528	0.0180	0.0292
1061	0.9530	0.0178	0.0292
1062	0.9532	0.0176	0.0292
1063	0.9535	0.0174	0.0292
1064	0.9537	0.0171	0.0292
1065	0.9540	0.0168	0.0292
1066	0.9542	0.0166	0.0292
1067	0.9544	0.0164	0.0292
1068	0.9546	0.0162	0.0292
1069	0.9548	0.0160	0.0292
1070	0.9549	0.0159	0.0292
1071	0.9550	0.0158	0.0292
1072	0.9550	0.0158	0.0292
1073	0.9550	0.0158	0.0292
1074	0.9549	0.0158	0.0292
1075	0.9548	0.0160	0.0292
1076	0.9546	0.0161	0.0292
1077	0.9544	0.0163	0.0292
1078	0.9542	0.0166	0.0292
1079	0.9539	0.0169	0.0292
1080	0.9536	0.0172	0.0292
1081	0.9533	0.0176	0.0292
1082	0.9529	0.0179	0.0292
1083	0.9525	0.0183	0.0292
1084	0.9522	0.0187	0.0291
1085	0.9518	0.0191	0.0291
1086	0.9515	0.0194	0.0291
1087	0.9511	0.0198	0.0291
1088	0.9508	0.0201	0.0291
1089	0.9506	0.0204	0.0291
1090	0.9503	0.0206	0.0291
1091	0.9501	0.0208	0.0291
1092	0.9500	0.0210	0.0291
1093	0.9499	0.0211	0.0291
1094	0.9498	0.0211	0.0291
1095	0.9498	0.0211	0.0291
1096	0.9498	0.0211	0.0291
1097	0.9499	0.0210	0.0291
1098	0.9501	0.0209	0.0291
1099	0.9502	0.0207	0.0291
1100	0.9504	0.0205	0.0291
1101	0.9507	0.0202	0.0291
1102	0.9510	0.0199	0.0291
1103	0.9512	0.0196	0.0291
1104	0.9516	0.0193	0.0291
1105	0.9519	0.0190	0.0291
1106	0.9522	0.0187	0.0291
1107	0.9525	0.0183	0.0292
1108	0.9528	0.0180	0.0292
1109	0.9531	0.0177	0.0292
1110	0.9534	0.0174	0.0292
1111	0.9536	0.0172	0.0292
1112	0.9539	0.0169	0.0292
1113	0.9541	0.0167	0.0292
1114	0.9542	0.0166	0.0292
1115	0.9544	0.0164	0.0292
1116	0.9545	0.0163	0.0292
1117	0.9545	0.0163	0.0292
1118	0.9545	0.0162	0.0292
1119	0.9545	0.0162	0.0292
1120	0.9545	0.0163	0.0292
1121	0.9544	0.0164	0.0292
1122	0.9543	0.0165	0.0292
1123	0.9542	0.0166	0.0292
1124	0.9541	0.0167	0.0292
1125	0.9539	0.0169	0.0292
1126	0.9538	0.0170	0.0292
1127	0.9536	0.0172	0.0292
1128	0.9535	0.0173	0.0292
1129	0.9533	0.0175	0.0292
1130	0.9532	0.0176	0.0292
1131	0.9531	0.0177	0.0292
1132	0.9530	0.0178	0.0292
1133	0.9529	0.0179	0.0292
1134	0.9529	0.0180	0.0292
1135	0.9528	0.0180	0.0292
1136	0.9528	0.0180	0.0292
1137	0.9529	0.0179	0.0292
1138	0.9530	0.0179	0.0292
1139	0.9531	0.0178	0.0292
1140	0.9532	0.0176	0.0292
1141	0.9534	0.0175	0.0292
1142	0.9536	0.0172	0.0292
1143	0.9538	0.0170	0.0292
1144	0.9540	0.0168	0.0292
1145	0.9543	0.0165	0.0292
1146	0.9546	0.0162	0.0292
1147	0.9549	0.0159	0.0292
1148	0.9552	0.0156	0.0292
1149	0.9555	0.0153	0.0292
1150	0.9558	0.0149	0.0293
1151	0.9561	0.0146	0.0293
1152	0.9564	0.0143	0.0293
1153	0.9567	0.0140	0.0293
1154	0.9570	0.0137	0.0293
1155	0.9572	0.0134	0.0293
1156	0.9575	0.0132	0.0293
1157	0.9577	0.0130	0.0293
1158	0.9579	0.0128	0.0293
1159	0.9580	0.0126	0.0293
1160	0.9581	0.0125	0.0293
1161	0.9582	0.0124	0.0293
1162	0.9583	0.0124	0.0293
1163	0.9583	0.0123	0.0293
1164	0.9583	0.0124	0.0293
1165	0.9583	0.0124	0.0293
1166	0.9582	0.0125	0.0293
1167	0.9581	0.0126	0.0293
1168	0.9580	0.0127	0.0293
1169	0.9579	0.0128	0.0293
1170	0.9577	0.0130	0.0293
1171	0.9575	0.0132	0.0293
1172	0.9573	0.0134	0.0293
1173	0.9571	0.0136	0.0293
1174	0.9569	0.0138	0.0293
1175	0.9567	0.0140	0.0293
1176	0.9565	0.0142	0.0293
1177	0.9563	0.0144	0.0293
1178	0.9561	0.0146	0.0293
1179	0.9559	0.0148	0.0293
1180	0.9558	0.0150	0.0293
1181	0.9556	0.0151	0.0293
1182	0.9555	0.0153	0.0292
1183	0.9553	0.0154	0.0292
1184	0.9552	0.0155	0.0292
1185	0.9552	0.0156	0.0292
1186	0.9551	0.0156	0.0292
1187	0.9551	0.0157	0.0292
1188	0.9551	0.0157	0.0292
1189	0.9551	0.0157	0.0292
1190	0.9551	0.0156	0.0292
1191	0.9552	0.0156	0.0292
1192	0.9553	0.0155	0.0292
1193	0.9554	0.0154	0.0292
1194	0.9555	0.0153	0.0292
1195	0.9556	0.0152	0.0293
1196	0.9557	0.0150	0.0293
1197	0.9559	0.0149	0.0293
1198	0.9560	0.0147	0.0293
1199	0.9561	0.0146	0.0293
1200	0.9563	0.0145	0.0293
1201	0.9564	0.0143	0.0293
1202	0.9565	0.0142	0.0293
1203	0.9567	0.0141	0.0293
1204	0.9568	0.0140	0.0293
1205	0.9568	0.0139	0.0293
1206	0.9569	0.0138	0.0293
1207	0.9570	0.0137	0.0293
1208	0.9570	0.0137	0.0293
1209	0.9570	0.0137	0.0293
1210	0.9570	0.0137	0.0293
1211	0.9570	0.0137	0.0293
1212	0.9569	0.0138	0.0293
1213	0.9569	0.0139	0.0293
1214	0.9568	0.0140	0.0293
1215	0.9566	0.0141	0.0293
1216	0.9565	0.0142	0.0293
1217	0.9563	0.0144	0.0293
1218	0.9561	0.0146	0.0293
1219	0.9559	0.0148	0.0293
1220	0.9557	0.0150	0.0293
1221	0.9555	0.0153	0.0292
1222	0.9552	0.0155	0.0292
1223	0.9550	0.0158	0.0292
1224	0.9547	0.0160	0.0292
1225	0.9545	0.0163	0.0292
1226	0.9542	0.0166	0.0292
1227	0.9540	0.0168	0.0292
1228	0.9537	0.0171	0.0292
1229	0.9535	0.0173	0.0292
1230	0.9532	0.0176	0.0292
1231	0.9530	0.0178	0.0292
1232	0.9528	0.0180	0.0292
1233	0.9526	0.0182	0.0292
1234	0.9524	0.0184	0.0292
1235	0.9523	0.0186	0.0291
1236	0.9522	0.0187	0.0291
1237	0.9520	0.0188	0.0291
1238	0.9519	0.0189	0.0291
1239	0.9519	0.0190	0.0291
1240	0.9518	0.0191	0.0291
1241	0.9518	0.0191	0.0291
1242	0.9518	0.0191	0.0291
1243	0.9518	0.0191	0.0291
1244	0.9518	0.0190	0.0291
1245	0.9519	0.0190	0.0291
1246	0.9519	0.0189	0.0291
1247	0.9520	0.0188	0.0291
1248	0.9521	0.0187	0.0291
1249	0.9522	0.0186	0.0291
1250	0.9523	0.0185	0.0292
1251	0.9525	0.0184	0.0292
1252	0.9526	0.0182	0.0292
1253	0.9528	0.0181	0.0292
1254	0.9529	0.0179	0.0292
1255	0.9530	0.0178	0.0292
1256	0.9532	0.0176	0.0292
1257	0.9533	0.0175	0.0292
1258	0.9535	0.0173	0.0292
1259	0.9536	0.0172	0.0292
1260	0.9537	0.0171	0.0292
1261	0.9538	0.0170	0.0292
1262	0.9539	0.0169	0.0292
1263	0.9540	0.0168	0.0292
1264	0.9541	0.0167	0.0292
1265	0.9541	0.0167	0.0292
1266	0.9542	0.0166	0.0292
1267	0.9542	0.0166	0.0292
1268	0.9542	0.0166	0.0292
1269	0.9542	0.0166	0.0292
1270	0.9542	0.0166	0.0292
1271	0.9541	0.0166	0.0292
1272	0.9541	0.0167	0.0292
1273	0.9540	0.0168	0.0292
1274	0.9539	0.0168	0.0292
1275	0.9539	0.0169	0.0292
1276	0.9538	0.0170	0.0292
1277	0.9536	0.0172	0.0292
1278	0.9535	0.0173	0.0292
1279	0.9534	0.0174	0.0292
1280	0.9533	0.0175	0.0292
1281	0.9531	0.0177	0.0292
1282	0.9530	0.0178	0.0292
1283	0.9529	0.0179	0.0292
1284	0.9528	0.0181	0.0292
1285	0.9526	0.0182	0.0292
1286	0.9525	0.0183	0.0292
1287	0.9524	0.0184	0.0292
1288	0.9523	0.0185	0.0292
1289	0.9522	0.0186	0.0291
1290	0.9521	0.0187	0.0291
1291	0.9521	0.0188	0.0291
1292	0.9520	0.0188	0.0291
1293	0.9520	0.0189	0.0291
1294	0.9520	0.0189	0.0291
1295	0.9520	0.0189	0.0291
1296	0.9520	0.0189	0.0291
1297	0.9520	0.0188	0.0291
1298	0.9521	0.0188	0.0291
1299	0.9521	0.0187	0.0291
1300	0.9522	0.0186	0.0291
1301	0.9523	0.0185	0.0292
1302	0.9524	0.0184	0.0292
1303	0.9526	0.0183	0.0292
1304	0.9527	0.0181	0.0292
1305	0.9529	0.0180	0.0292
1306	0.9530	0.0178	0.0292
1307	0.9532	0.0176	0.0292
1308	0.9534	0.0174	0.0292
1309	0.9536	0.0172	0.0292
1310	0.9538	0.0170	0.0292
1311	0.9540	0.0168	0.0292
1312	0.9542	0.0166	0.0292
1313	0.9545	0.0163	0.0292
1314	0.9547	0.0161	0.0292
1315	0.9549	0.0159	0.0292
1316	0.9551	0.0157	0.0292
1317	0.9553	0.0155	0.0292
1318	0.9555	0.0152	0.0292
1319	0.9557	0.0150	0.0293
1320	0.9559	0.0149	0.0293
1321	0.9561	0.0147	0.0293
1322	0.9562	0.0145	0.0293
1323	0.9564	0.0143	0.0293
1324	0.9565	0.0142	0.0293
1325	0.9567	0.0141	0.0293
1326	0.9568	0.0139	0.0293
1327	0.9569	0.0138	0.0293
1328	0.9570	0.0138	0.0293
1329	0.9570	0.0137	0.0293
1330	0.9571	0.0136	0.0293
1331	0.9571	0.0136	0.0293
1332	0.9571	0.0136	0.0293
1333	0.9571	0.0136	0.0293
1334	0.9571	0.0136	0.0293
1335	0.9571	0.0136	0.0293
1336	0.9571	0.0136	0.0293
1337	0.9571	0.0137	0.0293
1338	0.9570	0.0137	0.0293
1339	0.9569	0.0138	0.0293
1340	0.9569	0.0138	0.0293
1341	0.9568	0.0139	0.0293
1342	0.9567	0.0140	0.0293
1343	0.9566	0.0141	0.0293
1344	0.9565	0.0142	0.0293
1345	0.9564	0.0143	0.0293
1346	0.9563	0.0144	0.0293
1347	0.9562	0.0145	0.0293
1348	0.9561	0.0146	0.0293
1349	0.9560	0.0147	0.0293
1350	0.9559	0.0148	0.0293
1351	0.9558	0.0149	0.0293
1352	0.9558	0.0150	0.0293
1353	0.9557	0.0151	0.0293
1354	0.9556	0.0151	0.0293
1355	0.9556	0.0152	0.0292
1356	0.9555	0.0152	0.0292
1357	0.9555	0.0153	0.0292
1358	0.9555	0.0153	0.0292
1359	0.9554	0.0153	0.0292
1360	0.9554	0.0153	0.0292
1361	0.9554	0.0153	0.0292
1362	0.9555	0.0153	0.0292
1363	0.9555	0.0152	0.0292
1364	0.9556	0.0152	0.0292
1365	0.9556	0.0151	0.0293
1366	0.9557	0.0151	0.0293
1367	0.9558	0.0150	0.0293
1368	0.9559	0.0149	0.0293
1369	0.9560	0.0148	0.0293
1370	0.9561	0.0147	0.0293
1371	0.9562	0.0145	0.0293
1372	0.9563	0.0144	0.0293
1373	0.9564	0.0143	0.0293
1374	0.9566	0.0141	0.0293
1375	0.9567	0.0140	0.0293
1376	0.9569	0.0138	0.0293
1377	0.9570	0.0137	0.0293
1378	0.9572	0.0135	0.0293
1379	0.9573	0.0134	0.0293
1380	0.9575	0.0132	0.0293
1381	0.9576	0.0131	0.0293
1382	0.9578	0.0129	0.0293
1383	0.9579	0.0128	0.0293
1384	0.9580	0.0127	0.0293
1385	0.9581	0.0125	0.0293
1386	0.9583	0.0124	0.0293
1387	0.9584	0.0123	0.0293
1388	0.9585	0.0122	0.0293
1389	0.9585	0.0121	0.0293
1390	0.9586	0.0120	0.0293
1391	0.9587	0.0120	0.0293
1392	0.9587	0.0119	0.0293
1393	0.9588	0.0119	0.0293
1394	0.9588	0.0119	0.0293
1395	0.9588	0.0119	0.0293
1396	0.9588	0.0119	0.0293
1397	0.9587	0.0119	0.0293
1398	0.9587	0.0120	0.0293
1399	0.9586	0.0120	0.0293
1400	0.9586	0.0121	0.0293
1401	0.9585	0.0122	0.0293
1402	0.9584	0.0123	0.0293
1403	0.9583	0.0124	0.0293
1404	0.9582	0.0125	0.0293
1405	0.9580	0.0127	0.0293
1406	0.9579	0.0128	0.0293
1407	0.9577	0.0130	0.0293
1408	0.9575	0.0131	0.0293
1409	0.9574	0.0133	0.0293
1410	0.9572	0.0135	0.0293
1411	0.9570	0.0137	0.0293
1412	0.9568	0.0139	0.0293
1413	0.9566	0.0142	0.0293
1414	0.9564	0.0144	0.0293
1415	0.9561	0.0146	0.0293
1416	0.9559	0.0148	0.0293
1417	0.9557	0.0151	0.0293
1418	0.9555	0.0153	0.0292
1419	0.9552	0.0155	0.0292
1420	0.9550	0.0157	0.0292
1421	0.9548	0.0160	0.0292
1422	0.9546	0.0162	0.0292
1423	0.9544	0.0164	0.0292
1424	0.9542	0.0166	0.0292
1425	0.9540	0.0168	0.0292
1426	0.9538	0.0170	0.0292
1427	0.9536	0.0172	0.0292
1428	0.9534	0.0174	0.0292
1429	0.9532	0.0176	0.0292
1430	0.9531	0.0177	0.0292
1431	0.9529	0.0179	0.0292
1432	0.9528	0.0180	0.0292
1433	0.9527	0.0182	0.0292
1434	0.9525	0.0183	0.0292
1435	0.9524	0.0184	0.0292
1436	0.9523	0.0185	0.0292
1437	0.9522	0.0186	0.0291
1438	0.9521	0.0187	0.0291
1439	0.9521	0.0188	0.0291
1440	0.9520	0.0189	0.0291
1441	0.9519	0.0189	0.0291
1442	0.9519	0.0190	0.0291
1443	0.9518	0.0190	0.0291
1444	0.9518	0.0191	0.0291
1445	0.9518	0.0191	0.0291
1446	0.9518	0.0191	0.0291
1447	0.9517	0.0191	0.0291
1448	0.9517	0.0191	0.0291
1449	0.9517	0.0191	0.0291
1450	0.9517	0.0191	0.0291
1451	0.9517	0.0191	0.0291
1452	0.9517	0.0191	0.0291
1453	0.9517	0.0191	0.0291
1454	0.9517	0.0191	0.0291
1455	0.9517	0.0191	0.0291
1456	0.9517	0.0191	0.0291
1457	0.9517	0.0191	0.0291
1458	0.9517	0.0191	0.0291
1459	0.9517	0.0191	0.0291
1460	0.9517	0.0191	0.0291
1461	0.9517	0.0191	0.0291
1462	0.9517	0.0192	0.0291
1463	0.9517	0.0192	0.0291
1464	0.9517	0.0192	0.0291
1465	0.9516	0.0193	0.0291
1466	0.9516	0.0193	0.0291
1467	0.9515	0.0193	0.0291
1468	0.9515	0.0194	0.0291
1469	0.9514	0.0195	0.0291
1470	0.9513	0.0195	0.0291
1471	0.9513	0.0196	0.0291
1472	0.9512	0.0197	0.0291
1473	0.9511	0.0198	0.0291
1474	0.9510	0.0199	0.0291
1475	0.9509	0.0200	0.0291
1476	0.9508	0.0201	0.0291
1477	0.9506	0.0203	0.0291
1478	0.9505	0.0204	0.0291
1479	0.9504	0.0206	0.0291
1480	0.9502	0.0207	0.0291
1481	0.9501	0.0209	0.0291
1482	0.9499	0.0210	0.0291
1483	0.9498	0.0212	0.0291
1484	0.9496	0.0213	0.0291
1485	0.9494	0.0215	0.0291
1486	0.9493	0.0217	0.0291
1487	0.9491	0.0219	0.0291
1488	0.9489	0.0220	0.0290
1489	0.9488	0.0222	0.0290
1490	0.9486	0.0224	0.0290
1491	0.9484	0.0226	0.0290
1492	0.9482	0.0227	0.0290
1493	0.9481	0.0229	0.0290
1494	0.9479	0.0231	0.0290
1495	0.9478	0.0232	0.0290
1496	0.9476	0.0234	0.0290
1497	0.9475	0.0235	0.0290
1498	0.9473	0.0237	0.0290
1499	0.9472	0.0238	0.0290
1500	0.9471	0.0239	0.0290
1501	0.9470	0.0241	0.0290
1502	0.9469	0.0242	0.0290
1503	0.9468	0.0243	0.0290
1504	0.9467	0.0244	0.0290
1505	0.9466	0.0244	0.0290
1506	0.9465	0.0245	0.0290
1507	0.9465	0.0246	0.0290
1508	0.9464	0.0246	0.0290
1509	0.9464	0.0246	0.0290
1510	0.9464	0.0247	0.0290
1511	0.9464	0.0247	0.0290
1512	0.9464	0.0247	0.0290
1513	0.9464	0.0246	0.0290
1514	0.9464	0.0246	0.0290
1515	0.9465	0.0246	0.0290
1516	0.9465	0.0245	0.0290
1517	0.9466	0.0245	0.0290
1518	0.9466	0.0244	0.0290
1519	0.9467	0.0243	0.0290
1520	0.9468	0.0242	0.0290
1521	0.9469	0.0241	0.0290
1522	0.9470	0.0240	0.0290
1523	0.9472	0.0238	0.0290
1524	0.9473	0.0237	0.0290
1525	0.9475	0.0235	0.0290
1526	0.9476	0.0234	0.0290
1527	0.9478	0.0232	0.0290
1528	0.9479	0.0231	0.0290
1529	0.9481	0.0229	0.0290
1530	0.9483	0.0227	0.0290
1531	0.9485	0.0225	0.0290
1532	0.9486	0.0223	0.0290
1533	0.9488	0.0221	0.0290
1534	0.9490	0.0219	0.0290
1535	0.9492	0.0217	0.0291
1536	0.9494	0.0215	0.0291
1537	0.9496	0.0214	0.0291
1538	0.9498	0.0212	0.0291
1539	0.9500	0.0210	0.0291
1540	0.9501	0.0208	0.0291
1541	0.9503	0.0206	0.0291
1542	0.9505	0.0204	0.0291
1543	0.9507	0.0202	0.0291
1544	0.9508	0.0200	0.0291
1545	0.9510	0.0199	0.0291
1546	0.9512	0.0197	0.0291
1547	0.9513	0.0196	0.0291
1548	0.9515	0.0194	0.0291
1549	0.9516	0.0193	0.0291
1550	0.9517	0.0192	0.0291
1551	0.9518	0.0190	0.0291
1552	0.9519	0.0189	0.0291
1553	0.9520	0.0188	0.0291
1554	0.9521	0.0187	0.0291
1555	0.9522	0.0187	0.0291
1556	0.9523	0.0186	0.0291
1557	0.9523	0.0185	0.0292
1558	0.9524	0.0185	0.0292
1559	0.9524	0.0185	0.0292
1560	0.9524	0.0184	0.0292
1561	0.9524	0.0184	0.0292
1562	0.9524	0.0184	0.0292
1563	0.9524	0.0184	0.0292
1564	0.9524	0.0184	0.0292
1565	0.9524	0.0185	0.0292
1566	0.9523	0.0185	0.0292
1567	0.9523	0.0185	0.0292
1568	0.9523	0.0186	0.0291
1569	0.9522	0.0187	0.0291
1570	0.9521	0.0187	0.0291
1571	0.9520	0.0188	0.0291
1572	0.9520	0.0189	0.0291
1573	0.9519	0.0190	0.0291
1574	0.9518	0.0191	0.0291
1575	0.9517	0.0192	0.0291
1576	0.9516	0.0193	0.0291
1577	0.9515	0.0194	0.0291
1578	0.9514	0.0195	0.0291
1579	0.9513	0.0196	0.0291
1580	0.9512	0.0197	0.0291
1581	0.9510	0.0198	0.0291
1582	0.9509	0.0200	0.0291
1583	0.9508	0.0201	0.0291
1584	0.9507	0.0202	0.0291
1585	0.9506	0.0203	0.0291
1586	0.9505	0.0204	0.0291
1587	0.9504	0.0205	0.0291
1588	0.9503	0.0206	0.0291
1589	0.9502	0.0207	0.0291
1590	0.9501	0.0208	0.0291
1591	0.9500	0.0209	0.0291
1592	0.9499	0.0210	0.0291
1593	0.9498	0.0211	0.0291
1594	0.9498	0.0211	0.0291
1595	0.9497	0.0212	0.0291
1596	0.9497	0.0213	0.0291
1597	0.9496	0.0213	0.0291
1598	0.9496	0.0213	0.0291
1599	0.9496	0.0214	0.0291
1600	0.9495	0.0214	0.0291
1601	0.9495	0.0214	0.0291
1602	0.9495	0.0214	0.0291
1603	0.9495	0.0214	0.0291
1604	0.9495	0.0214	0.0291
1605	0.9496	0.0214	0.0291
1606	0.9496	0.0213	0.0291
1607	0.9496	0.0213	0.0291
1608	0.9497	0.0212	0.0291
1609	0.9498	0.0212	0.0291
1610	0.9498	0.0211	0.0291
1611	0.9499	0.0210	0.0291
1612	0.9500	0.0209	0.0291
1613	0.9501	0.0208	0.0291
1614	0.9502	0.0207	0.0291
1615	0.9503	0.0206	0.0291
1616	0.9504	0.0205	0.0291
1617	0.9506	0.0203	0.0291
1618	0.9507	0.0202	0.0291
1619	0.9508	0.0200	0.0291
1620	0.9510	0.0199	0.0291
1621	0.9511	0.0197	0.0291
1622	0.9513	0.0196	0.0291
1623	0.9515	0.0194	0.0291
1624	0.9516	0.0192	0.0291
1625	0.9518	0.0191	0.0291
1626	0.9520	0.0189	0.0291
1627	0.9521	0.0187	0.0291
1628	0.9523	0.0185	0.0292
1629	0.9525	0.0184	0.0292
1630	0.9527	0.0182	0.0292
1631	0.9528	0.0180	0.0292
1632	0.9530	0.0178	0.0292
1633	0.9532	0.0176	0.0292
1634	0.9533	0.0175	0.0292
1635	0.9535	0.0173	0.0292
1636	0.9537	0.0171	0.0292
1637	0.9538	0.0170	0.0292
1638	0.9540	0.0168	0.0292
1639	0.9542	0.0166	0.0292
1640	0.9543	0.0165	0.0292
1641	0.9544	0.0163	0.0292
1642	0.9546	0.0162	0.0292
1643	0.9547	0.0161	0.0292
1644	0.9548	0.0159	0.0292
1645	0.9549	0.0158	0.0292
1646	0.9551	0.0157	0.0292
1647	0.9552	0.0156	0.0292
1648	0.9552	0.0155	0.0292
1649	0.9553	0.0154	0.0292
1650	0.9554	0.0154	0.0292
1651	0.9555	0.0153	0.0292
1652	0.9555	0.0152	0.0292
1653	0.9556	0.0152	0.0293
1654	0.9556	0.0151	0.0293
1655	0.9556	0.0151	0.0293
1656	0.9557	0.0151	0.0293
1657	0.9557	0.0151	0.0293
1658	0.9557	0.0151	0.0293
1659	0.9557	0.0151	0.0293
1660	0.9556	0.0151	0.0293
1661	0.9556	0.0151	0.0293
1662	0.9556	0.0152	0.0293
1663	0.9555	0.0152	0.0292
1664	0.9555	0.0153	0.0292
1665	0.9554	0.0153	0.0292
1666	0.9554	0.0154	0.0292
1667	0.9553	0.0155	0.0292
1668	0.9552	0.0156	0.0292
1669	0.9551	0.0157	0.0292
1670	0.9550	0.0158	0.0292
1671	0.9549	0.0159	0.0292
1672	0.9548	0.0160	0.0292
1673	0.9547	0.0161	0.0292
1674	0.9546	0.0162	0.0292
1675	0.9544	0.0163	0.0292
1676	0.9543	0.0165	0.0292
1677	0.9542	0.0166	0.0292
1678	0.9540	0.0168	0.0292
1679	0.9539	0.0169	0.0292
1680	0.9538	0.0170	0.0292
1681	0.9536	0.0172	0.0292
1682	0.9535	0.0173	0.0292
1683	0.9533	0.0175	0.0292
1684	0.9532	0.0176	0.0292
1685	0.9531	0.0178	0.0292
1686	0.9529	0.0179	0.0292
1687	0.9528	0.0181	0.0292
1688	0.9526	0.0182	0.0292
1689	0.9525	0.0183	0.0292
1690	0.9524	0.0185	0.0292
1691	0.9522	0.0186	0.0291
1692	0.9521	0.0187	0.0291
1693	0.9520	0.0189	0.0291
1694	0.9519	0.0190	0.0291
1695	0.9518	0.0191	0.0291
1696	0.9517	0.0192	0.0291
1697	0.9516	0.0193	0.0291
1698	0.9515	0.0194	0.0291
1699	0.9514	0.0195	0.0291
1700	0.9513	0.0196	0.0291
1701	0.9512	0.0197	0.0291
1702	0.9511	0.0198	0.0291
1703	0.9511	0.0198	0.0291
1704	0.9510	0.0199	0.0291
1705	0.9510	0.0199	0.0291
1706	0.9509	0.0200	0.0291
1707	0.9509	0.0200	0.0291
1708	0.9508	0.0200	0.0291
1709	0.9508	0.0201	0.0291
1710	0.9508	0.0201	0.0291
1711	0.9508	0.0201	0.0291
1712	0.9508	0.0201	0.0291
1713	0.9508	0.0201	0.0291
1714	0.9508	0.0201	0.0291
1715	0.9508	0.0201	0.0291
1716	0.9509	0.0200	0.0291
1717	0.9509	0.0200	0.0291
1718	0.9509	0.0200	0.0291
1719	0.9510	0.0199	0.0291
1720	0.9510	0.0199	0.0291
1721	0.9511	0.0198	0.0291
1722	0.9512	0.0197	0.0291
1723	0.9512	0.0197	0.0291
1724	0.9513	0.0196	0.0291
1725	0.9514	0.0195	0.0291
1726	0.9515	0.0194	0.0291
1727	0.9516	0.0193	0.0291
1728	0.9516	0.0192	0.0291
1729	0.9517	0.0191	0.0291
1730	0.9518	0.0190	0.0291
1731	0.9519	0.0189	0.0291
1732	0.9520	0.0188	0.0291
1733	0.9521	0.0187	0.0291
1734	0.9522	0.0186	0.0291
1735	0.9524	0.0185	0.0292
1736	0.9525	0.0184	0.0292
1737	0.9526	0.0183	0.0292
1738	0.9527	0.0182	0.0292
1739	0.9528	0.0181	0.0292
1740	0.9529	0.0179	0.0292
1741	0.9530	0.0178	0.0292
1742	0.9531	0.0177	0.0292
1743	0.9532	0.0176	0.0292
1744	0.9533	0.0175	0.0292
1745	0.9534	0.0174	0.0292
1746	0.9535	0.0173	0.0292
1747	0.9536	0.0172	0.0292
1748	0.9537	0.0171	0.0292
1749	0.9537	0.0171	0.0292
1750	0.9538	0.0170	0.0292
1751	0.9539	0.0169	0.0292
1752	0.9540	0.0168	0.0292
1753	0.9540	0.0168	0.0292
1754	0.9541	0.0167	0.0292
1755	0.9541	0.0167	0.0292
1756	0.9542	0.0166	0.0292
1757	0.9542	0.0166	0.0292
1758	0.9543	0.0165	0.0292
1759	0.9543	0.0165	0.0292
1760	0.9543	0.0165	0.0292
1761	0.9543	0.0165	0.0292
1762	0.9543	0.0165	0.0292
1763	0.9543	0.0165	0.0292
1764	0.9543	0.0165	0.0292
1765	0.9543	0.0165	0.0292
1766	0.9543	0.0165	0.0292
1767	0.9543	0.0165	0.0292
1768	0.9542	0.0166	0.0292
1769	0.9542	0.0166	0.0292
1770	0.9542	0.0166	0.0292
1771	0.9541	0.0167	0.0292
1772	0.9540	0.0168	0.0292
1773	0.9540	0.0168	0.0292
1774	0.9539	0.0169	0.0292
1775	0.9538	0.0170	0.0292
1776	0.9538	0.0171	0.0292
1777	0.9537	0.0171	0.0292
1778	0.9536	0.0172	0.0292
1779	0.9535	0.0173	0.0292
1780	0.9534	0.0174	0.0292
1781	0.9533	0.0176	0.0292
1782	0.9532	0.0177	0.0292
1783	0.9530	0.0178	0.0292
1784	0.9529	0.0179	0.0292
1785	0.9528	0.0180	0.0292
1786	0.9527	0.0182	0.0292
1787	0.9526	0.0183	0.0292
1788	0.9524	0.0184	0.0292
1789	0.9523	0.0186	0.0291
1790	0.9522	0.0187	0.0291
1791	0.9520	0.0188	0.0291
1792	0.9519	0.0190	0.0291
1793	0.9517	0.0191	0.0291
1794	0.9516	0.0193	0.0291
1795	0.9515	0.0194	0.0291
1796	0.9513	0.0195	0.0291
1797	0.9512	0.0197	0.0291
1798	0.9511	0.0198	0.0291
1799	0.9509	0.0200	0.0291
1800	0.9508	0.0201	0.0291
1801	0.9507	0.0202	0.0291
1802	0.9505	0.0204	0.0291
1803	0.9504	0.0205	0.0291
1804	0.9503	0.0206	0.0291
1805	0.9502	0.0207	0.0291
1806	0.9501	0.0209	0.0291
1807	0.9499	0.0210	0.0291
1808	0.9498	0.0211	0.0291
1809	0.9497	0.0212	0.0291
1810	0.9496	0.0213	0.0291
1811	0.9495	0.0214	0.0291
1812	0.9494	0.0215	0.0291
1813	0.9493	0.0216	0.0291
1814	0.9493	0.0217	0.0291
1815	0.9492	0.0218	0.0291
1816	0.9491	0.0218	0.0291
1817	0.9491	0.0219	0.0291
1818	0.9490	0.0220	0.0290
1819	0.9489	0.0220	0.0290
1820	0.9489	0.0221	0.0290
1821	0.9489	0.0221	0.0290
1822	0.9488	0.0221	0.0290
1823	0.9488	0.0222	0.0290
1824	0.9488	0.0222	0.0290
1825	0.9488	0.0222	0.0290
1826	0.9488	0.0222	0.0290
1827	0.9487	0.0222	0.0290
1828	0.9488	0.0222	0.0290
1829	0.9488	0.0222	0.0290
1830	0.9488	0.0222	0.0290
1831	0.9488	0.0222	0.0290
1832	0.9488	0.0221	0.0290
1833	0.9489	0.0221	0.0290
1834	0.9489	0.0221	0.0290
1835	0.9489	0.0220	0.0290
1836	0.9490	0.0220	0.0290
1837	0.9491	0.0219	0.0291
1838	0.9491	0.0218	0.0291
1839	0.9492	0.0218	0.0291
1840	0.9492	0.0217	0.0291
1841	0.9493	0.0216	0.0291
1842	0.9494	0.0215	0.0291
1843	0.9495	0.0214	0.0291
1844	0.9496	0.0214	0.0291
1845	0.9497	0.0213	0.0291
1846	0.9498	0.0212	0.0291
1847	0.9499	0.0211	0.0291
1848	0.9500	0.0210	0.0291
1849	0.9501	0.0208	0.0291
1850	0.9502	0.0207	0.0291
1851	0.9503	0.0206	0.0291
1852	0.9504	0.0205	0.0291
1853	0.9505	0.0204	0.0291
1854	0.9506	0.0203	0.0291
1855	0.9507	0.0202	0.0291
1856	0.9509	0.0200	0.0291
1857	0.9510	0.0199	0.0291
1858	0.9511	0.0198	0.0291
1859	0.9512	0.0197	0.0291
1860	0.9513	0.0196	0.0291
1861	0.9514	0.0194	0.0291
1862	0.9516	0.0193	0.0291
1863	0.9517	0.0192	0.0291
1864	0.9518	0.0191	0.0291
1865	0.9519	0.0190	0.0291
1866	0.9520	0.0189	0.0291
1867	0.9521	0.0187	0.0291
1868	0.9522	0.0186	0.0291
1869	0.9523	0.0185	0.0292
1870	0.9524	0.0184	0.0292
1871	0.9525	0.0183	0.0292
1872	0.9526	0.0182	0.0292
1873	0.9527	0.0181	0.0292
1874	0.9528	0.0181	0.0292
1875	0.9529	0.0180	0.0292
1876	0.9529	0.0179	0.0292
1877	0.9530	0.0178	0.0292
1878	0.9531	0.0177	0.0292
1879	0.9532	0.0177	0.0292
1880	0.9532	0.0176	0.0292
1881	0.9533	0.0176	0.0292
1882	0.9533	0.0175	0.0292
1883	0.9534	0.0174	0.0292
1884	0.9534	0.0174	0.0292
1885	0.9534	0.0174	0.0292
1886	0.9535	0.0173	0.0292
1887	0.9535	0.0173	0.0292
1888	0.9535	0.0173	0.0292
1889	0.9535	0.0173	0.0292
1890	0.9536	0.0173	0.0292
1891	0.9536	0.0172	0.0292
1892	0.9536	0.0172	0.0292
1893	0.9536	0.0172	0.0292
1894	0.9536	0.0173	0.0292
1895	0.9535	0.0173	0.0292
1896	0.9535	0.0173	0.0292
1897	0.9535	0.0173	0.0292
1898	0.9535	0.0173	0.0292
1899	0.9534	0.0174	0.0292
1900	0.9534	0.0174	0.0292
1901	0.9534	0.0174	0.0292
1902	0.9533	0.0175	0.0292
1903	0.9533	0.0175	0.0292
1904	0.9532	0.0176	0.0292
1905	0.9532	0.0177	0.0292
1906	0.9531	0.0177	0.0292
1907	0.9530	0.0178	0.0292
1908	0.9530	0.0178	0.0292
1909	0.9529	0.0179	0.0292
1910	0.9528	0.0180	0.0292
1911	0.9528	0.0181	0.0292
1912	0.9527	0.0181	0.0292
1913	0.9526	0.0182	0.0292
1914	0.9525	0.0183	0.0292
1915	0.9525	0.0184	0.0292
1916	0.9524	0.0185	0.0292
1917	0.9523	0.0186	0.0291
1918	0.9522	0.0187	0.0291
1919	0.9521	0.0187	0.0291
1920	0.9520	0.0188	0.0291
1921	0.9519	0.0189	0.0291
1922	0.9518	0.0190	0.0291
1923	0.9518	0.0191	0.0291
1924	0.9517	0.0192	0.0291
1925	0.9516	0.0193	0.0291
1926	0.9515	0.0194	0.0291
1927	0.9514	0.0195	0.0291
1928	0.9513	0.0196	0.0291
1929	0.9512	0.0196	0.0291
1930	0.9512	0.0197	0.0291
1931	0.9511	0.0198	0.0291
1932	0.9510	0.0199	0.0291
1933	0.9509	0.0200	0.0291
1934	0.9509	0.0200	0.0291
1935	0.9508	0.0201	0.0291
1936	0.9507	0.0202	0.0291
1937	0.9507	0.0202	0.0291
1938	0.9506	0.0203	0.0291
1939	0.9505	0.0204	0.0291
1940	0.9505	0.0204	0.0291
1941	0.9504	0.0205	0.0291
1942	0.9504	0.0205	0.0291
1943	0.9504	0.0206	0.0291
1944	0.9503	0.0206	0.0291
1945	0.9503	0.0206	0.0291
1946	0.9503	0.0207	0.0291
1947	0.9502	0.0207	0.0291
1948	0.9502	0.0207	0.0291
1949	0.9502	0.0207	0.0291
1950	0.9502	0.0207	0.0291
1951	0.9502	0.0207	0.0291
1952	0.9502	0.0207	0.0291
1953	0.9502	0.0207	0.0291
1954	0.9502	0.0207	0.0291
1955	0.9502	0.0207	0.0291
1956	0.9502	0.0207	0.0291
1957	0.9502	0.0207	0.0291
1958	0.9502	0.0207	0.0291
1959	0.9503	0.0206	0.0291
1960	0.9503	0.0206	0.0291
1961	0.9503	0.0206	0.0291
1962	0.9504	0.0205	0.0291
1963	0.9504	0.0205	0.0291
1964	0.9505	0.0204	0.0291
1965	0.9505	0.0204	0.0291
1966	0.9506	0.0203	0.0291
1967	0.9507	0.0202	0.0291
1968	0.9507	0.0202	0.0291
1969	0.9508	0.0201	0.0291
1970	0.9509	0.0200	0.0291
1971	0.9510	0.0199	0.0291
1972	0.9511	0.0198	0.0291
1973	0.9511	0.0197	0.0291
1974	0.9512	0.0196	0.0291
1975	0.9513	0.0195	0.0291
1976	0.9514	0.0194	0.0291
1977	0.9515	0.0193	0.0291
1978	0.9516	0.0192	0.0291
1979	0.9517	0.0191	0.0291
1980	0.9518	0.0190	0.0291
1981	0.9520	0.0189	0.0291
1982	0.9521	0.0188	0.0291
1983	0.9522	0.0187	0.0291
1984	0.9523	0.0186	0.0292
1985	0.9524	0.0184	0.0292
1986	0.9525	0.0183	0.0292
1987	0.9527	0.0182	0.0292
1988	0.9528	0.0181	0.0292
1989	0.9529	0.0179	0.0292
1990	0.9530	0.0178	0.0292
1991	0.9531	0.0177	0.0292
1992	0.9533	0.0176	0.0292
1993	0.9534	0.0174	0.0292
1994	0.9535	0.0173	0.0292
1995	0.9536	0.0172	0.0292
1996	0.9537	0.0171	0.0292
1997	0.9539	0.0169	0.0292
1998	0.9540	0.0168	0.0292
1999	0.9541	0.0167	0.0292
2000	0.9542	0.0166	0.0292
2001	0.9543	0.0165	0.0292
2002	0.9544	0.0164	0.0292
2003	0.9545	0.0162	0.0292
2004	0.9546	0.0161	0.0292
2005	0.9547	0.0160	0.0292
2006	0.9548	0.0159	0.0292
2007	0.9549	0.0158	0.0292
2008	0.9550	0.0157	0.0292
2009	0.9551	0.0156	0.0292
2010	0.9552	0.0155	0.0292
2011	0.9553	0.0154	0.0292
2012	0.9554	0.0154	0.0292
2013	0.9555	0.0153	0.0292
2014	0.9555	0.0152	0.0292
2015	0.9556	0.0151	0.0293
2016	0.9557	0.0151	0.0293
2017	0.9558	0.0150	0.0293
2018	0.9558	0.0149	0.0293
2019	0.9559	0.0149	0.0293
2020	0.9559	0.0148	0.0293
2021	0.9560	0.0148	0.0293
2022	0.9560	0.0147	0.0293
2023	0.9561	0.0147	0.0293
2024	0.9561	0.0146	0.0293
2025	0.9561	0.0146	0.0293
2026	0.9561	0.0146	0.0293
2027	0.9562	0.0146	0.0293
2028	0.9562	0.0145	0.0293
2029	0.9562	0.0145	0.0293
2030	0.9562	0.0145	0.0293
2031	0.9562	0.0145	0.0293
2032	0.9562	0.0145	0.0293
2033	0.9562	0.0145	0.0293
2034	0.9562	0.0145	0.0293
2035	0.9562	0.0145	0.0293
2036	0.9562	0.0146	0.0293
2037	0.9561	0.0146	0.0293
2038	0.9561	0.0146	0.0293
2039	0.9561	0.0146	0.0293
2040	0.9561	0.0147	0.0293
2041	0.9560	0.0147	0.0293
2042	0.9560	0.0148	0.0293
2043	0.9559	0.0148	0.0293
2044	0.9559	0.0149	0.0293
2045	0.9558	0.0149	0.0293
2046	0.9558	0.0150	0.0293
2047	0.9557	0.0150	0.0293
2048	0.9557	0.0151	0.0293
2049	0.9556	0.0151	0.0293
2050	0.9555	0.0152	0.0292
2051	0.9555	0.0153	0.0292
2052	0.9554	0.0154	0.0292
2053	0.9553	0.0154	0.0292
2054	0.9552	0.0155	0.0292
2055	0.9552	0.0156	0.0292
2056	0.9551	0.0157	0.0292
2057	0.9550	0.0158	0.0292
2058	0.9549	0.0158	0.0292
2059	0.9548	0.0159	0.0292
2060	0.9548	0.0160	0.0292
2061	0.9547	0.0161	0.0292
2062	0.9546	0.0162	0.0292
2063	0.9545	0.0163	0.0292
2064	0.9544	0.0164	0.0292
2065	0.9543	0.0165	0.0292
2066	0.9542	0.0165	0.0292
2067	0.9542	0.0166	0.0292
2068	0.9541	0.0167	0.0292
2069	0.9540	0.0168	0.0292
2070	0.9539	0.0169	0.0292
2071	0.9538	0.0170	0.0292
2072	0.9537	0.0171	0.0292
2073	0.9536	0.0172	0.0292
2074	0.9536	0.0172	0.0292
2075	0.9535	0.0173	0.0292
2076	0.9534	0.0174	0.0292
2077	0.9533	0.0175	0.0292
2078	0.9533	0.0176	0.0292
2079	0.9532	0.0176	0.0292
2080	0.9531	0.0177	0.0292
2081	0.9530	0.0178	0.0292
2082	0.9530	0.0179	0.0292
2083	0.9529	0.0179	0.0292
2084	0.9529	0.0180	0.0292
2085	0.9528	0.0180	0.0292
2086	0.9527	0.0181	0.0292
2087	0.9527	0.0182	0.0292
2088	0.9526	0.0182	0.0292
2089	0.9526	0.0183	0.0292
2090	0.9525	0.0183	0.0292
2091	0.9525	0.0183	0.0292
2092	0.9525	0.0184	0.0292
2093	0.9524	0.0184	0.0292
2094	0.9524	0.0184	0.0292
2095	0.9524	0.0185	0.0292
2096	0.9524	0.0185	0.0292
2097	0.9523	0.0185	0.0292
2098	0.9523	0.0185	0.0292
2099	0.9523	0.0185	0.0292
2100	0.9523	0.0185	0.0292
2101	0.9523	0.0186	0.0292
2102	0.9523	0.0186	0.0292
2103	0.9523	0.0185	0.0292
2104	0.9523	0.0185	0.0292
2105	0.9523	0.0185	0.0292
2106	0.9523	0.0185	0.0292
2107	0.9524	0.0185	0.0292
2108	0.9524	0.0185	0.0292
2109	0.9524	0.0184	0.0292
2110	0.9524	0.0184	0.0292
2111	0.9525	0.0184	0.0292
2112	0.9525	0.0183	0.0292
2113	0.9525	0.0183	0.0292
2114	0.9526	0.0183	0.0292
2115	0.9526	0.0182	0.0292
2116	0.9527	0.0182	0.0292
2117	0.9527	0.0181	0.0292
2118	0.9528	0.0180	0.0292
2119	0.9529	0.0180	0.0292
2120	0.9529	0.0179	0.0292
2121	0.9530	0.0178	0.0292
2122	0.9531	0.0178	0.0292
2123	0.9531	0.0177	0.0292
2124	0.9532	0.0176	0.0292
2125	0.9533	0.0175	0.0292
2126	0.9534	0.0175	0.0292
2127	0.9534	0.0174	0.0292
2128	0.9535	0.0173	0.0292
2129	0.9536	0.0172	0.0292
2130	0.9537	0.0171	0.0292
2131	0.9538	0.0170	0.0292
2132	0.9539	0.0169	0.0292
2133	0.9540	0.0168	0.0292
2134	0.9541	0.0167	0.0292
2135	0.9541	0.0166	0.0292
2136	0.9542	0.0166	0.0292
2137	0.9543	0.0165	0.0292
2138	0.9544	0.0164	0.0292
2139	0.9545	0.0163	0.0292
2140	0.9546	0.0162	0.0292
2141	0.9547	0.0161	0.0292
2142	0.9548	0.0160	0.0292
2143	0.9549	0.0159	0.0292
2144	0.9550	0.0158	0.0292
2145	0.9551	0.0157	0.0292
2146	0.9552	0.0156	0.0292
2147	0.9553	0.0155	0.0292
2148	0.9554	0.0154	0.0292
2149	0.9555	0.0153	0.0292
2150	0.9556	0.0152	0.0293
2151	0.9557	0.0151	0.0293
2152	0.9558	0.0150	0.0293
2153	0.9558	0.0149	0.0293
2154	0.9559	0.0148	0.0293
2155	0.9560	0.0147	0.0293
2156	0.9561	0.0146	0.0293
2157	0.9562	0.0146	0.0293
2158	0.9562	0.0145	0.0293
2159	0.9563	0.0144	0.0293
2160	0.9564	0.0143	0.0293
2161	0.9565	0.0143	0.0293
2162	0.9565	0.0142	0.0293
2163	0.9566	0.0141	0.0293
2164	0.9566	0.0141	0.0293
2165	0.9567	0.0140	0.0293
2166	0.9568	0.0140	0.0293
2167	0.9568	0.0139	0.0293
2168	0.9569	0.0138	0.0293
2169	0.9569	0.0138	0.0293
2170	0.9569	0.0138	0.0293
2171	0.9570	0.0137	0.0293
2172	0.9570	0.0137	0.0293
2173	0.9570	0.0137	0.0293
2174	0.9571	0.0136	0.0293
2175	0.9571	0.0136	0.0293
2176	0.9571	0.0136	0.0293
2177	0.9571	0.0136	0.0293
2178	0.9571	0.0136	0.0293
2179	0.9572	0.0135	0.0293
2180	0.9572	0.0135	0.0293
2181	0.9572	0.0135	0.0293
2182	0.9572	0.0135	0.0293
2183	0.9571	0.0136	0.0293
2184	0.9571	0.0136	0.0293
2185	0.9571	0.0136	0.0293
2186	0.9571	0.0136	0.0293
2187	0.9571	0.0136	0.0293
2188	0.9571	0.0137	0.0293
2189	0.9570	0.0137	0.0293
2190	0.9570	0.0137	0.0293
2191	0.9569	0.0138	0.0293
2192	0.9569	0.0138	0.0293
2193	0.9569	0.0138	0.0293
2194	0.9568	0.0139	0.0293
2195	0.9568	0.0140	0.0293
2196	0.9567	0.0140	0.0293
2197	0.9566	0.0141	0.0293
2198	0.9566	0.0141	0.0293
2199	0.9565	0.0142	0.0293
2200	0.9565	0.0143	0.0293
2201	0.9564	0.0143	0.0293
2202	0.9563	0.0144	0.0293
2203	0.9562	0.0145	0.0293
2204	0.9562	0.0146	0.0293
2205	0.9561	0.0147	0.0293
2206	0.9560	0.0147	0.0293
2207	0.9559	0.0148	0.0293
2208	0.9558	0.0149	0.0293
2209	0.9557	0.0150	0.0293
2210	0.9556	0.0151	0.0293
2211	0.9556	0.0152	0.0292
2212	0.9555	0.0153	0.0292
2213	0.9554	0.0154	0.0292
2214	0.9553	0.0155	0.0292
2215	0.9552	0.0156	0.0292
2216	0.9551	0.0157	0.0292
2217	0.9550	0.0158	0.0292
2218	0.9549	0.0159	0.0292
2219	0.9548	0.0160	0.0292
2220	0.9547	0.0161	0.0292
2221	0.9546	0.0162	0.0292
2222	0.9545	0.0163	0.0292
2223	0.9544	0.0164	0.0292
2224	0.9543	0.0165	0.0292
2225	0.9542	0.0166	0.0292
2226	0.9541	0.0167	0.0292
2227	0.9540	0.0168	0.0292
2228	0.9539	0.0169	0.0292
2229	0.9538	0.0170	0.0292
2230	0.9537	0.0171	0.0292
2231	0.9536	0.0172	0.0292
2232	0.9535	0.0173	0.0292
2233	0.9534	0.0174	0.0292
2234	0.9533	0.0175	0.0292
2235	0.9532	0.0176	0.0292
2236	0.9531	0.0177	0.0292
2237	0.9531	0.0178	0.0292
2238	0.9530	0.0178	0.0292
2239	0.9529	0.0179	0.0292
2240	0.9528	0.0180	0.0292
2241	0.9528	0.0181	0.0292
2242	0.9527	0.0181	0.0292
2243	0.9526	0.0182	0.0292
2244	0.9526	0.0183	0.0292
2245	0.9525	0.0183	0.0292
2246	0.9524	0.0184	0.0292
2247	0.9524	0.0185	0.0292
2248	0.9523	0.0185	0.0292
2249	0.9523	0.0186	0.0291
2250	0.9522	0.0186	0.0291
2251	0.9522	0.0187	0.0291
2252	0.9522	0.0187	0.0291
2253	0.9521	0.0187	0.0291
2254	0.9521	0.0188	0.0291
2255	0.9521	0.0188	0.0291
2256	0.9520	0.0188	0.0291
2257	0.9520	0.0188	0.0291
2258	0.9520	0.0188	0.0291
2259	0.9520	0.0189	0.0291
2260	0.9520	0.0189	0.0291
2261	0.9520	0.0189	0.0291
2262	0.9520	0.0189	0.0291
2263	0.9520	0.0189	0.0291
2264	0.9520	0.0189	0.0291
2265	0.9520	0.0188	0.0291
2266	0.9520	0.0188	0.0291
2267	0.9521	0.0188	0.0291
2268	0.9521	0.0188	0.0291
2269	0.9521	0.0187	0.0291
2270	0.9521	0.0187	0.0291
2271	0.9522	0.0187	0.0291
2272	0.9522	0.0186	0.0291
2273	0.9523	0.0186	0.0291
2274	0.9523	0.0185	0.0292
2275	0.9524	0.0185	0.0292
2276	0.9524	0.0184	0.0292
2277	0.9525	0.0184	0.0292
2278	0.9525	0.0183	0.0292
2279	0.9526	0.0182	0.0292
2280	0.9527	0.0182	0.0292
2281	0.9528	0.0181	0.0292
2282	0.9528	0.0180	0.0292
2283	0.9529	0.0179	0.0292
2284	0.9530	0.0178	0.0292
2285	0.9531	0.0178	0.0292
2286	0.9532	0.0177	0.0292
2287	0.9532	0.0176	0.0292
2288	0.9533	0.0175	0.0292
2289	0.9534	0.0174	0.0292
2290	0.9535	0.0173	0.0292
2291	0.9536	0.0172	0.0292
2292	0.9537	0.0171	0.0292
2293	0.9538	0.0170	0.0292
2294	0.9539	0.0169	0.0292
2295	0.9540	0.0168	0.0292
2296	0.9541	0.0167	0.0292
2297	0.9542	0.0166	0.0292
2298	0.9543	0.0165	0.0292
2299	0.9544	0.0163	0.0292
2300	0.9545	0.0162	0.0292
2301	0.9547	0.0161	0.0292
2302	0.9548	0.0160	0.0292
2303	0.9549	0.0159	0.0292
2304	0.9550	0.0158	0.0292
2305	0.9551	0.0157	0.0292
2306	0.9552	0.0156	0.0292
2307	0.9553	0.0155	0.0292
2308	0.9554	0.0154	0.0292
2309	0.9555	0.0153	0.0292
2310	0.9556	0.0151	0.0293
2311	0.9557	0.0150	0.0293
2312	0.9558	0.0149	0.0293
2313	0.9559	0.0148	0.0293
2314	0.9560	0.0147	0.0293
2315	0.9561	0.0146	0.0293
2316	0.9562	0.0146	0.0293
2317	0.9563	0.0145	0.0293
2318	0.9563	0.0144	0.0293
2319	0.9564	0.0143	0.0293
2320	0.9565	0.0142	0.0293
2321	0.9566	0.0141	0.0293
2322	0.9567	0.0141	0.0293
2323	0.9567	0.0140	0.0293
2324	0.9568	0.0139	0.0293
2325	0.9569	0.0139	0.0293
2326	0.9569	0.0138	0.0293
2327	0.9570	0.0137	0.0293
2328	0.9570	0.0137	0.0293
2329	0.9571	0.0136	0.0293
2330	0.9571	0.0136	0.0293
2331	0.9571	0.0136	0.0293
2332	0.9572	0.0135	0.0293
2333	0.9572	0.0135	0.0293
2334	0.9572	0.0135	0.0293
2335	0.9572	0.0135	0.0293
2336	0.9573	0.0134	0.0293
2337	0.9573	0.0134	0.0293
2338	0.9573	0.0134	0.0293
2339	0.9573	0.0134	0.0293
2340	0.9573	0.0134	0.0293
2341	0.9572	0.0135	0.0293
2342	0.9572	0.0135	0.0293
2343	0.9572	0.0135	0.0293
2344	0.9572	0.0135	0.0293
2345	0.9571	0.0136	0.0293
2346	0.9571	0.0136	0.0293
2347	0.9571	0.0136	0.0293
2348	0.9570	0.0137	0.0293
2349	0.9569	0.0138	0.0293
2350	0.9569	0.0138	0.0293
2351	0.9568	0.0139	0.0293
2352	0.9567	0.0140	0.0293
2353	0.9567	0.0140	0.0293
2354	0.9566	0.0141	0.0293
2355	0.9565	0.0142	0.0293
2356	0.9564	0.0143	0.0293
2357	0.9563	0.0144	0.0293
2358	0.9562	0.0145	0.0293
2359	0.9561	0.0146	0.0293
2360	0.9560	0.0148	0.0293
2361	0.9559	0.0149	0.0293
2362	0.9557	0.0150	0.0293
2363	0.9556	0.0151	0.0293
2364	0.9555	0.0153	0.0292
2365	0.9554	0.0154	0.0292
2366	0.9552	0.0155	0.0292
2367	0.9551	0.0157	0.0292
2368	0.9549	0.0158	0.0292
2369	0.9548	0.0160	0.0292
2370	0.9546	0.0161	0.0292
2371	0.9545	0.0163	0.0292
2372	0.9543	0.0165	0.0292
2373	0.9542	0.0166	0.0292
2374	0.9540	0.0168	0.0292
2375	0.9539	0.0169	0.0292
2376	0.9537	0.0171	0.0292
2377	0.9535	0.0173	0.0292
2378	0.9534	0.0175	0.0292
2379	0.9532	0.0176	0.0292
2380	0.9530	0.0178	0.0292
2381	0.9529	0.0180	0.0292
2382	0.9527	0.0181	0.0292
2383	0.9525	0.0183	0.0292
2384	0.9524	0.0185	0.0292
2385	0.9522	0.0187	0.0291
2386	0.9520	0.0188	0.0291
2387	0.9519	0.0190	0.0291
2388	0.9517	0.0192	0.0291
2389	0.9515	0.0193	0.0291
2390	0.9514	0.0195	0.0291
2391	0.9512	0.0197	0.0291
2392	0.9511	0.0198	0.0291
2393	0.9509	0.0200	0.0291
2394	0.9508	0.0201	0.0291
2395	0.9506	0.0203	0.0291
2396	0.9505	0.0204	0.0291
2397	0.9504	0.0205	0.0291
2398	0.9502	0.0207	0.0291
2399	0.9501	0.0208	0.0291
2400	0.9500	0.0209	0.0291
2401	0.9499	0.0210	0.0291
2402	0.9498	0.0212	0.0291
2403	0.9497	0.0213	0.0291
2404	0.9496	0.0214	0.0291
2405	0.9495	0.0215	0.0291
2406	0.9494	0.0215	0.0291
2407	0.9493	0.0216	0.0291
2408	0.9493	0.0217	0.0291
2409	0.9492	0.0217	0.0291
2410	0.9491	0.0218	0.0291
2411	0.9491	0.0218	0.0291
2412	0.9491	0.0219	0.0291
2413	0.9490	0.0219	0.0291
2414	0.9490	0.0219	0.0290
2415	0.9490	0.0219	0.0290
2416	0.9490	0.0219	0.0290
2417	0.9490	0.0219	0.0290
2418	0.9490	0.0219	0.0290
2419	0.9491	0.0219	0.0291
2420	0.9491	0.0219	0.0291
2421	0.9491	0.0218	0.0291
2422	0.9492	0.0218	0.0291
2423	0.9493	0.0217	0.0291
2424	0.9493	0.0216	0.0291
2425	0.9494	0.0215	0.0291
2426	0.9495	0.0214	0.0291
2427	0.9496	0.0213	0.0291
2428	0.9497	0.0212	0.0291
2429	0.9498	0.0211	0.0291
2430	0.9500	0.0210	0.0291
2431	0.9501	0.0208	0.0291
2432	0.9502	0.0207	0.0291
2433	0.9504	0.0205	0.0291
2434	0.9506	0.0203	0.0291
2435	0.9507	0.0202	0.0291
2436	0.9509	0.0200	0.0291
2437	0.9511	0.0198	0.0291
2438	0.9513	0.0196	0.0291
2439	0.9515	0.0194	0.0291
2440	0.9517	0.0192	0.0291
2441	0.9519	0.0190	0.0291
2442	0.9521	0.0187	0.0291
2443	0.9523	0.0185	0.0292
2444	0.9526	0.0183	0.0292
2445	0.9528	0.0181	0.0292
2446	0.9530	0.0178	0.0292
2447	0.9532	0.0176	0.0292
2448	0.9535	0.0173	0.0292
2449	0.9537	0.0171	0.0292
2450	0.9538	0.0170	0.0292
2451	0.9539	0.0169	0.0292
2452	0.9540	0.0168	0.0292
2453	0.9541	0.0167	0.0292
2454	0.9542	0.0166	0.0292
2455	0.9543	0.0165	0.0292
2456	0.9543	0.0165	0.0292
2457	0.9544	0.0164	0.0292
2458	0.9545	0.0163	0.0292
2459	0.9546	0.0162	0.0292
2460	0.9546	0.0161	0.0292
2461	0.9547	0.0161	0.0292
2462	0.9548	0.0160	0.0292
2463	0.9548	0.0159	0.0292
2464	0.9549	0.0159	0.0292
2465	0.9549	0.0158	0.0292
2466	0.9550	0.0158	0.0292
2467	0.9550	0.0158	0.0292
2468	0.9550	0.0157	0.0292
2469	0.9550	0.0157	0.0292
2470	0.9551	0.0157	0.0292
2471	0.9551	0.0157	0.0292
2472	0.9551	0.0157	0.0292
2473	0.9551	0.0157	0.0292
2474	0.9550	0.0157	0.0292
2475	0.9550	0.0158	0.0292
2476	0.9550	0.0158	0.0292
2477	0.9549	0.0158	0.0292
2478	0.9549	0.0159	0.0292
2479	0.9548	0.0160	0.0292
2480	0.9547	0.0160	0.0292
2481	0.9547	0.0161	0.0292
2482	0.9546	0.0162	0.0292
2483	0.9545	0.0163	0.0292
2484	0.9544	0.0164	0.0292
2485	0.9542	0.0166	0.0292
2486	0.9541	0.0167	0.0292
2487	0.9539	0.0169	0.0292
2488	0.9538	0.0170	0.0292
2489	0.9536	0.0172	0.0292
2490	0.9534	0.0174	0.0292
2491	0.9532	0.0176	0.0292
2492	0.9530	0.0179	0.0292
2493	0.9527	0.0181	0.0292
2494	0.9525	0.0184	0.0292
2495	0.9522	0.0186	0.0291
2496	0.9520	0.0189	0.0291
2497	0.9517	0.0192	0.0291
2498	0.9514	0.0195	0.0291
2499	0.9510	0.0199	0.0291
2500	0.9507	0.0202	0.0291
