# Trace file for OSIRIS LSS R300B mode
#
 wavelength               xi                        x                         y
# um                       arcsec                    mm                        mm
-4.817761824134331183e-02 -2.540000000000000000e+02 -3.000000000000000000e+01 -3.071999999999999886e+01
2.347852238800559287e-03 -2.540000000000000000e+02 -3.000000000000000000e+01 -2.748631578947368226e+01
5.337712717891119479e-02 -2.540000000000000000e+02 -3.000000000000000000e+01 -2.425263157894736921e+01
1.049102065789885990e-01 -2.540000000000000000e+02 -3.000000000000000000e+01 -2.101894736842105260e+01
1.569470904390327382e-01 -2.540000000000000000e+02 -3.000000000000000000e+01 -1.778526315789473600e+01
2.094877787590436191e-01 -2.540000000000000000e+02 -3.000000000000000000e+01 -1.455157894736842117e+01
2.625322715390213113e-01 -2.540000000000000000e+02 -3.000000000000000000e+01 -1.131789473684210634e+01
3.160805687789657314e-01 -2.540000000000000000e+02 -3.000000000000000000e+01 -8.084210526315789735e+00
3.701326704788768795e-01 -2.540000000000000000e+02 -3.000000000000000000e+01 -4.850526315789474907e+00
4.246885766387548111e-01 -2.540000000000000000e+02 -3.000000000000000000e+01 -1.616842105263159413e+00
4.797482872585997482e-01 -2.540000000000000000e+02 -3.000000000000000000e+01 1.616842105263156082e+00
5.353118023384111357e-01 -2.540000000000000000e+02 -3.000000000000000000e+01 4.850526315789474907e+00
5.913791218781893066e-01 -2.540000000000000000e+02 -3.000000000000000000e+01 8.084210526315786183e+00
6.479502458779342611e-01 -2.540000000000000000e+02 -3.000000000000000000e+01 1.131789473684209923e+01
7.050251743376461100e-01 -2.540000000000000000e+02 -3.000000000000000000e+01 1.455157894736841762e+01
7.626039072573246314e-01 -2.540000000000000000e+02 -3.000000000000000000e+01 1.778526315789473600e+01
8.206864446369698252e-01 -2.540000000000000000e+02 -3.000000000000000000e+01 2.101894736842104905e+01
8.792727864765816914e-01 -2.540000000000000000e+02 -3.000000000000000000e+01 2.425263157894736210e+01
9.383629327761604522e-01 -2.540000000000000000e+02 -3.000000000000000000e+01 2.748631578947367871e+01
9.979568835357061074e-01 -2.540000000000000000e+02 -3.000000000000000000e+01 3.071999999999999886e+01
-4.970652348696871087e-02 -2.272631578947368496e+02 -2.684210526315789380e+01 -3.071999999999999886e+01
8.036231019287640946e-04 -2.272631578947368496e+02 -2.684210526315789380e+01 -2.748631578947368226e+01
5.181757415079300128e-02 -2.272631578947368496e+02 -2.684210526315789380e+01 -2.425263157894736921e+01
1.033353296596239701e-01 -2.272631578947368496e+02 -2.684210526315789380e+01 -2.101894736842105260e+01
1.553568896284217016e-01 -2.272631578947368496e+02 -2.684210526315789380e+01 -1.778526315789473600e+01
2.078822540571862165e-01 -2.272631578947368496e+02 -2.684210526315789380e+01 -1.455157894736842117e+01
2.609114229459174594e-01 -2.272631578947368496e+02 -2.684210526315789380e+01 -1.131789473684210634e+01
3.144443962946155136e-01 -2.272631578947368496e+02 -2.684210526315789380e+01 -8.084210526315789735e+00
3.684811741032802956e-01 -2.272631578947368496e+02 -2.684210526315789380e+01 -4.850526315789474907e+00
4.230217563719118057e-01 -2.272631578947368496e+02 -2.684210526315789380e+01 -1.616842105263159413e+00
4.780661431005102102e-01 -2.272631578947368496e+02 -2.684210526315789380e+01 1.616842105263156082e+00
5.336143342890754537e-01 -2.272631578947368496e+02 -2.684210526315789380e+01 4.850526315789474907e+00
5.896663299376071476e-01 -2.272631578947368496e+02 -2.684210526315789380e+01 8.084210526315786183e+00
6.462221300461057361e-01 -2.272631578947368496e+02 -2.684210526315789380e+01 1.131789473684209923e+01
7.032817346145709969e-01 -2.272631578947368496e+02 -2.684210526315789380e+01 1.455157894736841762e+01
7.608451436430031523e-01 -2.272631578947368496e+02 -2.684210526315789380e+01 1.778526315789473600e+01
8.189123571314019800e-01 -2.272631578947368496e+02 -2.684210526315789380e+01 2.101894736842104905e+01
8.774833750797675913e-01 -2.272631578947368496e+02 -2.684210526315789380e+01 2.425263157894736210e+01
9.365581974880999860e-01 -2.272631578947368496e+02 -2.684210526315789380e+01 2.748631578947367871e+01
9.961368243563991642e-01 -2.272631578947368496e+02 -2.684210526315789380e+01 3.071999999999999886e+01
-5.108000988920727292e-02 -2.005263157894736992e+02 -2.368421052631579116e+01 -3.071999999999999886e+01
-5.836334467294678309e-04 -2.005263157894736992e+02 -2.368421052631579116e+01 -2.748631578947368226e+01
5.041654745571508972e-02 -2.005263157894736992e+02 -2.368421052631579116e+01 -2.425263157894736921e+01
1.019205328181264220e-01 -2.005263157894736992e+02 -2.368421052631579116e+01 -2.101894736842105260e+01
1.539283226405044891e-01 -2.005263157894736992e+02 -2.368421052631579116e+01 -1.778526315789473600e+01
2.064399169228493258e-01 -2.005263157894736992e+02 -2.368421052631579116e+01 -1.455157894736842117e+01
2.594553156651609460e-01 -2.005263157894736992e+02 -2.368421052631579116e+01 -1.131789473684210634e+01
3.129745188674392664e-01 -2.005263157894736992e+02 -2.368421052631579116e+01 -8.084210526315789735e+00
3.669975265296843703e-01 -2.005263157894736992e+02 -2.368421052631579116e+01 -4.850526315789474907e+00
4.215243386518962576e-01 -2.005263157894736992e+02 -2.368421052631579116e+01 -1.616842105263159413e+00
4.765549552340749284e-01 -2.005263157894736992e+02 -2.368421052631579116e+01 1.616842105263156082e+00
5.320893762762203272e-01 -2.005263157894736992e+02 -2.368421052631579116e+01 4.850526315789474907e+00
5.881276017783324539e-01 -2.005263157894736992e+02 -2.368421052631579116e+01 8.084210526315786183e+00
6.446696317404112531e-01 -2.005263157894736992e+02 -2.368421052631579116e+01 1.131789473684209923e+01
7.017154661624570577e-01 -2.005263157894736992e+02 -2.368421052631579116e+01 1.455157894736841762e+01
7.592651050444695349e-01 -2.005263157894736992e+02 -2.368421052631579116e+01 1.778526315789473600e+01
8.173185483864485734e-01 -2.005263157894736992e+02 -2.368421052631579116e+01 2.101894736842104905e+01
8.758757961883945065e-01 -2.005263157894736992e+02 -2.368421052631579116e+01 2.425263157894736210e+01
9.349368484503071119e-01 -2.005263157894736992e+02 -2.368421052631579116e+01 2.748631578947367871e+01
9.945017051721867229e-01 -2.005263157894736992e+02 -2.368421052631579116e+01 3.071999999999999886e+01
-5.229820485042716016e-02 -1.737894736842105203e+02 -2.052631578947368496e+01 -3.071999999999999886e+01
-1.814044809542289440e-03 -1.737894736842105203e+02 -2.052631578947368496e+01 -2.748631578947368226e+01
4.917391969130934654e-02 -1.737894736842105203e+02 -2.052631578947368496e+01 -2.425263157894736921e+01
1.006656886521277161e-01 -1.737894736842105203e+02 -2.052631578947368496e+01 -2.101894736842105260e+01
1.526612620729128345e-01 -1.737894736842105203e+02 -2.052631578947368496e+01 -1.778526315789473600e+01
2.051606399536648195e-01 -1.737894736842105203e+02 -2.052631578947368496e+01 -1.455157894736842117e+01
2.581638222943834493e-01 -1.737894736842105203e+02 -2.052631578947368496e+01 -1.131789473684210634e+01
3.116708090950688903e-01 -1.737894736842105203e+02 -2.052631578947368496e+01 -8.084210526315789735e+00
3.656816003557211148e-01 -1.737894736842105203e+02 -2.052631578947368496e+01 -4.850526315789474907e+00
4.201961960763399562e-01 -1.737894736842105203e+02 -2.052631578947368496e+01 -1.616842105263159413e+00
4.752145962569256366e-01 -1.737894736842105203e+02 -2.052631578947368496e+01 1.616842105263156082e+00
5.307368008974782114e-01 -1.737894736842105203e+02 -2.052631578947368496e+01 4.850526315789474907e+00
5.867628099979973477e-01 -1.737894736842105203e+02 -2.052631578947368496e+01 8.084210526315786183e+00
6.432926235584833785e-01 -1.737894736842105203e+02 -2.052631578947368496e+01 1.131789473684209923e+01
7.003262415789360817e-01 -1.737894736842105203e+02 -2.052631578947368496e+01 1.455157894736841762e+01
7.578636640593556795e-01 -1.737894736842105203e+02 -2.052631578947368496e+01 1.778526315789473600e+01
8.159048909997418386e-01 -1.737894736842105203e+02 -2.052631578947368496e+01 2.101894736842104905e+01
8.744499224000947812e-01 -1.737894736842105203e+02 -2.052631578947368496e+01 2.425263157894736210e+01
9.334987582604145073e-01 -1.737894736842105203e+02 -2.052631578947368496e+01 2.748631578947367871e+01
9.930513985807011279e-01 -1.737894736842105203e+02 -2.052631578947368496e+01 3.071999999999999886e+01
-5.336122139763954664e-02 -1.470526315789473983e+02 -1.736842105263158231e+01 -3.071999999999999886e+01
-2.887724013520874891e-03 -1.470526315789473983e+02 -1.736842105263158231e+01 -2.748631578947368226e+01
4.808957783056455604e-02 -1.470526315789473983e+02 -1.736842105263158231e+01 -2.425263157894736921e+01
9.957068413461676870e-02 -1.470526315789473983e+02 -1.736842105263158231e+01 -2.101894736842105260e+01
1.515555948986357093e-01 -1.470526315789473983e+02 -1.736842105263158231e+01 -1.778526315789473600e+01
2.040443101226213918e-01 -1.470526315789473983e+02 -1.736842105263158231e+01 -1.455157894736842117e+01
2.570368298065738855e-01 -1.470526315789473983e+02 -1.736842105263158231e+01 -1.131789473684210634e+01
3.105331539504930793e-01 -1.470526315789473983e+02 -1.736842105263158231e+01 -8.084210526315789735e+00
3.645332825543790567e-01 -1.470526315789473983e+02 -1.736842105263158231e+01 -4.850526315789474907e+00
4.190372156182317620e-01 -1.470526315789473983e+02 -1.736842105263158231e+01 -1.616842105263159413e+00
4.740449531420513618e-01 -1.470526315789473983e+02 -1.736842105263158231e+01 1.616842105263156082e+00
5.295564951258376896e-01 -1.470526315789473983e+02 -1.736842105263158231e+01 4.850526315789474907e+00
5.855718415695906343e-01 -1.470526315789473983e+02 -1.736842105263158231e+01 8.084210526315786183e+00
6.420909924733103624e-01 -1.470526315789473983e+02 -1.736842105263158231e+01 1.131789473684209923e+01
6.991139478369969851e-01 -1.470526315789473983e+02 -1.736842105263158231e+01 1.455157894736841762e+01
7.566407076606503912e-01 -1.470526315789473983e+02 -1.736842105263158231e+01 1.778526315789473600e+01
8.146712719442703587e-01 -1.470526315789473983e+02 -1.736842105263158231e+01 2.101894736842104905e+01
8.732056406878569987e-01 -1.470526315789473983e+02 -1.736842105263158231e+01 2.425263157894736210e+01
9.322438138914105332e-01 -1.470526315789473983e+02 -1.736842105263158231e+01 2.748631578947367871e+01
9.917857915549310732e-01 -1.470526315789473983e+02 -1.736842105263158231e+01 3.071999999999999886e+01
-5.426915818249864604e-02 -1.203157894736842195e+02 -1.421052631578947434e+01 -3.071999999999999886e+01
-3.804769710319419115e-03 -1.203157894736842195e+02 -1.421052631578947434e+01 -2.748631578947368226e+01
4.716342322182655311e-02 -1.203157894736842195e+02 -1.421052631578947434e+01 -2.425263157894736921e+01
9.863542061393927585e-02 -1.203157894736842195e+02 -1.421052631578947434e+01 -2.101894736842105260e+01
1.506112224660187682e-01 -1.203157894736842195e+02 -1.421052631578947434e+01 -1.778526315789473600e+01
2.030908287780650023e-01 -1.203157894736842195e+02 -1.421052631578947434e+01 -1.455157894736842117e+01
2.560742395500780200e-01 -1.203157894736842195e+02 -1.421052631578947434e+01 -1.131789473684210634e+01
3.095614547820578211e-01 -1.203157894736842195e+02 -1.421052631578947434e+01 -8.084210526315789735e+00
3.635524744740042946e-01 -1.203157894736842195e+02 -1.421052631578947434e+01 -4.850526315789474907e+00
4.180472986259176627e-01 -1.203157894736842195e+02 -1.421052631578947434e+01 -1.616842105263159413e+00
4.730459272377977031e-01 -1.203157894736842195e+02 -1.421052631578947434e+01 1.616842105263156082e+00
5.285483603096446936e-01 -1.203157894736842195e+02 -1.421052631578947434e+01 4.850526315789474907e+00
5.845545978414581345e-01 -1.203157894736842195e+02 -1.421052631578947434e+01 8.084210526315786183e+00
6.410646398332383589e-01 -1.203157894736842195e+02 -1.421052631578947434e+01 1.131789473684209923e+01
6.980784862849854777e-01 -1.203157894736842195e+02 -1.421052631578947434e+01 1.455157894736841762e+01
7.555961371966993800e-01 -1.203157894736842195e+02 -1.421052631578947434e+01 1.778526315789473600e+01
8.136175925683798438e-01 -1.203157894736842195e+02 -1.421052631578947434e+01 2.101894736842104905e+01
8.721428524000272020e-01 -1.203157894736842195e+02 -1.421052631578947434e+01 2.425263157894736210e+01
9.311719166916411217e-01 -1.203157894736842195e+02 -1.421052631578947434e+01 2.748631578947367871e+01
9.907047854432221579e-01 -1.203157894736842195e+02 -1.421052631578947434e+01 3.071999999999999886e+01
-5.502209948130165618e-02 -9.357894736842105488e+01 -1.105263157894736814e+01 -3.071999999999999886e+01
-4.565266176235159394e-03 -9.357894736842105488e+01 -1.105263157894736814e+01 -2.748631578947368226e+01
4.639537158879808443e-02 -9.357894736842105488e+01 -1.105263157894736814e+01 -2.425263157894736921e+01
9.785981381379808830e-02 -9.357894736842105488e+01 -1.105263157894736814e+01 -2.101894736842105260e+01
1.498280604987648479e-01 -9.357894736842105488e+01 -1.105263157894736814e+01 -1.778526315789473600e+01
2.023001116436983216e-01 -9.357894736842105488e+01 -1.105263157894736814e+01 -1.455157894736842117e+01
2.552759672485986897e-01 -9.357894736842105488e+01 -1.105263157894736814e+01 -1.131789473684210634e+01
3.087556273134656748e-01 -9.357894736842105488e+01 -1.105263157894736814e+01 -8.084210526315789735e+00
3.627390918382995544e-01 -9.357894736842105488e+01 -1.105263157894736814e+01 -4.850526315789474907e+00
4.172263608231000509e-01 -9.357894736842105488e+01 -1.105263157894736814e+01 -1.616842105263159413e+00
4.722174342678675529e-01 -9.357894736842105488e+01 -1.105263157894736814e+01 1.616842105263156082e+00
5.277123121726016164e-01 -9.357894736842105488e+01 -1.105263157894736814e+01 4.850526315789474907e+00
5.837109945373024633e-01 -9.357894736842105488e+01 -1.105263157894736814e+01 8.084210526315786183e+00
6.402134813619699827e-01 -9.357894736842105488e+01 -1.105263157894736814e+01 1.131789473684209923e+01
6.972197726466042855e-01 -9.357894736842105488e+01 -1.105263157894736814e+01 1.455157894736841762e+01
7.547298683912054829e-01 -9.357894736842105488e+01 -1.105263157894736814e+01 1.778526315789473600e+01
8.127437685957732416e-01 -9.357894736842105488e+01 -1.105263157894736814e+01 2.101894736842104905e+01
8.712614732603078949e-01 -9.357894736842105488e+01 -1.105263157894736814e+01 2.425263157894736210e+01
9.302829823848093316e-01 -9.357894736842105488e+01 -1.105263157894736814e+01 2.748631578947367871e+01
9.898082959692774407e-01 -9.357894736842105488e+01 -1.105263157894736814e+01 3.071999999999999886e+01
-5.562011519498882145e-02 -6.684210526315791867e+01 -7.894736842105265495e+00 -3.071999999999999886e+01
-5.169283312208326243e-03 -6.684210526315791867e+01 -7.894736842105265495e+00 -2.748631578947368226e+01
4.578535303053894029e-02 -6.684210526315791867e+01 -7.894736842105265495e+00 -2.425263157894736921e+01
9.724379383325294779e-02 -6.684210526315791867e+01 -7.894736842105265495e+00 -2.101894736842105260e+01
1.492060390959337179e-01 -6.684210526315791867e+01 -7.894736842105265495e+00 -1.778526315789473600e+01
2.016720888185812854e-01 -6.684210526315791867e+01 -7.894736842105265495e+00 -1.455157894736842117e+01
2.546419430011955809e-01 -6.684210526315791867e+01 -7.894736842105265495e+00 -1.131789473684210634e+01
3.081156016437766043e-01 -6.684210526315791867e+01 -7.894736842105265495e+00 -8.084210526315789735e+00
3.620930647463244667e-01 -6.684210526315791867e+01 -7.894736842105265495e+00 -4.850526315789474907e+00
4.165743323088388905e-01 -6.684210526315791867e+01 -7.894736842105265495e+00 -1.616842105263159413e+00
4.715594043313203199e-01 -6.684210526315791867e+01 -7.894736842105265495e+00 1.616842105263156082e+00
5.270482808137685327e-01 -6.684210526315791867e+01 -7.894736842105265495e+00 4.850526315789474907e+00
5.830409617561833624e-01 -6.684210526315791867e+01 -7.894736842105265495e+00 8.084210526315786183e+00
6.395374471585649756e-01 -6.684210526315791867e+01 -7.894736842105265495e+00 1.131789473684209923e+01
6.965377370209132613e-01 -6.684210526315791867e+01 -7.894736842105265495e+00 1.455157894736841762e+01
7.540418313432285524e-01 -6.684210526315791867e+01 -7.894736842105265495e+00 1.778526315789473600e+01
8.120497301255104050e-01 -6.684210526315791867e+01 -7.894736842105265495e+00 2.101894736842104905e+01
8.705614333677590411e-01 -6.684210526315791867e+01 -7.894736842105265495e+00 2.425263157894736210e+01
9.295769410699741275e-01 -6.684210526315791867e+01 -7.894736842105265495e+00 2.748631578947367871e+01
9.890962532321564415e-01 -6.684210526315791867e+01 -7.894736842105265495e+00 3.071999999999999886e+01
-5.606326084914343283e-02 -4.010526315789475404e+01 -4.736842105263159297e+00 -3.071999999999999886e+01
-5.616876643822181145e-03 -4.010526315789475404e+01 -4.736842105263159297e+00 -2.748631578947368226e+01
4.533331202146582278e-02 -4.010526315789475404e+01 -4.736842105263159297e+00 -2.425263157894736921e+01
9.678730514672059804e-02 -4.010526315789475404e+01 -4.736842105263159297e+00 -2.101894736842105260e+01
1.487451027319421082e-01 -4.010526315789475404e+01 -4.736842105263159297e+00 -1.778526315789473600e+01
2.012067047771304296e-01 -4.010526315789475404e+01 -4.736842105263159297e+00 -1.455157894736842117e+01
2.541721112822854511e-01 -4.010526315789475404e+01 -4.736842105263159297e+00 -1.131789473684210634e+01
3.076413222474072562e-01 -4.010526315789475404e+01 -4.736842105263159297e+00 -8.084210526315789735e+00
3.616143376724957337e-01 -4.010526315789475404e+01 -4.736842105263159297e+00 -4.850526315789474907e+00
4.160911575575511057e-01 -4.010526315789475404e+01 -4.736842105263159297e+00 -1.616842105263159413e+00
4.710717819025732056e-01 -4.010526315789475404e+01 -4.736842105263159297e+00 1.616842105263156082e+00
5.265562107075622000e-01 -4.010526315789475404e+01 -4.736842105263159297e+00 4.850526315789474907e+00
5.825444439725177004e-01 -4.010526315789475404e+01 -4.736842105263159297e+00 8.084210526315786183e+00
6.390364816974399842e-01 -4.010526315789475404e+01 -4.736842105263159297e+00 1.131789473684209923e+01
6.960323238823291625e-01 -4.010526315789475404e+01 -4.736842105263159297e+00 1.455157894736841762e+01
7.535319705271850133e-01 -4.010526315789475404e+01 -4.736842105263159297e+00 1.778526315789473600e+01
8.115354216320075365e-01 -4.010526315789475404e+01 -4.736842105263159297e+00 2.101894736842104905e+01
8.700426771967970652e-01 -4.010526315789475404e+01 -4.736842105263159297e+00 2.425263157894736210e+01
9.290537372215531553e-01 -4.010526315789475404e+01 -4.736842105263159297e+00 2.748631578947367871e+01
9.885686017062761399e-01 -4.010526315789475404e+01 -4.736842105263159297e+00 3.071999999999999886e+01
-5.635157759399175154e-02 -1.336842105263158409e+01 -1.578947368421053099e+00 -3.071999999999999886e+01
-5.908087321303013943e-03 -1.336842105263158409e+01 -1.578947368421053099e+00 -2.748631578947368226e+01
4.503920741135248457e-02 -1.336842105263158409e+01 -1.578947368421053099e+00 -2.425263157894736921e+01
9.649030660397471537e-02 -1.336842105263158409e+01 -1.578947368421053099e+00 -2.101894736842105260e+01
1.484452102565637366e-01 -1.336842105263158409e+01 -1.578947368421053099e+00 -1.778526315789473600e+01
2.009039183691194996e-01 -1.336842105263158409e+01 -1.578947368421053099e+00 -1.455157894736842117e+01
2.538664309416420184e-01 -1.336842105263158409e+01 -1.578947368421053099e+00 -1.131789473684210634e+01
3.073327479741313484e-01 -1.336842105263158409e+01 -1.578947368421053099e+00 -8.084210526315789735e+00
3.613028694665873508e-01 -1.336842105263158409e+01 -1.578947368421053099e+00 -4.850526315789474907e+00
4.157767954190101922e-01 -1.336842105263158409e+01 -1.578947368421053099e+00 -1.616842105263159413e+00
4.707545258313997061e-01 -1.336842105263158409e+01 -1.578947368421053099e+00 1.616842105263156082e+00
5.262360607037561699e-01 -1.336842105263158409e+01 -1.578947368421053099e+00 4.850526315789474907e+00
5.822214000360792507e-01 -1.336842105263158409e+01 -1.578947368421053099e+00 8.084210526315786183e+00
6.387105438283690040e-01 -1.336842105263158409e+01 -1.578947368421053099e+00 1.131789473684209923e+01
6.957034920806255407e-01 -1.336842105263158409e+01 -1.578947368421053099e+00 1.455157894736841762e+01
7.532002447928489719e-01 -1.336842105263158409e+01 -1.578947368421053099e+00 1.778526315789473600e+01
8.112008019650390755e-01 -1.336842105263158409e+01 -1.578947368421053099e+00 2.101894736842104905e+01
8.697051635971958516e-01 -1.336842105263158409e+01 -1.578947368421053099e+00 2.425263157894736210e+01
9.287133296893195222e-01 -1.336842105263158409e+01 -1.578947368421053099e+00 2.748631578947367871e+01
9.882253002414099763e-01 -1.336842105263158409e+01 -1.578947368421053099e+00 3.071999999999999886e+01
-5.648509220440307843e-02 1.336842105263155567e+01 1.578947368421049768e+00 -3.071999999999999886e+01
-6.042942119520127234e-03 1.336842105263155567e+01 1.578947368421049768e+00 -2.748631578947368226e+01
4.490301242532958315e-02 1.336842105263155567e+01 1.578947368421049768e+00 -2.425263157894736921e+01
9.635277143014606138e-02 1.336842105263155567e+01 1.578947368421049768e+00 -2.101894736842105260e+01
1.483063348949292815e-01 1.336842105263155567e+01 1.578947368421049768e+00 -1.778526315789473600e+01
2.007637028196792295e-01 1.336842105263155567e+01 1.578947368421049768e+00 -1.455157894736842117e+01
2.537248752043960165e-01 1.336842105263155567e+01 1.578947368421049768e+00 -1.131789473684210634e+01
3.071898520490795037e-01 1.336842105263155567e+01 1.578947368421049768e+00 -8.084210526315789735e+00
3.611586333537297744e-01 1.336842105263155567e+01 1.578947368421049768e+00 -4.850526315789474907e+00
4.156312191183467730e-01 1.336842105263155567e+01 1.578947368421049768e+00 -1.616842105263159413e+00
4.706076093429306662e-01 1.336842105263155567e+01 1.578947368421049768e+00 1.616842105263156082e+00
5.260878040274812317e-01 1.336842105263155567e+01 1.578947368421049768e+00 4.850526315789474907e+00
5.820718031719984698e-01 1.336842105263155567e+01 1.578947368421049768e+00 8.084210526315786183e+00
6.385596067764824912e-01 1.336842105263155567e+01 1.578947368421049768e+00 1.131789473684209923e+01
6.955512148409334072e-01 1.336842105263155567e+01 1.578947368421049768e+00 1.455157894736841762e+01
7.530466273653509957e-01 1.336842105263155567e+01 1.578947368421049768e+00 1.778526315789473600e+01
8.110458443497352565e-01 1.336842105263155567e+01 1.578947368421049768e+00 2.101894736842104905e+01
8.695488657940863009e-01 1.336842105263155567e+01 1.578947368421049768e+00 2.425263157894736210e+01
9.285556916984040177e-01 1.336842105263155567e+01 1.578947368421049768e+00 2.748631578947367871e+01
9.880663220626888510e-01 1.336842105263155567e+01 1.578947368421049768e+00 3.071999999999999886e+01
-5.646381707988974014e-02 4.010526315789472562e+01 4.736842105263155744e+00 -3.071999999999999886e+01
-6.021453437985833761e-03 4.010526315789472562e+01 4.736842105263155744e+00 -2.748631578947368226e+01
4.492471466388481965e-02 4.010526315789472562e+01 4.736842105263155744e+00 -2.425263157894736921e+01
9.637468722572224700e-02 4.010526315789472562e+01 4.736842105263155744e+00 -2.101894736842105260e+01
1.483284642475264092e-01 4.010526315789472562e+01 4.736842105263155744e+00 -1.778526315789473600e+01
2.007860457292973966e-01 4.010526315789472562e+01 4.736842105263155744e+00 -1.455157894736842117e+01
2.537474316710350841e-01 4.010526315789472562e+01 4.736842105263155744e+00 -1.131789473684210634e+01
3.072126220727395274e-01 4.010526315789472562e+01 4.736842105263155744e+00 -8.084210526315789735e+00
3.611816169344107541e-01 4.010526315789472562e+01 4.736842105263155744e+00 -4.850526315789474907e+00
4.156544162560487088e-01 4.010526315789472562e+01 4.736842105263155744e+00 -1.616842105263159413e+00
4.706310200376534469e-01 4.010526315789472562e+01 4.736842105263155744e+00 1.616842105263156082e+00
5.261114282792250796e-01 4.010526315789472562e+01 4.736842105263155744e+00 4.850526315789474907e+00
5.820956409807631626e-01 4.010526315789472562e+01 4.736842105263155744e+00 8.084210526315786183e+00
6.385836581422682512e-01 4.010526315789472562e+01 4.736842105263155744e+00 1.131789473684209923e+01
6.955754797637400122e-01 4.010526315789472562e+01 4.736842105263155744e+00 1.455157894736841762e+01
7.530711058451785567e-01 4.010526315789472562e+01 4.736842105263155744e+00 1.778526315789473600e+01
8.110705363865837736e-01 4.010526315789472562e+01 4.736842105263155744e+00 2.101894736842104905e+01
8.695737713879556630e-01 4.010526315789472562e+01 4.736842105263155744e+00 2.425263157894736210e+01
9.285808108492945578e-01 4.010526315789472562e+01 4.736842105263155744e+00 2.748631578947367871e+01
9.880916547706002362e-01 4.010526315789472562e+01 4.736842105263155744e+00 3.071999999999999886e+01
-5.628775024460707516e-02 6.684210526315789025e+01 7.894736842105261942e+00 -3.071999999999999886e+01
-5.843619300855484172e-03 6.684210526315789025e+01 7.894736842105261942e+00 -2.748631578947368226e+01
4.510431610286286946e-02 6.684210526315789025e+01 7.894736842105261942e+00 -2.425263157894736921e+01
9.655605596654798228e-02 6.684210526315789025e+01 7.894736842105261942e+00 -2.101894736842105260e+01
1.485116002901998578e-01 6.684210526315789025e+01 7.894736842105261942e+00 -1.778526315789473600e+01
2.009709490738184612e-01 6.684210526315789025e+01 7.894736842105261942e+00 -1.455157894736842117e+01
2.539341023174038758e-01 6.684210526315789025e+01 7.894736842105261942e+00 -1.131789473684210634e+01
3.074010600209560184e-01 6.684210526315789025e+01 7.894736842105261942e+00 -8.084210526315789735e+00
3.613718221844748890e-01 6.684210526315789025e+01 7.894736842105261942e+00 -4.850526315789474907e+00
4.158463888079605986e-01 6.684210526315789025e+01 7.894736842105261942e+00 -1.616842105263159413e+00
4.708247598914130361e-01 6.684210526315789025e+01 7.894736842105261942e+00 1.616842105263156082e+00
5.263069354348323126e-01 6.684210526315789025e+01 7.894736842105261942e+00 4.850526315789474907e+00
5.822929154382181505e-01 6.684210526315789025e+01 7.894736842105261942e+00 8.084210526315786183e+00
6.387826999015707718e-01 6.684210526315789025e+01 7.894736842105261942e+00 1.131789473684209923e+01
6.957762888248903987e-01 6.684210526315789025e+01 7.894736842105261942e+00 1.455157894736841762e+01
7.532736822081766981e-01 6.684210526315789025e+01 7.894736842105261942e+00 1.778526315789473600e+01
8.112748800514295588e-01 6.684210526315789025e+01 7.894736842105261942e+00 2.101894736842104905e+01
8.697798823546490921e-01 6.684210526315789025e+01 7.894736842105261942e+00 2.425263157894736210e+01
9.287886891178357418e-01 6.684210526315789025e+01 7.894736842105261942e+00 2.748631578947367871e+01
9.883013003409891750e-01 6.684210526315789025e+01 7.894736842105261942e+00 3.071999999999999886e+01
-5.595687534735346857e-02 9.357894736842105488e+01 1.105263157894736814e+01 -3.071999999999999886e+01
-5.509423356927454878e-03 9.357894736842105488e+01 1.105263157894736814e+01 -2.748631578947368226e+01
4.544183309346531974e-02 9.357894736842105488e+01 1.105263157894736814e+01 -2.425263157894736921e+01
9.689689400382485440e-02 9.357894736842105488e+01 1.105263157894736814e+01 -2.101894736842105260e+01
1.488557593741511309e-01 9.357894736842105488e+01 1.105263157894736814e+01 -1.778526315789473600e+01
2.013184292044442047e-01 9.357894736842105488e+01 1.105263157894736814e+01 -1.455157894736842117e+01
2.542849034947040066e-01 9.357894736842105488e+01 1.105263157894736814e+01 -1.131789473684210634e+01
3.077551822449306473e-01 9.357894736842105488e+01 1.105263157894736814e+01 -8.084210526315789735e+00
3.617292654551239051e-01 9.357894736842105488e+01 1.105263157894736814e+01 -4.850526315789474907e+00
4.162071531252840018e-01 9.357894736842105488e+01 1.105263157894736814e+01 -1.616842105263159413e+00
4.711888452554109374e-01 9.357894736842105488e+01 1.105263157894736814e+01 1.616842105263156082e+00
5.266743418455046566e-01 9.357894736842105488e+01 1.105263157894736814e+01 4.850526315789474907e+00
5.826636428955649372e-01 9.357894736842105488e+01 1.105263157894736814e+01 8.084210526315786183e+00
6.391567484055921122e-01 9.357894736842105488e+01 1.105263157894736814e+01 1.131789473684209923e+01
6.961536583755859597e-01 9.357894736842105488e+01 1.105263157894736814e+01 1.455157894736841762e+01
7.536543728055465907e-01 9.357894736842105488e+01 1.105263157894736814e+01 1.778526315789473600e+01
8.116588916954740052e-01 9.357894736842105488e+01 1.105263157894736814e+01 2.101894736842104905e+01
8.701672150453679810e-01 9.357894736842105488e+01 1.105263157894736814e+01 2.425263157894736210e+01
9.291793428552289624e-01 9.357894736842105488e+01 1.105263157894736814e+01 2.748631578947367871e+01
9.886952751250567273e-01 9.357894736842105488e+01 1.105263157894736814e+01 3.071999999999999886e+01
-5.547116166157029654e-02 1.203157894736841627e+02 1.421052631578946723e+01 -3.071999999999999886e+01
-5.018834879643114220e-03 1.203157894736841627e+02 1.421052631578946723e+01 -2.748631578947368226e+01
4.593729636225083596e-02 1.203157894736841627e+02 1.421052631578946723e+01 -2.425263157894736921e+01
9.739723206411152190e-02 1.203157894736841627e+02 1.421052631578946723e+01 -2.101894736842105260e+01
1.493609722259389982e-01 1.203157894736841627e+02 1.421052631578946723e+01 -1.778526315789473600e+01
2.018285168477331748e-01 1.203157894736841627e+02 1.421052631578946723e+01 -1.455157894736842117e+01
2.547998659294941626e-01 1.203157894736841627e+02 1.421052631578946723e+01 -1.131789473684210634e+01
3.082750194712218783e-01 1.203157894736841627e+02 1.421052631578946723e+01 -8.084210526315789735e+00
3.622539774729163775e-01 1.203157894736841627e+02 1.421052631578946723e+01 -4.850526315789474907e+00
4.167367399345777157e-01 1.203157894736841627e+02 1.421052631578946723e+01 -1.616842105263159413e+00
4.717233068562056708e-01 1.203157894736841627e+02 1.421052631578946723e+01 1.616842105263156082e+00
5.272136782378006314e-01 1.203157894736841627e+02 1.421052631578946723e+01 4.850526315789474907e+00
5.832078540793620425e-01 1.203157894736841627e+02 1.421052631578946723e+01 8.084210526315786183e+00
6.397058343808902370e-01 1.203157894736841627e+02 1.421052631578946723e+01 1.131789473684209923e+01
6.967076191423853260e-01 1.203157894736841627e+02 1.421052631578946723e+01 1.455157894736841762e+01
7.542132083638471984e-01 1.203157894736841627e+02 1.421052631578946723e+01 1.778526315789473600e+01
8.122226020452757433e-01 1.203157894736841627e+02 1.421052631578946723e+01 2.101894736842104905e+01
8.707358001866710717e-01 1.203157894736841627e+02 1.421052631578946723e+01 2.425263157894736210e+01
9.297528027880331836e-01 1.203157894736841627e+02 1.421052631578946723e+01 2.748631578947367871e+01
9.892736098493618568e-01 1.203157894736841627e+02 1.421052631578946723e+01 3.071999999999999886e+01
-5.483056408534196097e-02 1.470526315789473415e+02 1.736842105263157521e+01 -3.071999999999999886e+01
-4.371808767086886663e-03 1.470526315789473415e+02 1.736842105263157521e+01 -2.748631578947368226e+01
4.659075101113496070e-02 1.470526315789473415e+02 1.736842105263157521e+01 -2.425263157894736921e+01
9.805711524932356205e-02 1.470526315789473415e+02 1.736842105263157521e+01 -2.101894736842105260e+01
1.500272839474789122e-01 1.470526315789473415e+02 1.736842105263157521e+01 -1.778526315789473600e+01
2.025012571056009625e-01 1.470526315789473415e+02 1.736842105263157521e+01 -1.455157894736842117e+01
2.554790347236898795e-01 1.470526315789473415e+02 1.736842105263157521e+01 -1.131789473684210634e+01
3.089606168017455246e-01 1.470526315789473415e+02 1.736842105263157521e+01 -8.084210526315789735e+00
3.629460033397678975e-01 1.470526315789473415e+02 1.736842105263157521e+01 -4.850526315789474907e+00
4.174351943377569985e-01 1.470526315789473415e+02 1.736842105263157521e+01 -1.616842105263159413e+00
4.724281897957130494e-01 1.470526315789473415e+02 1.736842105263157521e+01 1.616842105263156082e+00
5.279249897136357728e-01 1.470526315789473415e+02 1.736842105263157521e+01 4.850526315789474907e+00
5.839255940915252241e-01 1.470526315789473415e+02 1.736842105263157521e+01 8.084210526315786183e+00
6.404300029293813479e-01 1.470526315789473415e+02 1.736842105263157521e+01 1.131789473684209923e+01
6.974382162272042551e-01 1.470526315789473415e+02 1.736842105263157521e+01 1.455157894736841762e+01
7.549502339849940569e-01 1.470526315789473415e+02 1.736842105263157521e+01 1.778526315789473600e+01
8.129660562027504200e-01 1.470526315789473415e+02 1.736842105263157521e+01 2.101894736842104905e+01
8.714856828804735667e-01 1.470526315789473415e+02 1.736842105263157521e+01 2.425263157894736210e+01
9.305091140181636078e-01 1.470526315789473415e+02 1.736842105263157521e+01 2.748631578947367871e+01
9.900363496158203214e-01 1.470526315789473415e+02 1.736842105263157521e+01 3.071999999999999886e+01
-5.403502314139590340e-02 1.737894736842104919e+02 2.052631578947368141e+01 -3.071999999999999886e+01
-3.568285541986187300e-03 1.737894736842104919e+02 2.052631578947368141e+01 -2.748631578947368226e+01
4.740225651739028712e-02 1.737894736842104919e+02 2.052631578947368141e+01 -2.425263157894736921e+01
9.887660303673351248e-02 1.737894736842104919e+02 2.052631578947368141e+01 -2.101894736842105260e+01
1.508547540160435074e-01 1.737894736842104919e+02 2.052631578947368141e+01 -1.778526315789473600e+01
2.033367094553202581e-01 1.737894736842104919e+02 2.052631578947368141e+01 -1.455157894736842117e+01
2.563224693545638200e-01 1.737894736842104919e+02 2.052631578947368141e+01 -1.131789473684210634e+01
3.098120337137740821e-01 1.737894736842104919e+02 2.052631578947368141e+01 -8.084210526315789735e+00
3.638054025329510721e-01 1.737894736842104919e+02 2.052631578947368141e+01 -4.850526315789474907e+00
4.183025758120948456e-01 1.737894736842104919e+02 2.052631578947368141e+01 -1.616842105263159413e+00
4.733035535512054026e-01 1.737894736842104919e+02 2.052631578947368141e+01 1.616842105263156082e+00
5.288083357502828541e-01 1.737894736842104919e+02 2.052631578947368141e+01 4.850526315789474907e+00
5.848169224093268115e-01 1.737894736842104919e+02 2.052631578947368141e+01 8.084210526315786183e+00
6.413293135283375523e-01 1.737894736842104919e+02 2.052631578947368141e+01 1.131789473684209923e+01
6.983455091073151877e-01 1.737894736842104919e+02 2.052631578947368141e+01 1.455157894736841762e+01
7.558655091462594955e-01 1.737894736842104919e+02 2.052631578947368141e+01 1.778526315789473600e+01
8.138893136451705868e-01 1.737894736842104919e+02 2.052631578947368141e+01 2.101894736842104905e+01
8.724169226040485725e-01 1.737894736842104919e+02 2.052631578947368141e+01 2.425263157894736210e+01
9.314483360228930087e-01 1.737894736842104919e+02 2.052631578947368141e+01 2.748631578947367871e+01
9.909835539017044503e-01 1.737894736842104919e+02 2.052631578947368141e+01 3.071999999999999886e+01
-5.308446497710254258e-02 2.005263157894736707e+02 2.368421052631578760e+01 -3.071999999999999886e+01
-2.608191351711453086e-03 2.005263157894736707e+02 2.368421052631578760e+01 -2.748631578947368226e+01
4.837188673364638258e-02 2.005263157894736707e+02 2.368421052631578760e+01 -2.425263157894736921e+01
9.985576927897095445e-02 2.005263157894736707e+02 2.368421052631578760e+01 -2.101894736842105260e+01
1.518434562842623514e-01 2.005263157894736707e+02 2.368421052631578760e+01 -1.778526315789473600e+01
2.043349477495204902e-01 2.005263157894736707e+02 2.368421052631578760e+01 -1.455157894736842117e+01
2.573302436747453847e-01 2.005263157894736707e+02 2.368421052631578760e+01 -1.131789473684210634e+01
3.108293440599370072e-01 2.005263157894736707e+02 2.368421052631578760e+01 -8.084210526315789735e+00
3.648322489050953576e-01 2.005263157894736707e+02 2.368421052631578760e+01 -4.850526315789474907e+00
4.193389582102206026e-01 2.005263157894736707e+02 2.368421052631578760e+01 -1.616842105263159413e+00
4.743494719753124644e-01 2.005263157894736707e+02 2.368421052631578760e+01 1.616842105263156082e+00
5.298637902003712208e-01 2.005263157894736707e+02 2.368421052631578760e+01 4.850526315789474907e+00
5.858819128853965941e-01 2.005263157894736707e+02 2.368421052631578760e+01 8.084210526315786183e+00
6.424038400303888618e-01 2.005263157894736707e+02 2.368421052631578760e+01 1.131789473684209923e+01
6.994295716353478021e-01 2.005263157894736707e+02 2.368421052631578760e+01 1.455157894736841762e+01
7.569591077002735258e-01 2.005263157894736707e+02 2.368421052631578760e+01 1.778526315789473600e+01
8.149924482251659219e-01 2.005263157894736707e+02 2.368421052631578760e+01 2.101894736842104905e+01
8.735295932100251015e-01 2.005263157894736707e+02 2.368421052631578760e+01 2.425263157894736210e+01
9.325705426548509536e-01 2.005263157894736707e+02 2.368421052631578760e+01 2.748631578947367871e+01
9.921152965596437001e-01 2.005263157894736707e+02 2.368421052631578760e+01 3.071999999999999886e+01
-5.197880136447536464e-02 2.272631578947368496e+02 2.684210526315789380e+01 -3.071999999999999886e+01
-1.491437968276180127e-03 2.272631578947368496e+02 2.684210526315789380e+01 -2.748631578947368226e+01
4.949972988788977485e-02 2.272631578947368496e+02 2.684210526315789380e+01 -2.425263157894736921e+01
1.009947022040224851e-01 2.272631578947368496e+02 2.684210526315789380e+01 -2.101894736842105260e+01
1.529934789801219441e-01 2.272631578947368496e+02 2.684210526315789380e+01 -1.778526315789473600e+01
2.054960602161881589e-01 2.272631578947368496e+02 2.684210526315789380e+01 -1.455157894736842117e+01
2.585024459122211571e-01 2.272631578947368496e+02 2.684210526315789380e+01 -1.131789473684210634e+01
3.120126360682209388e-01 2.272631578947368496e+02 2.684210526315789380e+01 -8.084210526315789735e+00
3.660266306841873929e-01 2.272631578947368496e+02 2.684210526315789380e+01 -4.850526315789474907e+00
4.205444297601206860e-01 2.272631578947368496e+02 2.684210526315789380e+01 -1.616842105263159413e+00
4.755660332960207071e-01 2.272631578947368496e+02 2.684210526315789380e+01 1.616842105263156082e+00
5.310914412918875671e-01 2.272631578947368496e+02 2.684210526315789380e+01 4.850526315789474907e+00
5.871206537477210441e-01 2.272631578947368496e+02 2.684210526315789380e+01 8.084210526315786183e+00
6.436536706635211935e-01 2.272631578947368496e+02 2.684210526315789380e+01 1.131789473684209923e+01
7.006904920392882374e-01 2.272631578947368496e+02 2.684210526315789380e+01 1.455157894736841762e+01
7.582311178750222869e-01 2.272631578947368496e+02 2.684210526315789380e+01 1.778526315789473600e+01
8.162755481707226757e-01 2.272631578947368496e+02 2.684210526315789380e+01 2.101894736842104905e+01
8.748237829263899590e-01 2.272631578947368496e+02 2.684210526315789380e+01 2.425263157894736210e+01
9.338758221420240258e-01 2.272631578947368496e+02 2.684210526315789380e+01 2.748631578947367871e+01
9.934316658176250980e-01 2.272631578947368496e+02 2.684210526315789380e+01 3.071999999999999886e+01
-5.071792970017087454e-02 2.540000000000000000e+02 3.000000000000000000e+01 -3.071999999999999886e+01
-2.179227883368468162e-04 2.540000000000000000e+02 3.000000000000000000e+01 -2.748631578947368226e+01
5.078588858346394508e-02 2.540000000000000000e+02 3.000000000000000000e+01 -2.425263157894736921e+01
1.022935044152314815e-01 2.540000000000000000e+02 3.000000000000000000e+01 -2.101894736842105260e+01
1.543049247069658014e-01 2.540000000000000000e+02 3.000000000000000000e+01 -1.778526315789473600e+01
2.068201494586668632e-01 2.540000000000000000e+02 3.000000000000000000e+01 -1.455157894736842117e+01
2.598391786703347361e-01 2.540000000000000000e+02 3.000000000000000000e+01 -1.131789473684210634e+01
3.133620123419693093e-01 2.540000000000000000e+02 3.000000000000000000e+01 -8.084210526315789735e+00
3.673886504735706660e-01 2.540000000000000000e+02 3.000000000000000000e+01 -4.850526315789474907e+00
4.219190930651387506e-01 2.540000000000000000e+02 3.000000000000000000e+01 -1.616842105263159413e+00
4.769533401166735631e-01 2.540000000000000000e+02 3.000000000000000000e+01 1.616842105263156082e+00
5.324913916281753812e-01 2.540000000000000000e+02 3.000000000000000000e+01 4.850526315789474907e+00
5.885332475996436497e-01 2.540000000000000000e+02 3.000000000000000000e+01 8.084210526315786183e+00
6.450789080310788126e-01 2.540000000000000000e+02 3.000000000000000000e+01 1.131789473684209923e+01
7.021283729224807590e-01 2.540000000000000000e+02 3.000000000000000000e+01 1.455157894736841762e+01
7.596816422738493779e-01 2.540000000000000000e+02 3.000000000000000000e+01 1.778526315789473600e+01
8.177387160851847803e-01 2.540000000000000000e+02 3.000000000000000000e+01 2.101894736842104905e+01
8.762995943564869661e-01 2.540000000000000000e+02 3.000000000000000000e+01 2.425263157894736210e+01
9.353642770877558243e-01 2.540000000000000000e+02 3.000000000000000000e+01 2.748631578947367871e+01
9.949327642789914661e-01 2.540000000000000000e+02 3.000000000000000000e+01 3.071999999999999886e+01
