# Trace file for OSIRIS LSS R2500U mode
#
 wavelength               xi                        x                         y
# um                       arcsec                    mm                        mm
3.246148316571745296e-01 -2.540000000000000000e+02 -3.000000000000000000e+01 -3.071999999999999886e+01
3.327812214940446545e-01 -2.540000000000000000e+02 -3.000000000000000000e+01 -2.748631578947368226e+01
3.408196785525151595e-01 -2.540000000000000000e+02 -3.000000000000000000e+01 -2.425263157894736921e+01
3.487302028325861558e-01 -2.540000000000000000e+02 -3.000000000000000000e+01 -2.101894736842105260e+01
3.565127943342575878e-01 -2.540000000000000000e+02 -3.000000000000000000e+01 -1.778526315789473600e+01
3.641674530575294555e-01 -2.540000000000000000e+02 -3.000000000000000000e+01 -1.455157894736842117e+01
3.716941790024018144e-01 -2.540000000000000000e+02 -3.000000000000000000e+01 -1.131789473684210634e+01
3.790929721688746090e-01 -2.540000000000000000e+02 -3.000000000000000000e+01 -8.084210526315789735e+00
3.863638325569477838e-01 -2.540000000000000000e+02 -3.000000000000000000e+01 -4.850526315789474907e+00
3.935067601666213943e-01 -2.540000000000000000e+02 -3.000000000000000000e+01 -1.616842105263159413e+00
4.005217549978955516e-01 -2.540000000000000000e+02 -3.000000000000000000e+01 1.616842105263156082e+00
4.074088170507700335e-01 -2.540000000000000000e+02 -3.000000000000000000e+01 4.850526315789474907e+00
4.141679463252450621e-01 -2.540000000000000000e+02 -3.000000000000000000e+01 8.084210526315786183e+00
4.207991428213205265e-01 -2.540000000000000000e+02 -3.000000000000000000e+01 1.131789473684209923e+01
4.273024065389963155e-01 -2.540000000000000000e+02 -3.000000000000000000e+01 1.455157894736841762e+01
4.336777374782727068e-01 -2.540000000000000000e+02 -3.000000000000000000e+01 1.778526315789473600e+01
4.399251356391493673e-01 -2.540000000000000000e+02 -3.000000000000000000e+01 2.101894736842104905e+01
4.460446010216266854e-01 -2.540000000000000000e+02 -3.000000000000000000e+01 2.425263157894736210e+01
4.520361336257042728e-01 -2.540000000000000000e+02 -3.000000000000000000e+01 2.748631578947367871e+01
4.578997334513822404e-01 -2.540000000000000000e+02 -3.000000000000000000e+01 3.071999999999999886e+01
3.242036314781465145e-01 -2.272631578947368496e+02 -2.684210526315789380e+01 -3.071999999999999886e+01
3.323764105366809329e-01 -2.272631578947368496e+02 -2.684210526315789380e+01 -2.748631578947368226e+01
3.404212568168157871e-01 -2.272631578947368496e+02 -2.684210526315789380e+01 -2.425263157894736921e+01
3.483381703185511324e-01 -2.272631578947368496e+02 -2.684210526315789380e+01 -2.101894736842105260e+01
3.561271510418869135e-01 -2.272631578947368496e+02 -2.684210526315789380e+01 -1.778526315789473600e+01
3.637881989868231303e-01 -2.272631578947368496e+02 -2.684210526315789380e+01 -1.455157894736842117e+01
3.713213141533597828e-01 -2.272631578947368496e+02 -2.684210526315789380e+01 -1.131789473684210634e+01
3.787264965414968154e-01 -2.272631578947368496e+02 -2.684210526315789380e+01 -8.084210526315789735e+00
3.860037461512343948e-01 -2.272631578947368496e+02 -2.684210526315789380e+01 -4.850526315789474907e+00
3.931530629825723544e-01 -2.272631578947368496e+02 -2.684210526315789380e+01 -1.616842105263159413e+00
4.001744470355107497e-01 -2.272631578947368496e+02 -2.684210526315789380e+01 1.616842105263156082e+00
4.070678983100496362e-01 -2.272631578947368496e+02 -2.684210526315789380e+01 4.850526315789474907e+00
4.138334168061889584e-01 -2.272631578947368496e+02 -2.684210526315789380e+01 8.084210526315786183e+00
4.204710025239286608e-01 -2.272631578947368496e+02 -2.684210526315789380e+01 1.131789473684209923e+01
4.269806554632689100e-01 -2.272631578947368496e+02 -2.684210526315789380e+01 1.455157894736841762e+01
4.333623756242095948e-01 -2.272631578947368496e+02 -2.684210526315789380e+01 1.778526315789473600e+01
4.396161630067506043e-01 -2.272631578947368496e+02 -2.684210526315789380e+01 2.101894736842104905e+01
4.457420176108921606e-01 -2.272631578947368496e+02 -2.684210526315789380e+01 2.425263157894736210e+01
4.517399394366340970e-01 -2.272631578947368496e+02 -2.684210526315789380e+01 2.748631578947367871e+01
4.576099284839764691e-01 -2.272631578947368496e+02 -2.684210526315789380e+01 3.071999999999999886e+01
3.238473721823691420e-01 -2.005263157894736992e+02 -2.368421052631579116e+01 -3.071999999999999886e+01
3.320256827876562622e-01 -2.005263157894736992e+02 -2.368421052631579116e+01 -2.748631578947368226e+01
3.400760606145439291e-01 -2.005263157894736992e+02 -2.368421052631579116e+01 -2.425263157894736921e+01
3.479985056630319762e-01 -2.005263157894736992e+02 -2.368421052631579116e+01 -2.101894736842105260e+01
3.557930179331205145e-01 -2.005263157894736992e+02 -2.368421052631579116e+01 -1.778526315789473600e+01
3.634595974248094885e-01 -2.005263157894736992e+02 -2.368421052631579116e+01 -1.455157894736842117e+01
3.709982441380988982e-01 -2.005263157894736992e+02 -2.368421052631579116e+01 -1.131789473684210634e+01
3.784089580729887436e-01 -2.005263157894736992e+02 -2.368421052631579116e+01 -8.084210526315789735e+00
3.856917392294790248e-01 -2.005263157894736992e+02 -2.368421052631579116e+01 -4.850526315789474907e+00
3.928465876075697416e-01 -2.005263157894736992e+02 -2.368421052631579116e+01 -1.616842105263159413e+00
3.998735032072609497e-01 -2.005263157894736992e+02 -2.368421052631579116e+01 1.616842105263156082e+00
4.067724860285525934e-01 -2.005263157894736992e+02 -2.368421052631579116e+01 4.850526315789474907e+00
4.135435360714446174e-01 -2.005263157894736992e+02 -2.368421052631579116e+01 8.084210526315786183e+00
4.201866533359370770e-01 -2.005263157894736992e+02 -2.368421052631579116e+01 1.131789473684209923e+01
4.267018378220301389e-01 -2.005263157894736992e+02 -2.368421052631579116e+01 1.455157894736841762e+01
4.330890895297235255e-01 -2.005263157894736992e+02 -2.368421052631579116e+01 1.778526315789473600e+01
4.393484084590174032e-01 -2.005263157894736992e+02 -2.368421052631579116e+01 2.101894736842104905e+01
4.454797946099115502e-01 -2.005263157894736992e+02 -2.368421052631579116e+01 2.425263157894736210e+01
4.514832479824064104e-01 -2.005263157894736992e+02 -2.368421052631579116e+01 2.748631578947367871e+01
4.573587685765014843e-01 -2.005263157894736992e+02 -2.368421052631579116e+01 3.071999999999999886e+01
3.235461650220701202e-01 -1.737894736842105203e+02 -2.052631578947368496e+01 -3.071999999999999886e+01
3.317291494991984613e-01 -1.737894736842105203e+02 -2.052631578947368496e+01 -2.748631578947368226e+01
3.397842011979273491e-01 -1.737894736842105203e+02 -2.052631578947368496e+01 -2.425263157894736921e+01
3.477113201182566171e-01 -1.737894736842105203e+02 -2.052631578947368496e+01 -2.101894736842105260e+01
3.555105062601863208e-01 -1.737894736842105203e+02 -2.052631578947368496e+01 -1.778526315789473600e+01
3.631817596237165158e-01 -1.737894736842105203e+02 -2.052631578947368496e+01 -1.455157894736842117e+01
3.707250802088470909e-01 -1.737894736842105203e+02 -2.052631578947368496e+01 -1.131789473684210634e+01
3.781404680155781017e-01 -1.737894736842105203e+02 -2.052631578947368496e+01 -8.084210526315789735e+00
3.854279230439096593e-01 -1.737894736842105203e+02 -2.052631578947368496e+01 -4.850526315789474907e+00
3.925874452938415970e-01 -1.737894736842105203e+02 -2.052631578947368496e+01 -1.616842105263159413e+00
3.996190347653739150e-01 -1.737894736842105203e+02 -2.052631578947368496e+01 1.616842105263156082e+00
4.065226914585067797e-01 -1.737894736842105203e+02 -2.052631578947368496e+01 4.850526315789474907e+00
4.132984153732400245e-01 -1.737894736842105203e+02 -2.052631578947368496e+01 8.084210526315786183e+00
4.199462065095737051e-01 -1.737894736842105203e+02 -2.052631578947368496e+01 1.131789473684209923e+01
4.264660648675079324e-01 -1.737894736842105203e+02 -2.052631578947368496e+01 1.455157894736841762e+01
4.328579904470425399e-01 -1.737894736842105203e+02 -2.052631578947368496e+01 1.778526315789473600e+01
4.391219832481775831e-01 -1.737894736842105203e+02 -2.052631578947368496e+01 2.101894736842104905e+01
4.452580432709130065e-01 -1.737894736842105203e+02 -2.052631578947368496e+01 2.425263157894736210e+01
4.512661705152489211e-01 -1.737894736842105203e+02 -2.052631578947368496e+01 2.748631578947367871e+01
4.571463649811853824e-01 -1.737894736842105203e+02 -2.052631578947368496e+01 3.071999999999999886e+01
3.233001039996468151e-01 -1.470526315789473983e+02 -1.736842105263158231e+01 -3.071999999999999886e+01
3.314869046737048408e-01 -1.470526315789473983e+02 -1.736842105263158231e+01 -2.748631578947368226e+01
3.395457725693633577e-01 -1.470526315789473983e+02 -1.736842105263158231e+01 -2.425263157894736921e+01
3.474767076866221993e-01 -1.470526315789473983e+02 -1.736842105263158231e+01 -2.101894736842105260e+01
3.552797100254815876e-01 -1.470526315789473983e+02 -1.736842105263158231e+01 -1.778526315789473600e+01
3.629547795859413561e-01 -1.470526315789473983e+02 -1.736842105263158231e+01 -1.455157894736842117e+01
3.705019163680016159e-01 -1.470526315789473983e+02 -1.736842105263158231e+01 -1.131789473684210634e+01
3.779211203716623113e-01 -1.470526315789473983e+02 -1.736842105263158231e+01 -8.084210526315789735e+00
3.852123915969234980e-01 -1.470526315789473983e+02 -1.736842105263158231e+01 -4.850526315789474907e+00
3.923757300437850093e-01 -1.470526315789473983e+02 -1.736842105263158231e+01 -1.616842105263159413e+00
3.994111357122470118e-01 -1.470526315789473983e+02 -1.736842105263158231e+01 1.616842105263156082e+00
4.063186086023095056e-01 -1.470526315789473983e+02 -1.736842105263158231e+01 4.850526315789474907e+00
4.130981487139723796e-01 -1.470526315789473983e+02 -1.736842105263158231e+01 8.084210526315786183e+00
4.197497560472356892e-01 -1.470526315789473983e+02 -1.736842105263158231e+01 1.131789473684209923e+01
4.262734306020995456e-01 -1.470526315789473983e+02 -1.736842105263158231e+01 1.455157894736841762e+01
4.326691723785637267e-01 -1.470526315789473983e+02 -1.736842105263158231e+01 1.778526315789473600e+01
4.389369813766285100e-01 -1.470526315789473983e+02 -1.736842105263158231e+01 2.101894736842104905e+01
4.450768575962936180e-01 -1.470526315789473983e+02 -1.736842105263158231e+01 2.425263157894736210e+01
4.510888010375592172e-01 -1.470526315789473983e+02 -1.736842105263158231e+01 2.748631578947367871e+01
4.569728117004251966e-01 -1.470526315789473983e+02 -1.736842105263158231e+01 3.071999999999999886e+01
3.231092658676658069e-01 -1.203157894736842195e+02 -1.421052631578947434e+01 -3.071999999999999886e+01
3.312990250637418699e-01 -1.203157894736842195e+02 -1.421052631578947434e+01 -2.748631578947368226e+01
3.393608514814183685e-01 -1.203157894736842195e+02 -1.421052631578947434e+01 -2.425263157894736921e+01
3.472947451206954139e-01 -1.203157894736842195e+02 -1.421052631578947434e+01 -2.101894736842105260e+01
3.551007059815728395e-01 -1.203157894736842195e+02 -1.421052631578947434e+01 -1.778526315789473600e+01
3.627787340640507008e-01 -1.203157894736842195e+02 -1.421052631578947434e+01 -1.455157894736842117e+01
3.703288293681290533e-01 -1.203157894736842195e+02 -1.421052631578947434e+01 -1.131789473684210634e+01
3.777509918938078415e-01 -1.203157894736842195e+02 -1.421052631578947434e+01 -8.084210526315789735e+00
3.850452216410870099e-01 -1.203157894736842195e+02 -1.421052631578947434e+01 -4.850526315789474907e+00
3.922115186099666140e-01 -1.203157894736842195e+02 -1.421052631578947434e+01 -1.616842105263159413e+00
3.992498828004467648e-01 -1.203157894736842195e+02 -1.421052631578947434e+01 1.616842105263156082e+00
4.061603142125272403e-01 -1.203157894736842195e+02 -1.421052631578947434e+01 4.850526315789474907e+00
4.129428128462083181e-01 -1.203157894736842195e+02 -1.421052631578947434e+01 8.084210526315786183e+00
4.195973787014896650e-01 -1.203157894736842195e+02 -1.421052631578947434e+01 1.131789473684209923e+01
4.261240117783715586e-01 -1.203157894736842195e+02 -1.421052631578947434e+01 1.455157894736841762e+01
4.325227120768538325e-01 -1.203157894736842195e+02 -1.421052631578947434e+01 1.778526315789473600e+01
4.387934795969365420e-01 -1.203157894736842195e+02 -1.421052631578947434e+01 2.101894736842104905e+01
4.449363143386197428e-01 -1.203157894736842195e+02 -1.421052631578947434e+01 2.425263157894736210e+01
4.509512163019034348e-01 -1.203157894736842195e+02 -1.421052631578947434e+01 2.748631578947367871e+01
4.568381854867875624e-01 -1.203157894736842195e+02 -1.421052631578947434e+01 3.071999999999999886e+01
3.229737101288629453e-01 -9.357894736842105488e+01 -1.105263157894736814e+01 -3.071999999999999886e+01
3.311655701720455647e-01 -9.357894736842105488e+01 -1.105263157894736814e+01 -2.748631578947368226e+01
3.392294974368286198e-01 -9.357894736842105488e+01 -1.105263157894736814e+01 -2.425263157894736921e+01
3.471654919232121106e-01 -9.357894736842105488e+01 -1.105263157894736814e+01 -2.101894736842105260e+01
3.549735536311960371e-01 -9.357894736842105488e+01 -1.105263157894736814e+01 -1.778526315789473600e+01
3.626536825607804548e-01 -9.357894736842105488e+01 -1.105263157894736814e+01 -1.455157894736842117e+01
3.702058787119652528e-01 -9.357894736842105488e+01 -1.105263157894736814e+01 -1.131789473684210634e+01
3.776301420847505974e-01 -9.357894736842105488e+01 -1.105263157894736814e+01 -8.084210526315789735e+00
3.849264726791362667e-01 -9.357894736842105488e+01 -1.105263157894736814e+01 -4.850526315789474907e+00
3.920948704951224273e-01 -9.357894736842105488e+01 -1.105263157894736814e+01 -1.616842105263159413e+00
3.991353355327090791e-01 -9.357894736842105488e+01 -1.105263157894736814e+01 1.616842105263156082e+00
4.060478677918960555e-01 -9.357894736842105488e+01 -1.105263157894736814e+01 4.850526315789474907e+00
4.128324672726836342e-01 -9.357894736842105488e+01 -1.105263157894736814e+01 8.084210526315786183e+00
4.194891339750715376e-01 -9.357894736842105488e+01 -1.105263157894736814e+01 1.131789473684209923e+01
4.260178678990598211e-01 -9.357894736842105488e+01 -1.105263157894736814e+01 1.455157894736841762e+01
4.324186690446487069e-01 -9.357894736842105488e+01 -1.105263157894736814e+01 1.778526315789473600e+01
4.386915374118379174e-01 -9.357894736842105488e+01 -1.105263157894736814e+01 2.101894736842104905e+01
4.448364730006276746e-01 -9.357894736842105488e+01 -1.105263157894736814e+01 2.425263157894736210e+01
4.508534758110178120e-01 -9.357894736842105488e+01 -1.105263157894736814e+01 2.748631578947367871e+01
4.567425458430084406e-01 -9.357894736842105488e+01 -1.105263157894736814e+01 3.071999999999999886e+01
3.228934790361435714e-01 -6.684210526315791867e+01 -7.894736842105265495e+00 -3.071999999999999886e+01
3.310865822515212109e-01 -6.684210526315791867e+01 -7.894736842105265495e+00 -2.748631578947368226e+01
3.391517526884991751e-01 -6.684210526315791867e+01 -7.894736842105265495e+00 -2.425263157894736921e+01
3.470889903470776305e-01 -6.684210526315791867e+01 -7.894736842105265495e+00 -2.101894736842105260e+01
3.548982952272565772e-01 -6.684210526315791867e+01 -7.894736842105265495e+00 -1.778526315789473600e+01
3.625796673290358485e-01 -6.684210526315791867e+01 -7.894736842105265495e+00 -1.455157894736842117e+01
3.701331066524156110e-01 -6.684210526315791867e+01 -7.894736842105265495e+00 -1.131789473684210634e+01
3.775586131973958648e-01 -6.684210526315791867e+01 -7.894736842105265495e+00 -8.084210526315789735e+00
3.848561869639764987e-01 -6.684210526315791867e+01 -7.894736842105265495e+00 -4.850526315789474907e+00
3.920258279521576239e-01 -6.684210526315791867e+01 -7.894736842105265495e+00 -1.616842105263159413e+00
3.990675361619391848e-01 -6.684210526315791867e+01 -7.894736842105265495e+00 1.616842105263156082e+00
4.059813115933211813e-01 -6.684210526315791867e+01 -7.894736842105265495e+00 4.850526315789474907e+00
4.127671542463036691e-01 -6.684210526315791867e+01 -7.894736842105265495e+00 8.084210526315786183e+00
4.194250641208865371e-01 -6.684210526315791867e+01 -7.894736842105265495e+00 1.131789473684209923e+01
4.259550412170698408e-01 -6.684210526315791867e+01 -7.894736842105265495e+00 1.455157894736841762e+01
4.323570855348535802e-01 -6.684210526315791867e+01 -7.894736842105265495e+00 1.778526315789473600e+01
4.386311970742377553e-01 -6.684210526315791867e+01 -7.894736842105265495e+00 2.101894736842104905e+01
4.447773758352224771e-01 -6.684210526315791867e+01 -7.894736842105265495e+00 2.425263157894736210e+01
4.507956218178075791e-01 -6.684210526315791867e+01 -7.894736842105265495e+00 2.748631578947367871e+01
4.566859350219930058e-01 -6.684210526315791867e+01 -7.894736842105265495e+00 3.071999999999999886e+01
3.228685975925824070e-01 -4.010526315789475404e+01 -4.736842105263159297e+00 -3.071999999999999886e+01
3.310620863052433638e-01 -4.010526315789475404e+01 -4.736842105263159297e+00 -2.748631578947368226e+01
3.391276422395047563e-01 -4.010526315789475404e+01 -4.736842105263159297e+00 -2.425263157894736921e+01
3.470652653953665845e-01 -4.010526315789475404e+01 -4.736842105263159297e+00 -2.101894736842105260e+01
3.548749557728288484e-01 -4.010526315789475404e+01 -4.736842105263159297e+00 -1.778526315789473600e+01
3.625567133718915480e-01 -4.010526315789475404e+01 -4.736842105263159297e+00 -1.455157894736842117e+01
3.701105381925547388e-01 -4.010526315789475404e+01 -4.736842105263159297e+00 -1.131789473684210634e+01
3.775364302348183654e-01 -4.010526315789475404e+01 -4.736842105263159297e+00 -8.084210526315789735e+00
3.848343894986824276e-01 -4.010526315789475404e+01 -4.736842105263159297e+00 -4.850526315789474907e+00
3.920044159841468701e-01 -4.010526315789475404e+01 -4.736842105263159297e+00 -1.616842105263159413e+00
3.990465096912118037e-01 -4.010526315789475404e+01 -4.736842105263159297e+00 1.616842105263156082e+00
4.059606706198772286e-01 -4.010526315789475404e+01 -4.736842105263159297e+00 4.850526315789474907e+00
4.127468987701429781e-01 -4.010526315789475404e+01 -4.736842105263159297e+00 8.084210526315786183e+00
4.194051941420093854e-01 -4.010526315789475404e+01 -4.736842105263159297e+00 1.131789473684209923e+01
4.259355567354760064e-01 -4.010526315789475404e+01 -4.736842105263159297e+00 1.455157894736841762e+01
4.323379865505431741e-01 -4.010526315789475404e+01 -4.736842105263159297e+00 1.778526315789473600e+01
4.386124835872107774e-01 -4.010526315789475404e+01 -4.736842105263159297e+00 2.101894736842104905e+01
4.447590478454787610e-01 -4.010526315789475404e+01 -4.736842105263159297e+00 2.425263157894736210e+01
4.507776793253472913e-01 -4.010526315789475404e+01 -4.736842105263159297e+00 2.748631578947367871e+01
4.566683780268163129e-01 -4.010526315789475404e+01 -4.736842105263159297e+00 3.071999999999999886e+01
3.228990735514233323e-01 -1.336842105263158409e+01 -1.578947368421053099e+00 -3.071999999999999886e+01
3.310920900864560701e-01 -1.336842105263158409e+01 -1.578947368421053099e+00 -2.748631578947368226e+01
3.391571738430892990e-01 -1.336842105263158409e+01 -1.578947368421053099e+00 -2.425263157894736921e+01
3.470943248213229637e-01 -1.336842105263158409e+01 -1.578947368421053099e+00 -2.101894736842105260e+01
3.549035430211570641e-01 -1.336842105263158409e+01 -1.578947368421053099e+00 -1.778526315789473600e+01
3.625848284425916002e-01 -1.336842105263158409e+01 -1.578947368421053099e+00 -1.455157894736842117e+01
3.701381810856266275e-01 -1.336842105263158409e+01 -1.578947368421053099e+00 -1.131789473684210634e+01
3.775636009502619794e-01 -1.336842105263158409e+01 -1.578947368421053099e+00 -8.084210526315789735e+00
3.848610880364979336e-01 -1.336842105263158409e+01 -1.578947368421053099e+00 -4.850526315789474907e+00
3.920306423443342125e-01 -1.336842105263158409e+01 -1.578947368421053099e+00 -1.616842105263159413e+00
3.990722638737710382e-01 -1.336842105263158409e+01 -1.578947368421053099e+00 1.616842105263156082e+00
4.059859526248081885e-01 -1.336842105263158409e+01 -1.578947368421053099e+00 4.850526315789474907e+00
4.127717085974458300e-01 -1.336842105263158409e+01 -1.578947368421053099e+00 8.084210526315786183e+00
4.194295317916839072e-01 -1.336842105263158409e+01 -1.578947368421053099e+00 1.131789473684209923e+01
4.259594222075224201e-01 -1.336842105263158409e+01 -1.578947368421053099e+00 1.455157894736841762e+01
4.323613798449614798e-01 -1.336842105263158409e+01 -1.578947368421053099e+00 1.778526315789473600e+01
4.386354047040008641e-01 -1.336842105263158409e+01 -1.578947368421053099e+00 2.101894736842104905e+01
4.447814967846407397e-01 -1.336842105263158409e+01 -1.578947368421053099e+00 2.425263157894736210e+01
4.507996560868811065e-01 -1.336842105263158409e+01 -1.578947368421053099e+00 2.748631578947367871e+01
4.566898826107217424e-01 -1.336842105263158409e+01 -1.578947368421053099e+00 3.071999999999999886e+01
3.229848974160797193e-01 1.336842105263155567e+01 1.578947368421049768e+00 -3.071999999999999886e+01
3.311765840985727016e-01 1.336842105263155567e+01 1.578947368421049768e+00 -2.748631578947368226e+01
3.392403380026661752e-01 1.336842105263155567e+01 1.578947368421049768e+00 -2.425263157894736921e+01
3.471761591283600845e-01 1.336842105263155567e+01 1.578947368421049768e+00 -2.101894736842105260e+01
3.549840474756544850e-01 1.336842105263155567e+01 1.578947368421049768e+00 -1.778526315789473600e+01
3.626640030445493212e-01 1.336842105263155567e+01 1.578947368421049768e+00 -1.455157894736842117e+01
3.702160258350445377e-01 1.336842105263155567e+01 1.578947368421049768e+00 -1.131789473684210634e+01
3.776401158471402453e-01 1.336842105263155567e+01 1.578947368421049768e+00 -8.084210526315789735e+00
3.849362730808363886e-01 1.336842105263155567e+01 1.578947368421049768e+00 -4.850526315789474907e+00
3.921044975361329676e-01 1.336842105263155567e+01 1.578947368421049768e+00 -1.616842105263159413e+00
3.991447892130299824e-01 1.336842105263155567e+01 1.578947368421049768e+00 1.616842105263156082e+00
4.060571481115274328e-01 1.336842105263155567e+01 1.578947368421049768e+00 4.850526315789474907e+00
4.128415742316253745e-01 1.336842105263155567e+01 1.578947368421049768e+00 8.084210526315786183e+00
4.194980675733237518e-01 1.336842105263155567e+01 1.578947368421049768e+00 1.131789473684209923e+01
4.260266281366224539e-01 1.336842105263155567e+01 1.578947368421049768e+00 1.455157894736841762e+01
4.324272559215218692e-01 1.336842105263155567e+01 1.578947368421049768e+00 1.778526315789473600e+01
4.386999509280214982e-01 1.336842105263155567e+01 1.578947368421049768e+00 2.101894736842104905e+01
4.448447131561215628e-01 1.336842105263155567e+01 1.578947368421049768e+00 2.425263157894736210e+01
4.508615426058221742e-01 1.336842105263155567e+01 1.578947368421049768e+00 2.748631578947367871e+01
4.567504392771231658e-01 1.336842105263155567e+01 1.578947368421049768e+00 3.071999999999999886e+01
3.231260424401342091e-01 4.010526315789472562e+01 4.736842105263155744e+00 -3.071999999999999886e+01
3.313155415951758997e-01 4.010526315789472562e+01 4.736842105263155744e+00 -2.748631578947368226e+01
3.393771079718181372e-01 4.010526315789472562e+01 4.736842105263155744e+00 -2.425263157894736921e+01
3.473107415700607548e-01 4.010526315789472562e+01 4.736842105263155744e+00 -2.101894736842105260e+01
3.551164423899038081e-01 4.010526315789472562e+01 4.736842105263155744e+00 -1.778526315789473600e+01
3.627942104313472971e-01 4.010526315789472562e+01 4.736842105263155744e+00 -1.455157894736842117e+01
3.703440456943912773e-01 4.010526315789472562e+01 4.736842105263155744e+00 -1.131789473684210634e+01
3.777659481790356932e-01 4.010526315789472562e+01 4.736842105263155744e+00 -8.084210526315789735e+00
3.850599178852804894e-01 4.010526315789472562e+01 4.736842105263155744e+00 -4.850526315789474907e+00
3.922259548131257767e-01 4.010526315789472562e+01 4.736842105263155744e+00 -1.616842105263159413e+00
3.992640589625714997e-01 4.010526315789472562e+01 4.736842105263155744e+00 1.616842105263156082e+00
4.061742303336177140e-01 4.010526315789472562e+01 4.736842105263155744e+00 4.850526315789474907e+00
4.129564689262643085e-01 4.010526315789472562e+01 4.736842105263155744e+00 8.084210526315786183e+00
4.196107747405113941e-01 4.010526315789472562e+01 4.736842105263155744e+00 1.131789473684209923e+01
4.261371477763588045e-01 4.010526315789472562e+01 4.736842105263155744e+00 1.455157894736841762e+01
4.325355880338067616e-01 4.010526315789472562e+01 4.736842105263155744e+00 1.778526315789473600e+01
4.388060955128551544e-01 4.010526315789472562e+01 4.736842105263155744e+00 2.101894736842104905e+01
4.449486702135039273e-01 4.010526315789472562e+01 4.736842105263155744e+00 2.425263157894736210e+01
4.509633121357533581e-01 4.010526315789472562e+01 4.736842105263155744e+00 2.748631578947367871e+01
4.568500212796030024e-01 4.010526315789472562e+01 4.736842105263155744e+00 3.071999999999999886e+01
3.233224646273389347e-01 6.684210526315789025e+01 7.894736842105261942e+00 -3.071999999999999886e+01
3.315089185800177973e-01 6.684210526315789025e+01 7.894736842105261942e+00 -2.748631578947368226e+01
3.395674397542971512e-01 6.684210526315789025e+01 7.894736842105261942e+00 -2.425263157894736921e+01
3.474980281501768853e-01 6.684210526315789025e+01 7.894736842105261942e+00 -2.101894736842105260e+01
3.553006837676571106e-01 6.684210526315789025e+01 7.894736842105261942e+00 -1.778526315789473600e+01
3.629754066067377161e-01 6.684210526315789025e+01 7.894736842105261942e+00 -1.455157894736842117e+01
3.705221966674188128e-01 6.684210526315789025e+01 7.894736842105261942e+00 -1.131789473684210634e+01
3.779410539497003452e-01 6.684210526315789025e+01 7.894736842105261942e+00 -8.084210526315789735e+00
3.852319784535823133e-01 6.684210526315789025e+01 7.894736842105261942e+00 -4.850526315789474907e+00
3.923949701790647726e-01 6.684210526315789025e+01 7.894736842105261942e+00 -1.616842105263159413e+00
3.994300291261475566e-01 6.684210526315789025e+01 7.894736842105261942e+00 1.616842105263156082e+00
4.063371552948309429e-01 6.684210526315789025e+01 7.894736842105261942e+00 4.850526315789474907e+00
4.131163486851146538e-01 6.684210526315789025e+01 7.894736842105261942e+00 8.084210526315786183e+00
4.197676092969988004e-01 6.684210526315789025e+01 7.894736842105261942e+00 1.131789473684209923e+01
4.262909371304835493e-01 6.684210526315789025e+01 7.894736842105261942e+00 1.455157894736841762e+01
4.326863321855686229e-01 6.684210526315789025e+01 7.894736842105261942e+00 1.778526315789473600e+01
4.389537944622540766e-01 6.684210526315789025e+01 7.894736842105261942e+00 2.101894736842104905e+01
4.450933239605399661e-01 6.684210526315789025e+01 7.894736842105261942e+00 2.425263157894736210e+01
4.511049206804264022e-01 6.684210526315789025e+01 7.894736842105261942e+00 2.748631578947367871e+01
4.569885846219133296e-01 6.684210526315789025e+01 7.894736842105261942e+00 3.071999999999999886e+01
3.235741027316152429e-01 9.357894736842105488e+01 1.105263157894736814e+01 -3.071999999999999886e+01
3.317566538070197413e-01 9.357894736842105488e+01 1.105263157894736814e+01 -2.748631578947368226e+01
3.398112721040246198e-01 9.357894736842105488e+01 1.105263157894736814e+01 -2.425263157894736921e+01
3.477379576226299340e-01 9.357894736842105488e+01 1.105263157894736814e+01 -2.101894736842105260e+01
3.555367103628356840e-01 9.357894736842105488e+01 1.105263157894736814e+01 -1.778526315789473600e+01
3.632075303246419251e-01 9.357894736842105488e+01 1.105263157894736814e+01 -1.455157894736842117e+01
3.707504175080486020e-01 9.357894736842105488e+01 1.105263157894736814e+01 -1.131789473684210634e+01
3.781653719130557145e-01 9.357894736842105488e+01 1.105263157894736814e+01 -8.084210526315789735e+00
3.854523935396632628e-01 9.357894736842105488e+01 1.105263157894736814e+01 -4.850526315789474907e+00
3.926114823878711912e-01 9.357894736842105488e+01 1.105263157894736814e+01 -1.616842105263159413e+00
3.996426384576796664e-01 9.357894736842105488e+01 1.105263157894736814e+01 1.616842105263156082e+00
4.065458617490885773e-01 9.357894736842105488e+01 1.105263157894736814e+01 4.850526315789474907e+00
4.133211522620979239e-01 9.357894736842105488e+01 1.105263157894736814e+01 8.084210526315786183e+00
4.199685099967075952e-01 9.357894736842105488e+01 1.105263157894736814e+01 1.131789473684209923e+01
4.264879349529178687e-01 9.357894736842105488e+01 1.105263157894736814e+01 1.455157894736841762e+01
4.328794271307284669e-01 9.357894736842105488e+01 1.105263157894736814e+01 1.778526315789473600e+01
4.391429865301396118e-01 9.357894736842105488e+01 1.105263157894736814e+01 2.101894736842104905e+01
4.452786131511511925e-01 9.357894736842105488e+01 1.105263157894736814e+01 2.425263157894736210e+01
4.512863069937630978e-01 9.357894736842105488e+01 1.105263157894736814e+01 2.748631578947367871e+01
4.571660680579755498e-01 9.357894736842105488e+01 1.105263157894736814e+01 3.071999999999999886e+01
3.238808782570539169e-01 1.203157894736841627e+02 1.421052631578946723e+01 -3.071999999999999886e+01
3.320586687802723480e-01 1.203157894736841627e+02 1.421052631578946723e+01 -2.748631578947368226e+01
3.401085265250912704e-01 1.203157894736841627e+02 1.421052631578946723e+01 -2.425263157894736921e+01
3.480304514915106284e-01 1.203157894736841627e+02 1.421052631578946723e+01 -2.101894736842105260e+01
3.558244436795304222e-01 1.203157894736841627e+02 1.421052631578946723e+01 -1.778526315789473600e+01
3.634905030891506517e-01 1.203157894736841627e+02 1.421052631578946723e+01 -1.455157894736842117e+01
3.710286297203713723e-01 1.203157894736841627e+02 1.421052631578946723e+01 -1.131789473684210634e+01
3.784388235731924732e-01 1.203157894736841627e+02 1.421052631578946723e+01 -8.084210526315789735e+00
3.857210846476139543e-01 1.203157894736841627e+02 1.421052631578946723e+01 -4.850526315789474907e+00
3.928754129436359821e-01 1.203157894736841627e+02 1.421052631578946723e+01 -1.616842105263159413e+00
3.999018084612584456e-01 1.203157894736841627e+02 1.421052631578946723e+01 1.616842105263156082e+00
4.068002712004814003e-01 1.203157894736841627e+02 1.421052631578946723e+01 4.850526315789474907e+00
4.135708011613046797e-01 1.203157894736841627e+02 1.421052631578946723e+01 8.084210526315786183e+00
4.202133983437283948e-01 1.203157894736841627e+02 1.421052631578946723e+01 1.131789473684209923e+01
4.267280627477527122e-01 1.203157894736841627e+02 1.421052631578946723e+01 1.455157894736841762e+01
4.331147943733772987e-01 1.203157894736841627e+02 1.421052631578946723e+01 1.778526315789473600e+01
4.393735932206023764e-01 1.203157894736841627e+02 1.421052631578946723e+01 2.101894736842104905e+01
4.455044592894280009e-01 1.203157894736841627e+02 1.421052631578946723e+01 2.425263157894736210e+01
4.515073925798540611e-01 1.203157894736841627e+02 1.421052631578946723e+01 2.748631578947367871e+01
4.573823930918803904e-01 1.203157894736841627e+02 1.421052631578946723e+01 3.071999999999999886e+01
3.242426954579150644e-01 1.470526315789473415e+02 1.736842105263157521e+01 -3.071999999999999886e+01
3.324148677540359476e-01 1.470526315789473415e+02 1.736842105263157521e+01 -2.748631578947368226e+01
3.404591072717573219e-01 1.470526315789473415e+02 1.736842105263157521e+01 -2.425263157894736921e+01
3.483754140110790765e-01 1.470526315789473415e+02 1.736842105263157521e+01 -2.101894736842105260e+01
3.561637879720013222e-01 1.470526315789473415e+02 1.736842105263157521e+01 -1.778526315789473600e+01
3.638242291545240037e-01 1.470526315789473415e+02 1.736842105263157521e+01 -1.455157894736842117e+01
3.713567375586471764e-01 1.470526315789473415e+02 1.736842105263157521e+01 -1.131789473684210634e+01
3.787613131843706737e-01 1.470526315789473415e+02 1.736842105263157521e+01 -8.084210526315789735e+00
3.860379560316947178e-01 1.470526315789473415e+02 1.736842105263157521e+01 -4.850526315789474907e+00
3.931866661006191421e-01 1.470526315789473415e+02 1.736842105263157521e+01 -1.616842105263159413e+00
4.002074433911440576e-01 1.470526315789473415e+02 1.736842105263157521e+01 1.616842105263156082e+00
4.071002879032693533e-01 1.470526315789473415e+02 1.736842105263157521e+01 4.850526315789474907e+00
4.138651996369951958e-01 1.470526315789473415e+02 1.736842105263157521e+01 8.084210526315786183e+00
4.205021785923213629e-01 1.470526315789473415e+02 1.736842105263157521e+01 1.131789473684209923e+01
4.270112247692481322e-01 1.470526315789473415e+02 1.736842105263157521e+01 1.455157894736841762e+01
4.333923381677751707e-01 1.470526315789473415e+02 1.736842105263157521e+01 1.778526315789473600e+01
4.396455187879027560e-01 1.470526315789473415e+02 1.736842105263157521e+01 2.101894736842104905e+01
4.457707666296307214e-01 1.470526315789473415e+02 1.736842105263157521e+01 2.425263157894736210e+01
4.517680816929592336e-01 1.470526315789473415e+02 1.736842105263157521e+01 2.748631578947367871e+01
4.576374639778881259e-01 1.470526315789473415e+02 1.736842105263157521e+01 3.071999999999999886e+01
3.246594413386280076e-01 1.737894736842104919e+02 2.052631578947368141e+01 -3.071999999999999886e+01
3.328251377327398064e-01 1.737894736842104919e+02 2.052631578947368141e+01 -2.748631578947368226e+01
3.408629013484520964e-01 1.737894736842104919e+02 2.052631578947368141e+01 -2.425263157894736921e+01
3.487727321857647667e-01 1.737894736842104919e+02 2.052631578947368141e+01 -2.101894736842105260e+01
3.565546302446779281e-01 1.737894736842104919e+02 2.052631578947368141e+01 -1.778526315789473600e+01
3.642085955251914697e-01 1.737894736842104919e+02 2.052631578947368141e+01 -1.455157894736842117e+01
3.717346280273054471e-01 1.737894736842104919e+02 2.052631578947368141e+01 -1.131789473684210634e+01
3.791327277510199156e-01 1.737894736842104919e+02 2.052631578947368141e+01 -8.084210526315789735e+00
3.864028946963348199e-01 1.737894736842104919e+02 2.052631578947368141e+01 -4.850526315789474907e+00
3.935451288632501599e-01 1.737894736842104919e+02 2.052631578947368141e+01 -1.616842105263159413e+00
4.005594302517659355e-01 1.737894736842104919e+02 2.052631578947368141e+01 1.616842105263156082e+00
4.074457988618821469e-01 1.737894736842104919e+02 2.052631578947368141e+01 4.850526315789474907e+00
4.142042346935988495e-01 1.737894736842104919e+02 2.052631578947368141e+01 8.084210526315786183e+00
4.208347377469159323e-01 1.737894736842104919e+02 2.052631578947368141e+01 1.131789473684209923e+01
4.273373080218334508e-01 1.737894736842104919e+02 2.052631578947368141e+01 1.455157894736841762e+01
4.337119455183515160e-01 1.737894736842104919e+02 2.052631578947368141e+01 1.778526315789473600e+01
4.399586502364699614e-01 1.737894736842104919e+02 2.052631578947368141e+01 2.101894736842104905e+01
4.460774221761888980e-01 1.737894736842104919e+02 2.052631578947368141e+01 2.425263157894736210e+01
4.520682613375081038e-01 1.737894736842104919e+02 2.052631578947368141e+01 2.748631578947367871e+01
4.579311677204279674e-01 1.737894736842104919e+02 2.052631578947368141e+01 3.071999999999999886e+01
3.251309856537917264e-01 2.005263157894736707e+02 2.368421052631578760e+01 -3.071999999999999886e+01
3.332893484709828491e-01 2.005263157894736707e+02 2.368421052631578760e+01 -2.748631578947368226e+01
3.413197785097744075e-01 2.005263157894736707e+02 2.368421052631578760e+01 -2.425263157894736921e+01
3.492222757701664571e-01 2.005263157894736707e+02 2.368421052631578760e+01 -2.101894736842105260e+01
3.569968402521588313e-01 2.005263157894736707e+02 2.368421052631578760e+01 -1.778526315789473600e+01
3.646434719557517523e-01 2.005263157894736707e+02 2.368421052631578760e+01 -1.455157894736842117e+01
3.721621708809451090e-01 2.005263157894736707e+02 2.368421052631578760e+01 -1.131789473684210634e+01
3.795529370277389014e-01 2.005263157894736707e+02 2.368421052631578760e+01 -8.084210526315789735e+00
3.868157703961331295e-01 2.005263157894736707e+02 2.368421052631578760e+01 -4.850526315789474907e+00
3.939506709861278488e-01 2.005263157894736707e+02 2.368421052631578760e+01 -1.616842105263159413e+00
4.009576387977228928e-01 2.005263157894736707e+02 2.368421052631578760e+01 1.616842105263156082e+00
4.078366738309184281e-01 2.005263157894736707e+02 2.368421052631578760e+01 4.850526315789474907e+00
4.145877760857144545e-01 2.005263157894736707e+02 2.368421052631578760e+01 8.084210526315786183e+00
4.212109455621108611e-01 2.005263157894736707e+02 2.368421052631578760e+01 1.131789473684209923e+01
4.277061822601077590e-01 2.005263157894736707e+02 2.368421052631578760e+01 1.455157894736841762e+01
4.340734861797051480e-01 2.005263157894736707e+02 2.368421052631578760e+01 1.778526315789473600e+01
4.403128573209028618e-01 2.005263157894736707e+02 2.368421052631578760e+01 2.101894736842104905e+01
4.464242956837011223e-01 2.005263157894736707e+02 2.368421052631578760e+01 2.425263157894736210e+01
4.524078012680997074e-01 2.005263157894736707e+02 2.368421052631578760e+01 2.748631578947367871e+01
4.582633740740987838e-01 2.005263157894736707e+02 2.368421052631578760e+01 3.071999999999999886e+01
3.256571809081743041e-01 2.272631578947368496e+02 2.684210526315789380e+01 -3.071999999999999886e+01
3.338073524735332143e-01 2.272631578947368496e+02 2.684210526315789380e+01 -2.748631578947368226e+01
3.418295912604925602e-01 2.272631578947368496e+02 2.684210526315789380e+01 -2.425263157894736921e+01
3.497238972690523418e-01 2.272631578947368496e+02 2.684210526315789380e+01 -2.101894736842105260e+01
3.574902704992125035e-01 2.272631578947368496e+02 2.684210526315789380e+01 -1.778526315789473600e+01
3.651287109509731565e-01 2.272631578947368496e+02 2.684210526315789380e+01 -1.455157894736842117e+01
3.726392186243343008e-01 2.272631578947368496e+02 2.684210526315789380e+01 -1.131789473684210634e+01
3.800217935192958252e-01 2.272631578947368496e+02 2.684210526315789380e+01 -8.084210526315789735e+00
3.872764356358578408e-01 2.272631578947368496e+02 2.684210526315789380e+01 -4.850526315789474907e+00
3.944031449740201811e-01 2.272631578947368496e+02 2.684210526315789380e+01 -1.616842105263159413e+00
4.014019215337830682e-01 2.272631578947368496e+02 2.684210526315789380e+01 1.616842105263156082e+00
4.082727653151463909e-01 2.272631578947368496e+02 2.684210526315789380e+01 4.850526315789474907e+00
4.150156763181101494e-01 2.272631578947368496e+02 2.684210526315789380e+01 8.084210526315786183e+00
4.216306545426743435e-01 2.272631578947368496e+02 2.684210526315789380e+01 1.131789473684209923e+01
4.281176999888389179e-01 2.272631578947368496e+02 2.684210526315789380e+01 1.455157894736841762e+01
4.344768126566041500e-01 2.272631578947368496e+02 2.684210526315789380e+01 1.778526315789473600e+01
4.407079925459695957e-01 2.272631578947368496e+02 2.684210526315789380e+01 2.101894736842104905e+01
4.468112396569355327e-01 2.272631578947368496e+02 2.684210526315789380e+01 2.425263157894736210e+01
4.527865539895019609e-01 2.272631578947368496e+02 2.684210526315789380e+01 2.748631578947367871e+01
4.586339355436688803e-01 2.272631578947368496e+02 2.684210526315789380e+01 3.071999999999999886e+01
3.262378623567132596e-01 2.540000000000000000e+02 3.000000000000000000e+01 -3.071999999999999886e+01
3.343789849953283655e-01 2.540000000000000000e+02 3.000000000000000000e+01 -2.748631578947368226e+01
3.423921748555438516e-01 2.540000000000000000e+02 3.000000000000000000e+01 -2.425263157894736921e+01
3.502774319373597733e-01 2.540000000000000000e+02 3.000000000000000000e+01 -2.101894736842105260e+01
3.580347562407761863e-01 2.540000000000000000e+02 3.000000000000000000e+01 -1.778526315789473600e+01
3.656641477657930905e-01 2.540000000000000000e+02 3.000000000000000000e+01 -1.455157894736842117e+01
3.731656065124104305e-01 2.540000000000000000e+02 3.000000000000000000e+01 -1.131789473684210634e+01
3.805391324806281506e-01 2.540000000000000000e+02 3.000000000000000000e+01 -8.084210526315789735e+00
3.877847256704463619e-01 2.540000000000000000e+02 3.000000000000000000e+01 -4.850526315789474907e+00
3.949023860818649534e-01 2.540000000000000000e+02 3.000000000000000000e+01 -1.616842105263159413e+00
4.018921137148840361e-01 2.540000000000000000e+02 3.000000000000000000e+01 1.616842105263156082e+00
4.087539085695034990e-01 2.540000000000000000e+02 3.000000000000000000e+01 4.850526315789474907e+00
4.154877706457234532e-01 2.540000000000000000e+02 3.000000000000000000e+01 8.084210526315786183e+00
4.220936999435438430e-01 2.540000000000000000e+02 3.000000000000000000e+01 1.131789473684209923e+01
4.285716964629647241e-01 2.540000000000000000e+02 3.000000000000000000e+01 1.455157894736841762e+01
4.349217602039860409e-01 2.540000000000000000e+02 3.000000000000000000e+01 1.778526315789473600e+01
4.411438911666076823e-01 2.540000000000000000e+02 3.000000000000000000e+01 2.101894736842104905e+01
4.472380893508299260e-01 2.540000000000000000e+02 3.000000000000000000e+01 2.425263157894736210e+01
4.532043547566525499e-01 2.540000000000000000e+02 3.000000000000000000e+01 2.748631578947367871e+01
4.590426873840755539e-01 2.540000000000000000e+02 3.000000000000000000e+01 3.071999999999999886e+01
