# Trace file for OSIRIS LSS R2500V mode
#
 wavelength               xi                        x                         y
# um                       arcsec                    mm                        mm
4.408548141186213742e-01 -2.540000000000000000e+02 -3.000000000000000000e+01 -3.071999999999999886e+01
4.488722887195589761e-01 -2.540000000000000000e+02 -3.000000000000000000e+01 -2.748631578947368226e+01
4.569561797176864282e-01 -2.540000000000000000e+02 -3.000000000000000000e+01 -2.425263157894736921e+01
4.651064871130040079e-01 -2.540000000000000000e+02 -3.000000000000000000e+01 -2.101894736842105260e+01
4.733232109055114933e-01 -2.540000000000000000e+02 -3.000000000000000000e+01 -1.778526315789473600e+01
4.816063510952091065e-01 -2.540000000000000000e+02 -3.000000000000000000e+01 -1.455157894736842117e+01
4.899559076820969028e-01 -2.540000000000000000e+02 -3.000000000000000000e+01 -1.131789473684210634e+01
4.983718806661744938e-01 -2.540000000000000000e+02 -3.000000000000000000e+01 -8.084210526315789735e+00
5.068542700474422125e-01 -2.540000000000000000e+02 -3.000000000000000000e+01 -4.850526315789474907e+00
5.154030758258998368e-01 -2.540000000000000000e+02 -3.000000000000000000e+01 -1.616842105263159413e+00
5.240182980015476444e-01 -2.540000000000000000e+02 -3.000000000000000000e+01 1.616842105263156082e+00
5.326999365743854131e-01 -2.540000000000000000e+02 -3.000000000000000000e+01 4.850526315789474907e+00
5.414479915444131430e-01 -2.540000000000000000e+02 -3.000000000000000000e+01 8.084210526315786183e+00
5.502624629116309452e-01 -2.540000000000000000e+02 -3.000000000000000000e+01 1.131789473684209923e+01
5.591433506760388195e-01 -2.540000000000000000e+02 -3.000000000000000000e+01 1.455157894736841762e+01
5.680906548376367660e-01 -2.540000000000000000e+02 -3.000000000000000000e+01 1.778526315789473600e+01
5.771043753964245626e-01 -2.540000000000000000e+02 -3.000000000000000000e+01 2.101894736842104905e+01
5.861845123524025425e-01 -2.540000000000000000e+02 -3.000000000000000000e+01 2.425263157894736210e+01
5.953310657055704835e-01 -2.540000000000000000e+02 -3.000000000000000000e+01 2.748631578947367871e+01
6.045440354559284968e-01 -2.540000000000000000e+02 -3.000000000000000000e+01 3.071999999999999886e+01
4.403919087862265824e-01 -2.272631578947368496e+02 -2.684210526315789380e+01 -3.071999999999999886e+01
4.484055318220803166e-01 -2.272631578947368496e+02 -2.684210526315789380e+01 -2.748631578947368226e+01
4.564855712551240674e-01 -2.272631578947368496e+02 -2.684210526315789380e+01 -2.425263157894736921e+01
4.646320270853578349e-01 -2.272631578947368496e+02 -2.684210526315789380e+01 -2.101894736842105260e+01
4.728448993127816746e-01 -2.272631578947368496e+02 -2.684210526315789380e+01 -1.778526315789473600e+01
4.811241879373956420e-01 -2.272631578947368496e+02 -2.684210526315789380e+01 -1.455157894736842117e+01
4.894698929591995151e-01 -2.272631578947368496e+02 -2.684210526315789380e+01 -1.131789473684210634e+01
4.978820143781933494e-01 -2.272631578947368496e+02 -2.684210526315789380e+01 -8.084210526315789735e+00
5.063605521943773669e-01 -2.272631578947368496e+02 -2.684210526315789380e+01 -4.850526315789474907e+00
5.149055064077513455e-01 -2.272631578947368496e+02 -2.684210526315789380e+01 -1.616842105263159413e+00
5.235168770183153963e-01 -2.272631578947368496e+02 -2.684210526315789380e+01 1.616842105263156082e+00
5.321946640260694084e-01 -2.272631578947368496e+02 -2.684210526315789380e+01 4.850526315789474907e+00
5.409388674310133815e-01 -2.272631578947368496e+02 -2.684210526315789380e+01 8.084210526315786183e+00
5.497494872331475380e-01 -2.272631578947368496e+02 -2.684210526315789380e+01 1.131789473684209923e+01
5.586265234324715445e-01 -2.272631578947368496e+02 -2.684210526315789380e+01 1.455157894736841762e+01
5.675699760289858453e-01 -2.272631578947368496e+02 -2.684210526315789380e+01 1.778526315789473600e+01
5.765798450226899963e-01 -2.272631578947368496e+02 -2.684210526315789380e+01 2.101894736842104905e+01
5.856561304135841084e-01 -2.272631578947368496e+02 -2.684210526315789380e+01 2.425263157894736210e+01
5.947988322016682927e-01 -2.272631578947368496e+02 -2.684210526315789380e+01 2.748631578947367871e+01
6.040079503869426603e-01 -2.272631578947368496e+02 -2.684210526315789380e+01 3.071999999999999886e+01
4.399890203407231803e-01 -2.005263157894736992e+02 -2.368421052631579116e+01 -3.071999999999999886e+01
4.479992896633600563e-01 -2.005263157894736992e+02 -2.368421052631579116e+01 -2.748631578947368226e+01
4.560759753831870045e-01 -2.005263157894736992e+02 -2.368421052631579116e+01 -2.425263157894736921e+01
4.642190775002039138e-01 -2.005263157894736992e+02 -2.368421052631579116e+01 -2.101894736842105260e+01
4.724285960144108953e-01 -2.005263157894736992e+02 -2.368421052631579116e+01 -1.778526315789473600e+01
4.807045309258077825e-01 -2.005263157894736992e+02 -2.368421052631579116e+01 -1.455157894736842117e+01
4.890468822343947974e-01 -2.005263157894736992e+02 -2.368421052631579116e+01 -1.131789473684210634e+01
4.974556499401717735e-01 -2.005263157894736992e+02 -2.368421052631579116e+01 -8.084210526315789735e+00
5.059308340431389883e-01 -2.005263157894736992e+02 -2.368421052631579116e+01 -4.850526315789474907e+00
5.144724345432960533e-01 -2.005263157894736992e+02 -2.368421052631579116e+01 -1.616842105263159413e+00
5.230804514406430794e-01 -2.005263157894736992e+02 -2.368421052631579116e+01 1.616842105263156082e+00
5.317548847351801777e-01 -2.005263157894736992e+02 -2.368421052631579116e+01 4.850526315789474907e+00
5.404957344269073483e-01 -2.005263157894736992e+02 -2.368421052631579116e+01 8.084210526315786183e+00
5.493030005158247020e-01 -2.005263157894736992e+02 -2.368421052631579116e+01 1.131789473684209923e+01
5.581766830019317949e-01 -2.005263157894736992e+02 -2.368421052631579116e+01 1.455157894736841762e+01
5.671167818852290710e-01 -2.005263157894736992e+02 -2.368421052631579116e+01 1.778526315789473600e+01
5.761232971657163082e-01 -2.005263157894736992e+02 -2.368421052631579116e+01 2.101894736842104905e+01
5.851962288433936177e-01 -2.005263157894736992e+02 -2.368421052631579116e+01 2.425263157894736210e+01
5.943355769182609993e-01 -2.005263157894736992e+02 -2.368421052631579116e+01 2.748631578947367871e+01
6.035413413903183422e-01 -2.005263157894736992e+02 -2.368421052631579116e+01 3.071999999999999886e+01
4.396460733646336827e-01 -1.737894736842105203e+02 -2.052631578947368496e+01 -3.071999999999999886e+01
4.476534868259204880e-01 -1.737894736842105203e+02 -2.052631578947368496e+01 -2.748631578947368226e+01
4.557273166843973100e-01 -1.737894736842105203e+02 -2.052631578947368496e+01 -2.425263157894736921e+01
4.638675629400643152e-01 -1.737894736842105203e+02 -2.052631578947368496e+01 -2.101894736842105260e+01
4.720742255929211706e-01 -1.737894736842105203e+02 -2.052631578947368496e+01 -1.778526315789473600e+01
4.803473046429680982e-01 -1.737894736842105203e+02 -2.052631578947368496e+01 -1.455157894736842117e+01
4.886868000902050424e-01 -1.737894736842105203e+02 -2.052631578947368496e+01 -1.131789473684210634e+01
4.970927119346319478e-01 -1.737894736842105203e+02 -2.052631578947368496e+01 -8.084210526315789735e+00
5.055650401762490365e-01 -1.737894736842105203e+02 -2.052631578947368496e+01 -4.850526315789474907e+00
5.141037848150560308e-01 -1.737894736842105203e+02 -2.052631578947368496e+01 -1.616842105263159413e+00
5.227089458510530973e-01 -1.737894736842105203e+02 -2.052631578947368496e+01 1.616842105263156082e+00
5.313805232842402360e-01 -1.737894736842105203e+02 -2.052631578947368496e+01 4.850526315789474907e+00
5.401185171146173358e-01 -1.737894736842105203e+02 -2.052631578947368496e+01 8.084210526315786183e+00
5.489229273421846189e-01 -1.737894736842105203e+02 -2.052631578947368496e+01 1.131789473684209923e+01
5.577937539669417522e-01 -1.737894736842105203e+02 -2.052631578947368496e+01 1.455157894736841762e+01
5.667309969888888466e-01 -1.737894736842105203e+02 -2.052631578947368496e+01 1.778526315789473600e+01
5.757346564080261242e-01 -1.737894736842105203e+02 -2.052631578947368496e+01 2.101894736842104905e+01
5.848047322243533630e-01 -1.737894736842105203e+02 -2.052631578947368496e+01 2.425263157894736210e+01
5.939412244378706740e-01 -1.737894736842105203e+02 -2.052631578947368496e+01 2.748631578947367871e+01
6.031441330485780572e-01 -1.737894736842105203e+02 -2.052631578947368496e+01 3.071999999999999886e+01
4.393630036360505198e-01 -1.470526315789473983e+02 -1.736842105263158231e+01 -3.071999999999999886e+01
4.473680590878542085e-01 -1.470526315789473983e+02 -1.736842105263158231e+01 -2.748631578947368226e+01
4.554395309368478584e-01 -1.470526315789473983e+02 -1.736842105263158231e+01 -2.425263157894736921e+01
4.635774191830315805e-01 -1.470526315789473983e+02 -1.736842105263158231e+01 -2.101894736842105260e+01
4.717817238264052637e-01 -1.470526315789473983e+02 -1.736842105263158231e+01 -1.778526315789473600e+01
4.800524448669689637e-01 -1.470526315789473983e+02 -1.736842105263158231e+01 -1.455157894736842117e+01
4.883895823047226248e-01 -1.470526315789473983e+02 -1.736842105263158231e+01 -1.131789473684210634e+01
4.967931361396665246e-01 -1.470526315789473983e+02 -1.736842105263158231e+01 -8.084210526315789735e+00
5.052631063718003857e-01 -1.470526315789473983e+02 -1.736842105263158231e+01 -4.850526315789474907e+00
5.137994930011241523e-01 -1.470526315789473983e+02 -1.736842105263158231e+01 -1.616842105263159413e+00
5.224022960276379912e-01 -1.470526315789473983e+02 -1.736842105263158231e+01 1.616842105263156082e+00
5.310715154513419023e-01 -1.470526315789473983e+02 -1.736842105263158231e+01 4.850526315789474907e+00
5.398071512722358856e-01 -1.470526315789473983e+02 -1.736842105263158231e+01 8.084210526315786183e+00
5.486092034903198300e-01 -1.470526315789473983e+02 -1.736842105263158231e+01 1.131789473684209923e+01
5.574776721055937356e-01 -1.470526315789473983e+02 -1.736842105263158231e+01 1.455157894736841762e+01
5.664125571180577134e-01 -1.470526315789473983e+02 -1.736842105263158231e+01 1.778526315789473600e+01
5.754138585277118745e-01 -1.470526315789473983e+02 -1.736842105263158231e+01 2.101894736842104905e+01
5.844815763345557746e-01 -1.470526315789473983e+02 -1.736842105263158231e+01 2.425263157894736210e+01
5.936157105385898580e-01 -1.470526315789473983e+02 -1.736842105263158231e+01 2.748631578947367871e+01
6.028162611398140136e-01 -1.470526315789473983e+02 -1.736842105263158231e+01 3.071999999999999886e+01
4.391397581286366480e-01 -1.203157894736842195e+02 -1.421052631578947434e+01 -3.071999999999999886e+01
4.471429534228239522e-01 -1.203157894736842195e+02 -1.421052631578947434e+01 -2.748631578947368226e+01
4.552125651142011620e-01 -1.203157894736842195e+02 -1.421052631578947434e+01 -2.425263157894736921e+01
4.633485932027684995e-01 -1.203157894736842195e+02 -1.421052631578947434e+01 -2.101894736842105260e+01
4.715510376885259092e-01 -1.203157894736842195e+02 -1.421052631578947434e+01 -1.778526315789473600e+01
4.798198985714732800e-01 -1.203157894736842195e+02 -1.421052631578947434e+01 -1.455157894736842117e+01
4.881551758516106121e-01 -1.203157894736842195e+02 -1.421052631578947434e+01 -1.131789473684210634e+01
4.965568695289380718e-01 -1.203157894736842195e+02 -1.421052631578947434e+01 -8.084210526315789735e+00
5.050249796034554928e-01 -1.203157894736842195e+02 -1.421052631578947434e+01 -4.850526315789474907e+00
5.135595060751630969e-01 -1.203157894736842195e+02 -1.421052631578947434e+01 -1.616842105263159413e+00
5.221604489440605512e-01 -1.203157894736842195e+02 -1.421052631578947434e+01 1.616842105263156082e+00
5.308278082101480777e-01 -1.203157894736842195e+02 -1.421052631578947434e+01 4.850526315789474907e+00
5.395615838734255654e-01 -1.203157894736842195e+02 -1.421052631578947434e+01 8.084210526315786183e+00
5.483617759338931252e-01 -1.203157894736842195e+02 -1.421052631578947434e+01 1.131789473684209923e+01
5.572283843915508683e-01 -1.203157894736842195e+02 -1.421052631578947434e+01 1.455157894736841762e+01
5.661614092463984615e-01 -1.203157894736842195e+02 -1.421052631578947434e+01 1.778526315789473600e+01
5.751608504984361270e-01 -1.203157894736842195e+02 -1.421052631578947434e+01 2.101894736842104905e+01
5.842267081476638646e-01 -1.203157894736842195e+02 -1.421052631578947434e+01 2.425263157894736210e+01
5.933589821940815634e-01 -1.203157894736842195e+02 -1.421052631578947434e+01 2.748631578947367871e+01
6.025576726376894454e-01 -1.203157894736842195e+02 -1.421052631578947434e+01 3.071999999999999886e+01
4.389762950116251061e-01 -9.357894736842105488e+01 -1.105263157894736814e+01 -3.071999999999999886e+01
4.469781280000628687e-01 -9.357894736842105488e+01 -1.105263157894736814e+01 -2.748631578947368226e+01
4.550463773856906480e-01 -9.357894736842105488e+01 -1.105263157894736814e+01 -2.425263157894736921e+01
4.631810431685084439e-01 -9.357894736842105488e+01 -1.105263157894736814e+01 -2.101894736842105260e+01
4.713821253485162011e-01 -9.357894736842105488e+01 -1.105263157894736814e+01 -1.778526315789473600e+01
4.796496239257141969e-01 -9.357894736842105488e+01 -1.105263157894736814e+01 -1.455157894736842117e+01
4.879835389001020429e-01 -9.357894736842105488e+01 -1.105263157894736814e+01 -1.131789473684210634e+01
4.963838702716799611e-01 -9.357894736842105488e+01 -1.105263157894736814e+01 -8.084210526315789735e+00
5.048506180404478405e-01 -9.357894736842105488e+01 -1.105263157894736814e+01 -4.850526315789474907e+00
5.133837822064057921e-01 -9.357894736842105488e+01 -1.105263157894736814e+01 -1.616842105263159413e+00
5.219833627695539269e-01 -9.357894736842105488e+01 -1.105263157894736814e+01 1.616842105263156082e+00
5.306493597298919118e-01 -9.357894736842105488e+01 -1.105263157894736814e+01 4.850526315789474907e+00
5.393817730874198579e-01 -9.357894736842105488e+01 -1.105263157894736814e+01 8.084210526315786183e+00
5.481806028421379873e-01 -9.357894736842105488e+01 -1.105263157894736814e+01 1.131789473684209923e+01
5.570458489940460778e-01 -9.357894736842105488e+01 -1.105263157894736814e+01 1.455157894736841762e+01
5.659775115431443515e-01 -9.357894736842105488e+01 -1.105263157894736814e+01 1.778526315789473600e+01
5.749755904894324754e-01 -9.357894736842105488e+01 -1.105263157894736814e+01 2.101894736842104905e+01
5.840400858329106715e-01 -9.357894736842105488e+01 -1.105263157894736814e+01 2.425263157894736210e+01
5.931709975735788287e-01 -9.357894736842105488e+01 -1.105263157894736814e+01 2.748631578947367871e+01
6.023683257114370582e-01 -9.357894736842105488e+01 -1.105263157894736814e+01 3.071999999999999886e+01
4.388725836498193478e-01 -6.684210526315791867e+01 -7.894736842105265495e+00 -3.071999999999999886e+01
4.468735521843744674e-01 -6.684210526315791867e+01 -7.894736842105265495e+00 -2.748631578947368226e+01
4.549409371161194926e-01 -6.684210526315791867e+01 -7.894736842105265495e+00 -2.425263157894736921e+01
4.630747384450547011e-01 -6.684210526315791867e+01 -7.894736842105265495e+00 -2.101894736842105260e+01
4.712749561711798707e-01 -6.684210526315791867e+01 -7.894736842105265495e+00 -1.778526315789473600e+01
4.795415902944950570e-01 -6.684210526315791867e+01 -7.894736842105265495e+00 -1.455157894736842117e+01
4.878746408150003155e-01 -6.684210526315791867e+01 -7.894736842105265495e+00 -1.131789473684210634e+01
4.962741077326955352e-01 -6.684210526315791867e+01 -7.894736842105265495e+00 -8.084210526315789735e+00
5.047399910475808271e-01 -6.684210526315791867e+01 -7.894736842105265495e+00 -4.850526315789474907e+00
5.132722907596561912e-01 -6.684210526315791867e+01 -7.894736842105265495e+00 -1.616842105263159413e+00
5.218710068689215165e-01 -6.684210526315791867e+01 -7.894736842105265495e+00 1.616842105263156082e+00
5.305361393753769139e-01 -6.684210526315791867e+01 -7.894736842105265495e+00 4.850526315789474907e+00
5.392676882790221615e-01 -6.684210526315791867e+01 -7.894736842105265495e+00 8.084210526315786183e+00
5.480656535798575923e-01 -6.684210526315791867e+01 -7.894736842105265495e+00 1.131789473684209923e+01
5.569300352778832064e-01 -6.684210526315791867e+01 -7.894736842105265495e+00 1.455157894736841762e+01
5.658608333730985596e-01 -6.684210526315791867e+01 -7.894736842105265495e+00 1.778526315789473600e+01
5.748580478655040960e-01 -6.684210526315791867e+01 -7.894736842105265495e+00 2.101894736842104905e+01
5.839216787550995935e-01 -6.684210526315791867e+01 -7.894736842105265495e+00 2.425263157894736210e+01
5.930517260418851633e-01 -6.684210526315791867e+01 -7.894736842105265495e+00 2.748631578947367871e+01
6.022481897258608052e-01 -6.684210526315791867e+01 -7.894736842105265495e+00 3.071999999999999886e+01
4.388286046035930754e-01 -4.010526315789475404e+01 -4.736842105263159297e+00 -3.071999999999999886e+01
4.468292065361325061e-01 -4.010526315789475404e+01 -4.736842105263159297e+00 -2.748631578947368226e+01
4.548962248658617868e-01 -4.010526315789475404e+01 -4.736842105263159297e+00 -2.425263157894736921e+01
4.630296595927810288e-01 -4.010526315789475404e+01 -4.736842105263159297e+00 -2.101894736842105260e+01
4.712295107168903985e-01 -4.010526315789475404e+01 -4.736842105263159297e+00 -1.778526315789473600e+01
4.794957782381897293e-01 -4.010526315789475404e+01 -4.736842105263159297e+00 -1.455157894736842117e+01
4.878284621566792434e-01 -4.010526315789475404e+01 -4.736842105263159297e+00 -1.131789473684210634e+01
4.962275624723586631e-01 -4.010526315789475404e+01 -4.736842105263159297e+00 -8.084210526315789735e+00
5.046930791852280995e-01 -4.010526315789475404e+01 -4.736842105263159297e+00 -4.850526315789474907e+00
5.132250122952874971e-01 -4.010526315789475404e+01 -4.736842105263159297e+00 -1.616842105263159413e+00
5.218233618025370779e-01 -4.010526315789475404e+01 -4.736842105263159297e+00 1.616842105263156082e+00
5.304881277069767309e-01 -4.010526315789475404e+01 -4.736842105263159297e+00 4.850526315789474907e+00
5.392193100086062341e-01 -4.010526315789475404e+01 -4.736842105263159297e+00 8.084210526315786183e+00
5.480169087074259204e-01 -4.010526315789475404e+01 -4.736842105263159297e+00 1.131789473684209923e+01
5.568809238034354570e-01 -4.010526315789475404e+01 -4.736842105263159297e+00 1.455157894736841762e+01
5.658113552966350657e-01 -4.010526315789475404e+01 -4.736842105263159297e+00 1.778526315789473600e+01
5.748082031870248576e-01 -4.010526315789475404e+01 -4.736842105263159297e+00 2.101894736842104905e+01
5.838714674746046107e-01 -4.010526315789475404e+01 -4.736842105263159297e+00 2.425263157894736210e+01
5.930011481593742140e-01 -4.010526315789475404e+01 -4.736842105263159297e+00 2.748631578947367871e+01
6.021972452413340005e-01 -4.010526315789475404e+01 -4.736842105263159297e+00 3.071999999999999886e+01
4.388443496288905732e-01 -1.336842105263158409e+01 -1.578947368421053099e+00 -3.071999999999999886e+01
4.468450828112809359e-01 -1.336842105263158409e+01 -1.578947368421053099e+00 -2.748631578947368226e+01
4.549122323908612042e-01 -1.336842105263158409e+01 -1.578947368421053099e+00 -2.425263157894736921e+01
4.630457983676316003e-01 -1.336842105263158409e+01 -1.578947368421053099e+00 -2.101894736842105260e+01
4.712457807415920130e-01 -1.336842105263158409e+01 -1.578947368421053099e+00 -1.778526315789473600e+01
4.795121795127423314e-01 -1.336842105263158409e+01 -1.578947368421053099e+00 -1.455157894736842117e+01
4.878449946810828886e-01 -1.336842105263158409e+01 -1.578947368421053099e+00 -1.131789473684210634e+01
4.962442262466132958e-01 -1.336842105263158409e+01 -1.578947368421053099e+00 -8.084210526315789735e+00
5.047098742093337753e-01 -1.336842105263158409e+01 -1.578947368421053099e+00 -4.850526315789474907e+00
5.132419385692443825e-01 -1.336842105263158409e+01 -1.578947368421053099e+00 -1.616842105263159413e+00
5.218404193263448398e-01 -1.336842105263158409e+01 -1.578947368421053099e+00 1.616842105263156082e+00
5.305053164806354804e-01 -1.336842105263158409e+01 -1.578947368421053099e+00 4.850526315789474907e+00
5.392366300321160821e-01 -1.336842105263158409e+01 -1.578947368421053099e+00 8.084210526315786183e+00
5.480343599807866450e-01 -1.336842105263158409e+01 -1.578947368421053099e+00 1.131789473684209923e+01
5.568985063266472801e-01 -1.336842105263158409e+01 -1.578947368421053099e+00 1.455157894736841762e+01
5.658290690696979874e-01 -1.336842105263158409e+01 -1.578947368421053099e+00 1.778526315789473600e+01
5.748260482099387669e-01 -1.336842105263158409e+01 -1.578947368421053099e+00 2.101894736842104905e+01
5.838894437473693966e-01 -1.336842105263158409e+01 -1.578947368421053099e+00 2.425263157894736210e+01
5.930192556819902094e-01 -1.336842105263158409e+01 -1.578947368421053099e+00 2.748631578947367871e+01
6.022154840138009835e-01 -1.336842105263158409e+01 -1.578947368421053099e+00 3.071999999999999886e+01
4.389198216772260963e-01 1.336842105263155567e+01 1.578947368421049768e+00 -3.071999999999999886e+01
4.469211839613342341e-01 1.336842105263155567e+01 1.578947368421049768e+00 -2.748631578947368226e+01
4.549889626426324440e-01 1.336842105263155567e+01 1.578947368421049768e+00 -2.425263157894736921e+01
4.631231577211206152e-01 1.336842105263155567e+01 1.578947368421049768e+00 -2.101894736842105260e+01
4.713237691967988585e-01 1.336842105263155567e+01 1.578947368421049768e+00 -1.778526315789473600e+01
4.795907970696672296e-01 1.336842105263155567e+01 1.578947368421049768e+00 -1.455157894736842117e+01
4.879242413397255618e-01 1.336842105263155567e+01 1.578947368421049768e+00 -1.131789473684210634e+01
4.963241020069739107e-01 1.336842105263155567e+01 1.578947368421049768e+00 -8.084210526315789735e+00
5.047903790714122207e-01 1.336842105263155567e+01 1.578947368421049768e+00 -4.850526315789474907e+00
5.133230725330405475e-01 1.336842105263155567e+01 1.578947368421049768e+00 -1.616842105263159413e+00
5.219221823918589465e-01 1.336842105263155567e+01 1.578947368421049768e+00 1.616842105263156082e+00
5.305877086478675286e-01 1.336842105263155567e+01 1.578947368421049768e+00 4.850526315789474907e+00
5.393196513010659610e-01 1.336842105263155567e+01 1.578947368421049768e+00 8.084210526315786183e+00
5.481180103514544655e-01 1.336842105263155567e+01 1.578947368421049768e+00 1.131789473684209923e+01
5.569827857990329312e-01 1.336842105263155567e+01 1.578947368421049768e+00 1.455157894736841762e+01
5.659139776438014691e-01 1.336842105263155567e+01 1.578947368421049768e+00 1.778526315789473600e+01
5.749115858857601902e-01 1.336842105263155567e+01 1.578947368421049768e+00 2.101894736842104905e+01
5.839756105249087614e-01 1.336842105263155567e+01 1.578947368421049768e+00 2.425263157894736210e+01
5.931060515612474049e-01 1.336842105263155567e+01 1.578947368421049768e+00 2.748631578947367871e+01
6.023029089947761205e-01 1.336842105263155567e+01 1.578947368421049768e+00 3.071999999999999886e+01
4.390550348956840931e-01 4.010526315789472562e+01 4.736842105263155744e+00 -3.071999999999999886e+01
4.470575241333769601e-01 4.010526315789472562e+01 4.736842105263155744e+00 -2.748631578947368226e+01
4.551264297682600102e-01 4.010526315789472562e+01 4.736842105263155744e+00 -2.425263157894736921e+01
4.632617518003329105e-01 4.010526315789472562e+01 4.736842105263155744e+00 -2.101894736842105260e+01
4.714634902295958829e-01 4.010526315789472562e+01 4.736842105263155744e+00 -1.778526315789473600e+01
4.797316450560488166e-01 4.010526315789472562e+01 4.736842105263155744e+00 -1.455157894736842117e+01
4.880662162796919334e-01 4.010526315789472562e+01 4.736842105263155744e+00 -1.131789473684210634e+01
4.964672039005250115e-01 4.010526315789472562e+01 4.736842105263155744e+00 -8.084210526315789735e+00
5.049346079185480507e-01 4.010526315789472562e+01 4.736842105263155744e+00 -4.850526315789474907e+00
5.134684283337611621e-01 4.010526315789472562e+01 4.736842105263155744e+00 -1.616842105263159413e+00
5.220686651461643457e-01 4.010526315789472562e+01 4.736842105263155744e+00 1.616842105263156082e+00
5.307353183557573795e-01 4.010526315789472562e+01 4.736842105263155744e+00 4.850526315789474907e+00
5.394683879625407075e-01 4.010526315789472562e+01 4.736842105263155744e+00 8.084210526315786183e+00
5.482678739665138856e-01 4.010526315789472562e+01 4.736842105263155744e+00 1.131789473684209923e+01
5.571337763676772470e-01 4.010526315789472562e+01 4.736842105263155744e+00 1.455157894736841762e+01
5.660660951660304585e-01 4.010526315789472562e+01 4.736842105263155744e+00 1.778526315789473600e+01
5.750648303615737422e-01 4.010526315789472562e+01 4.736842105263155744e+00 2.101894736842104905e+01
5.841299819543069871e-01 4.010526315789472562e+01 4.736842105263155744e+00 2.425263157894736210e+01
5.932615499442304152e-01 4.010526315789472562e+01 4.736842105263155744e+00 2.748631578947367871e+01
6.024595343313438045e-01 4.010526315789472562e+01 4.736842105263155744e+00 3.071999999999999886e+01
4.392500146269199268e-01 6.684210526315789025e+01 7.894736842105261942e+00 -3.071999999999999886e+01
4.472541286700642549e-01 6.684210526315789025e+01 7.894736842105261942e+00 -2.748631578947368226e+01
4.553246591103987106e-01 6.684210526315789025e+01 7.894736842105261942e+00 -2.425263157894736921e+01
4.634616059479234051e-01 6.684210526315789025e+01 7.894736842105261942e+00 -2.101894736842105260e+01
4.716649691826378388e-01 6.684210526315789025e+01 7.894736842105261942e+00 -1.778526315789473600e+01
4.799347488145424001e-01 6.684210526315789025e+01 7.894736842105261942e+00 -1.455157894736842117e+01
4.882709448436369781e-01 6.684210526315789025e+01 7.894736842105261942e+00 -1.131789473684210634e+01
4.966735572699215728e-01 6.684210526315789025e+01 7.894736842105261942e+00 -8.084210526315789735e+00
5.051425860933963508e-01 6.684210526315789025e+01 7.894736842105261942e+00 -4.850526315789474907e+00
5.136780313140609788e-01 6.684210526315789025e+01 7.894736842105261942e+00 -1.616842105263159413e+00
5.222798929319156791e-01 6.684210526315789025e+01 7.894736842105261942e+00 1.616842105263156082e+00
5.309481709469603405e-01 6.684210526315789025e+01 7.894736842105261942e+00 4.850526315789474907e+00
5.396828653591951852e-01 6.684210526315789025e+01 7.894736842105261942e+00 8.084210526315786183e+00
5.484839761686201021e-01 6.684210526315789025e+01 7.894736842105261942e+00 1.131789473684209923e+01
5.573515033752348691e-01 6.684210526315789025e+01 7.894736842105261942e+00 1.455157894736841762e+01
5.662854469790395973e-01 6.684210526315789025e+01 7.894736842105261942e+00 1.778526315789473600e+01
5.752858069800345087e-01 6.684210526315789025e+01 7.894736842105261942e+00 2.101894736842104905e+01
5.843525833782193812e-01 6.684210526315789025e+01 7.894736842105261942e+00 2.425263157894736210e+01
5.934857761735943260e-01 6.684210526315789025e+01 7.894736842105261942e+00 2.748631578947367871e+01
6.026853853661592320e-01 6.684210526315789025e+01 7.894736842105261942e+00 3.071999999999999886e+01
4.395047974091584320e-01 9.357894736842105488e+01 1.105263157894736814e+01 -3.071999999999999886e+01
4.475110341096214528e-01 9.357894736842105488e+01 1.105263157894736814e+01 -2.748631578947368226e+01
4.555836872072742127e-01 9.357894736842105488e+01 1.105263157894736814e+01 -2.425263157894736921e+01
4.637227567021171559e-01 9.357894736842105488e+01 1.105263157894736814e+01 -2.101894736842105260e+01
4.719282425941501158e-01 9.357894736842105488e+01 1.105263157894736814e+01 -1.778526315789473600e+01
4.802001448833730368e-01 9.357894736842105488e+01 1.105263157894736814e+01 -1.455157894736842117e+01
4.885384635697860300e-01 9.357894736842105488e+01 1.105263157894736814e+01 -1.131789473684210634e+01
4.969431986533891510e-01 9.357894736842105488e+01 1.105263157894736814e+01 -8.084210526315789735e+00
5.054143501341822331e-01 9.357894736842105488e+01 1.105263157894736814e+01 -4.850526315789474907e+00
5.139519180121652209e-01 9.357894736842105488e+01 1.105263157894736814e+01 -1.616842105263159413e+00
5.225559022873383919e-01 9.357894736842105488e+01 1.105263157894736814e+01 1.616842105263156082e+00
5.312263029597016351e-01 9.357894736842105488e+01 1.105263157894736814e+01 4.850526315789474907e+00
5.399631200292547284e-01 9.357894736842105488e+01 1.105263157894736814e+01 8.084210526315786183e+00
5.487663534959978939e-01 9.357894736842105488e+01 1.105263157894736814e+01 1.131789473684209923e+01
5.576360033599311317e-01 9.357894736842105488e+01 1.105263157894736814e+01 1.455157894736841762e+01
5.665720696210545526e-01 9.357894736842105488e+01 1.105263157894736814e+01 1.778526315789473600e+01
5.755745522793676017e-01 9.357894736842105488e+01 1.105263157894736814e+01 2.101894736842104905e+01
5.846434513348709450e-01 9.357894736842105488e+01 1.105263157894736814e+01 2.425263157894736210e+01
5.937787667875643605e-01 9.357894736842105488e+01 1.105263157894736814e+01 2.748631578947367871e+01
6.029804986374476261e-01 9.357894736842105488e+01 1.105263157894736814e+01 3.071999999999999886e+01
4.398194309761955245e-01 1.203157894736841627e+02 1.421052631578946723e+01 -3.071999999999999886e+01
4.478282881858436926e-01 1.203157894736841627e+02 1.421052631578946723e+01 -2.748631578947368226e+01
4.559035617926817663e-01 1.203157894736841627e+02 1.421052631578946723e+01 -2.425263157894736921e+01
4.640452517967099122e-01 1.203157894736841627e+02 1.421052631578946723e+01 -2.101894736842105260e+01
4.722533581979281858e-01 1.203157894736841627e+02 1.421052631578946723e+01 -1.778526315789473600e+01
4.805278809963364761e-01 1.203157894736841627e+02 1.421052631578946723e+01 -1.455157894736842117e+01
4.888688201919346721e-01 1.203157894736841627e+02 1.421052631578946723e+01 -1.131789473684210634e+01
4.972761757847229402e-01 1.203157894736841627e+02 1.421052631578946723e+01 -8.084210526315789735e+00
5.057499477747011696e-01 1.203157894736841627e+02 1.421052631578946723e+01 -4.850526315789474907e+00
5.142901361618696932e-01 1.203157894736841627e+02 1.421052631578946723e+01 -1.616842105263159413e+00
5.228967409462279559e-01 1.203157894736841627e+02 1.421052631578946723e+01 1.616842105263156082e+00
5.315697621277764018e-01 1.203157894736841627e+02 1.421052631578946723e+01 4.850526315789474907e+00
5.403091997065148089e-01 1.203157894736841627e+02 1.421052631578946723e+01 8.084210526315786183e+00
5.491150536824432882e-01 1.203157894736841627e+02 1.421052631578946723e+01 1.131789473684209923e+01
5.579873240555617286e-01 1.203157894736841627e+02 1.421052631578946723e+01 1.455157894736841762e+01
5.669260108258702413e-01 1.203157894736841627e+02 1.421052631578946723e+01 1.778526315789473600e+01
5.759311139933688262e-01 1.203157894736841627e+02 1.421052631578946723e+01 2.101894736842104905e+01
5.850026335580573722e-01 1.203157894736841627e+02 1.421052631578946723e+01 2.425263157894736210e+01
5.941405695199358794e-01 1.203157894736841627e+02 1.421052631578946723e+01 2.748631578947367871e+01
6.033449218790045698e-01 1.203157894736841627e+02 1.421052631578946723e+01 3.071999999999999886e+01
4.401939742573969250e-01 1.470526315789473415e+02 1.736842105263157521e+01 -3.071999999999999886e+01
4.482059498280971943e-01 1.470526315789473415e+02 1.736842105263157521e+01 -2.748631578947368226e+01
4.562843417959873693e-01 1.470526315789473415e+02 1.736842105263157521e+01 -2.425263157894736921e+01
4.644291501610676720e-01 1.470526315789473415e+02 1.736842105263157521e+01 -2.101894736842105260e+01
4.726403749233380469e-01 1.470526315789473415e+02 1.736842105263157521e+01 -1.778526315789473600e+01
4.809180160827983275e-01 1.470526315789473415e+02 1.736842105263157521e+01 -1.455157894736842117e+01
4.892620736394486802e-01 1.470526315789473415e+02 1.736842105263157521e+01 -1.131789473684210634e+01
4.976725475932891052e-01 1.470526315789473415e+02 1.736842105263157521e+01 -8.084210526315789735e+00
5.061494379443195468e-01 1.470526315789473415e+02 1.736842105263157521e+01 -4.850526315789474907e+00
5.146927446925400051e-01 1.470526315789473415e+02 1.736842105263157521e+01 -1.616842105263159413e+00
5.233024678379505357e-01 1.470526315789473415e+02 1.736842105263157521e+01 1.616842105263156082e+00
5.319786073805509163e-01 1.470526315789473415e+02 1.736842105263157521e+01 4.850526315789474907e+00
5.407211633203413692e-01 1.470526315789473415e+02 1.736842105263157521e+01 8.084210526315786183e+00
5.495301356573220053e-01 1.470526315789473415e+02 1.736842105263157521e+01 1.131789473684209923e+01
5.584055243914926026e-01 1.470526315789473415e+02 1.736842105263157521e+01 1.455157894736841762e+01
5.673473295228532720e-01 1.470526315789473415e+02 1.736842105263157521e+01 1.778526315789473600e+01
5.763555510514039026e-01 1.470526315789473415e+02 1.736842105263157521e+01 2.101894736842104905e+01
5.854301889771444944e-01 1.470526315789473415e+02 1.736842105263157521e+01 2.425263157894736210e+01
5.945712433000751584e-01 1.470526315789473415e+02 1.736842105263157521e+01 2.748631578947367871e+01
6.037787140201958946e-01 1.470526315789473415e+02 1.736842105263157521e+01 3.071999999999999886e+01
4.406284973776987690e-01 1.737894736842104919e+02 2.052631578947368141e+01 -3.071999999999999886e+01
4.486440891613179827e-01 1.737894736842104919e+02 2.052631578947368141e+01 -2.748631578947368226e+01
4.567260973421271020e-01 1.737894736842104919e+02 2.052631578947368141e+01 -2.425263157894736921e+01
4.648745219201264600e-01 1.737894736842104919e+02 2.052631578947368141e+01 -2.101894736842105260e+01
4.730893628953156682e-01 1.737894736842104919e+02 2.052631578947368141e+01 -1.778526315789473600e+01
4.813706202676949486e-01 1.737894736842104919e+02 2.052631578947368141e+01 -1.455157894736842117e+01
4.897182940372642457e-01 1.737894736842104919e+02 2.052631578947368141e+01 -1.131789473684210634e+01
4.981323842040236149e-01 1.737894736842104919e+02 2.052631578947368141e+01 -8.084210526315789735e+00
5.066128907679730009e-01 1.737894736842104919e+02 2.052631578947368141e+01 -4.850526315789474907e+00
5.151598137291123480e-01 1.737894736842104919e+02 2.052631578947368141e+01 -1.616842105263159413e+00
5.237731530874417674e-01 1.737894736842104919e+02 2.052631578947368141e+01 1.616842105263156082e+00
5.324529088429612589e-01 1.737894736842104919e+02 2.052631578947368141e+01 4.850526315789474907e+00
5.411990809956707116e-01 1.737894736842104919e+02 2.052631578947368141e+01 8.084210526315786183e+00
5.500116695455701255e-01 1.737894736842104919e+02 2.052631578947368141e+01 1.131789473684209923e+01
5.588906744926598336e-01 1.737894736842104919e+02 2.052631578947368141e+01 1.455157894736841762e+01
5.678360958369392808e-01 1.737894736842104919e+02 2.052631578947368141e+01 1.778526315789473600e+01
5.768479335784088002e-01 1.737894736842104919e+02 2.052631578947368141e+01 2.101894736842104905e+01
5.859261877170685029e-01 1.737894736842104919e+02 2.052631578947368141e+01 2.425263157894736210e+01
5.950708582529180557e-01 1.737894736842104919e+02 2.052631578947368141e+01 2.748631578947367871e+01
6.042819451859579027e-01 1.737894736842104919e+02 2.052631578947368141e+01 3.071999999999999886e+01
4.411230816576077185e-01 2.005263157894736707e+02 2.368421052631578760e+01 -3.071999999999999886e+01
4.491427875060126085e-01 2.005263157894736707e+02 2.368421052631578760e+01 -2.748631578947368226e+01
4.572289097516076262e-01 2.005263157894736707e+02 2.368421052631578760e+01 -2.425263157894736921e+01
4.653814483943926605e-01 2.005263157894736707e+02 2.368421052631578760e+01 -2.101894736842105260e+01
4.736004034343677116e-01 2.005263157894736707e+02 2.368421052631578760e+01 -1.778526315789473600e+01
4.818857748715328349e-01 2.005263157894736707e+02 2.368421052631578760e+01 -1.455157894736842117e+01
4.902375627058878638e-01 2.005263157894736707e+02 2.368421052631578760e+01 -1.131789473684210634e+01
4.986557669374329649e-01 2.005263157894736707e+02 2.368421052631578760e+01 -8.084210526315789735e+00
5.071403875661680827e-01 2.005263157894736707e+02 2.368421052631578760e+01 -4.850526315789474907e+00
5.156914245920933837e-01 2.005263157894736707e+02 2.368421052631578760e+01 -1.616842105263159413e+00
5.243088780152086459e-01 2.005263157894736707e+02 2.368421052631578760e+01 1.616842105263156082e+00
5.329927478355138692e-01 2.005263157894736707e+02 2.368421052631578760e+01 4.850526315789474907e+00
5.417430340530090538e-01 2.005263157894736707e+02 2.368421052631578760e+01 8.084210526315786183e+00
5.505597366676943105e-01 2.005263157894736707e+02 2.368421052631578760e+01 1.131789473684209923e+01
5.594428556795697505e-01 2.005263157894736707e+02 2.368421052631578760e+01 1.455157894736841762e+01
5.683923910886351516e-01 2.005263157894736707e+02 2.368421052631578760e+01 1.778526315789473600e+01
5.774083428948905139e-01 2.005263157894736707e+02 2.368421052631578760e+01 2.101894736842104905e+01
5.864907110983358374e-01 2.005263157894736707e+02 2.368421052631578760e+01 2.425263157894736210e+01
5.956394956989712330e-01 2.005263157894736707e+02 2.368421052631578760e+01 2.748631578947367871e+01
6.048546966967967009e-01 2.005263157894736707e+02 2.368421052631578760e+01 3.071999999999999886e+01
4.416778196132003509e-01 2.272631578947368496e+02 2.684210526315789380e+01 -3.071999999999999886e+01
4.497021373782579268e-01 2.272631578947368496e+02 2.684210526315789380e+01 -2.748631578947368226e+01
4.577928715405055748e-01 2.272631578947368496e+02 2.684210526315789380e+01 -2.425263157894736921e+01
4.659500220999431841e-01 2.272631578947368496e+02 2.684210526315789380e+01 -2.101894736842105260e+01
4.741735890565708655e-01 2.272631578947368496e+02 2.684210526315789380e+01 -1.778526315789473600e+01
4.824635724103886192e-01 2.272631578947368496e+02 2.684210526315789380e+01 -1.455157894736842117e+01
4.908199721613963895e-01 2.272631578947368496e+02 2.684210526315789380e+01 -1.131789473684210634e+01
4.992427883095941210e-01 2.272631578947368496e+02 2.684210526315789380e+01 -8.084210526315789735e+00
5.077320208549819247e-01 2.272631578947368496e+02 2.684210526315789380e+01 -4.850526315789474907e+00
5.162876697975596896e-01 2.272631578947368496e+02 2.684210526315789380e+01 -1.616842105263159413e+00
5.249097351373275266e-01 2.272631578947368496e+02 2.684210526315789380e+01 1.616842105263156082e+00
5.335982168742855469e-01 2.272631578947368496e+02 2.684210526315789380e+01 4.850526315789474907e+00
5.423531150084334174e-01 2.272631578947368496e+02 2.684210526315789380e+01 8.084210526315786183e+00
5.511744295397712490e-01 2.272631578947368496e+02 2.684210526315789380e+01 1.131789473684209923e+01
5.600621604682992638e-01 2.272631578947368496e+02 2.684210526315789380e+01 1.455157894736841762e+01
5.690163077940172398e-01 2.272631578947368496e+02 2.684210526315789380e+01 1.778526315789473600e+01
5.780368715169252880e-01 2.272631578947368496e+02 2.684210526315789380e+01 2.101894736842104905e+01
5.871238516370232974e-01 2.272631578947368496e+02 2.684210526315789380e+01 2.425263157894736210e+01
5.962772481543113789e-01 2.272631578947368496e+02 2.684210526315789380e+01 2.748631578947367871e+01
6.054970610687896437e-01 2.272631578947368496e+02 2.684210526315789380e+01 3.071999999999999886e+01
4.422928149561237698e-01 2.540000000000000000e+02 3.000000000000000000e+01 -3.071999999999999886e+01
4.503222424897008191e-01 2.540000000000000000e+02 3.000000000000000000e+01 -2.748631578947368226e+01
4.584180864204679406e-01 2.540000000000000000e+02 3.000000000000000000e+01 -2.425263157894736921e+01
4.665803467484250233e-01 2.540000000000000000e+02 3.000000000000000000e+01 -2.101894736842105260e+01
4.748090234735723447e-01 2.540000000000000000e+02 3.000000000000000000e+01 -1.778526315789473600e+01
4.831041165959094608e-01 2.540000000000000000e+02 3.000000000000000000e+01 -1.455157894736842117e+01
4.914656261154367045e-01 2.540000000000000000e+02 3.000000000000000000e+01 -1.131789473684210634e+01
4.998935520321539094e-01 2.540000000000000000e+02 3.000000000000000000e+01 -8.084210526315789735e+00
5.083878943460611310e-01 2.540000000000000000e+02 3.000000000000000000e+01 -4.850526315789474907e+00
5.169486530571586469e-01 2.540000000000000000e+02 3.000000000000000000e+01 -1.616842105263159413e+00
5.255758281654459019e-01 2.540000000000000000e+02 3.000000000000000000e+01 1.616842105263156082e+00
5.342694196709232290e-01 2.540000000000000000e+02 3.000000000000000000e+01 4.850526315789474907e+00
5.430294275735906284e-01 2.540000000000000000e+02 3.000000000000000000e+01 8.084210526315786183e+00
5.518558518734481000e-01 2.540000000000000000e+02 3.000000000000000000e+01 1.131789473684209923e+01
5.607486925704954217e-01 2.540000000000000000e+02 3.000000000000000000e+01 1.455157894736841762e+01
5.697079496647329266e-01 2.540000000000000000e+02 3.000000000000000000e+01 1.778526315789473600e+01
5.787336231561605038e-01 2.540000000000000000e+02 3.000000000000000000e+01 2.101894736842104905e+01
5.878257130447780421e-01 2.540000000000000000e+02 3.000000000000000000e+01 2.425263157894736210e+01
5.969842193305855416e-01 2.540000000000000000e+02 3.000000000000000000e+01 2.748631578947367871e+01
6.062091420135832243e-01 2.540000000000000000e+02 3.000000000000000000e+01 3.071999999999999886e+01
