# Trace file for OSIRIS LSS R2500I mode
#
 wavelength               xi                        x                         y
# um                       arcsec                    mm                        mm
7.301457970778554296e-01 -2.540000000000000000e+02 -3.000000000000000000e+01 -3.071999999999999886e+01
7.441716749078393089e-01 -2.540000000000000000e+02 -3.000000000000000000e+01 -2.748631578947368226e+01
7.583004953650106517e-01 -2.540000000000000000e+02 -3.000000000000000000e+01 -2.425263157894736921e+01
7.725322584493696798e-01 -2.540000000000000000e+02 -3.000000000000000000e+01 -2.101894736842105260e+01
7.868669641609161713e-01 -2.540000000000000000e+02 -3.000000000000000000e+01 -1.778526315789473600e+01
8.013046124996502373e-01 -2.540000000000000000e+02 -3.000000000000000000e+01 -1.455157894736842117e+01
8.158452034655720997e-01 -2.540000000000000000e+02 -3.000000000000000000e+01 -1.131789473684210634e+01
8.304887370586812034e-01 -2.540000000000000000e+02 -3.000000000000000000e+01 -8.084210526315789735e+00
8.452352132789782146e-01 -2.540000000000000000e+02 -3.000000000000000000e+01 -4.850526315789474907e+00
8.600846321264628003e-01 -2.540000000000000000e+02 -3.000000000000000000e+01 -1.616842105263159413e+00
8.750369936011348493e-01 -2.540000000000000000e+02 -3.000000000000000000e+01 1.616842105263156082e+00
8.900922977029944727e-01 -2.540000000000000000e+02 -3.000000000000000000e+01 4.850526315789474907e+00
9.052505444320417816e-01 -2.540000000000000000e+02 -3.000000000000000000e+01 8.084210526315786183e+00
9.205117337882766648e-01 -2.540000000000000000e+02 -3.000000000000000000e+01 1.131789473684209923e+01
9.358758657716990115e-01 -2.540000000000000000e+02 -3.000000000000000000e+01 1.455157894736841762e+01
9.513429403823091546e-01 -2.540000000000000000e+02 -3.000000000000000000e+01 1.778526315789473600e+01
9.669129576201065390e-01 -2.540000000000000000e+02 -3.000000000000000000e+01 2.101894736842104905e+01
9.825859174850919420e-01 -2.540000000000000000e+02 -3.000000000000000000e+01 2.425263157894736210e+01
9.983618199772648083e-01 -2.540000000000000000e+02 -3.000000000000000000e+01 2.748631578947367871e+01
1.014240665096625138e+00 -2.540000000000000000e+02 -3.000000000000000000e+01 3.071999999999999886e+01
7.294709678098248995e-01 -2.272631578947368496e+02 -2.684210526315789380e+01 -3.071999999999999886e+01
7.434918736176927556e-01 -2.272631578947368496e+02 -2.684210526315789380e+01 -2.748631578947368226e+01
7.576157220527481861e-01 -2.272631578947368496e+02 -2.684210526315789380e+01 -2.425263157894736921e+01
7.718425131149911911e-01 -2.272631578947368496e+02 -2.684210526315789380e+01 -2.101894736842105260e+01
7.861722468044217704e-01 -2.272631578947368496e+02 -2.684210526315789380e+01 -1.778526315789473600e+01
8.006049231210401462e-01 -2.272631578947368496e+02 -2.684210526315789380e+01 -1.455157894736842117e+01
8.151405420648458744e-01 -2.272631578947368496e+02 -2.684210526315789380e+01 -1.131789473684210634e+01
8.297791036358395100e-01 -2.272631578947368496e+02 -2.684210526315789380e+01 -8.084210526315789735e+00
8.445206078340201650e-01 -2.272631578947368496e+02 -2.684210526315789380e+01 -4.850526315789474907e+00
8.593650546593888384e-01 -2.272631578947368496e+02 -2.684210526315789380e+01 -1.616842105263159413e+00
8.743124441119451973e-01 -2.272631578947368496e+02 -2.684210526315789380e+01 1.616842105263156082e+00
8.893627761916889085e-01 -2.272631578947368496e+02 -2.684210526315789380e+01 4.850526315789474907e+00
9.045160508986203052e-01 -2.272631578947368496e+02 -2.684210526315789380e+01 8.084210526315786183e+00
9.197722682327390542e-01 -2.272631578947368496e+02 -2.684210526315789380e+01 1.131789473684209923e+01
9.351314281940457107e-01 -2.272631578947368496e+02 -2.684210526315789380e+01 1.455157894736841762e+01
9.505935307825399416e-01 -2.272631578947368496e+02 -2.684210526315789380e+01 1.778526315789473600e+01
9.661585759982216359e-01 -2.272631578947368496e+02 -2.684210526315789380e+01 2.101894736842104905e+01
9.818265638410906826e-01 -2.272631578947368496e+02 -2.684210526315789380e+01 2.425263157894736210e+01
9.975974943111476367e-01 -2.272631578947368496e+02 -2.684210526315789380e+01 2.748631578947367871e+01
1.013471367408392165e+00 -2.272631578947368496e+02 -2.684210526315789380e+01 3.071999999999999886e+01
7.288918374565923619e-01 -2.005263157894736992e+02 -2.368421052631579116e+01 -3.071999999999999886e+01
7.429084749235020935e-01 -2.005263157894736992e+02 -2.368421052631579116e+01 -2.748631578947368226e+01
7.570280550175993994e-01 -2.005263157894736992e+02 -2.368421052631579116e+01 -2.425263157894736921e+01
7.712505777388843908e-01 -2.005263157894736992e+02 -2.368421052631579116e+01 -2.101894736842105260e+01
7.855760430873569566e-01 -2.005263157894736992e+02 -2.368421052631579116e+01 -1.778526315789473600e+01
8.000044510630172079e-01 -2.005263157894736992e+02 -2.368421052631579116e+01 -1.455157894736842117e+01
8.145358016658649225e-01 -2.005263157894736992e+02 -2.368421052631579116e+01 -1.131789473684210634e+01
8.291700948959002115e-01 -2.005263157894736992e+02 -2.368421052631579116e+01 -8.084210526315789735e+00
8.439073307531231860e-01 -2.005263157894736992e+02 -2.368421052631579116e+01 -4.850526315789474907e+00
8.587475092375336239e-01 -2.005263157894736992e+02 -2.368421052631579116e+01 -1.616842105263159413e+00
8.736906303491318582e-01 -2.005263157894736992e+02 -2.368421052631579116e+01 1.616842105263156082e+00
8.887366940879174448e-01 -2.005263157894736992e+02 -2.368421052631579116e+01 4.850526315789474907e+00
9.038857004538906059e-01 -2.005263157894736992e+02 -2.368421052631579116e+01 8.084210526315786183e+00
9.191376494470514524e-01 -2.005263157894736992e+02 -2.368421052631579116e+01 1.131789473684209923e+01
9.344925410673999844e-01 -2.005263157894736992e+02 -2.368421052631579116e+01 1.455157894736841762e+01
9.499503753149360907e-01 -2.005263157894736992e+02 -2.368421052631579116e+01 1.778526315789473600e+01
9.655111521896597715e-01 -2.005263157894736992e+02 -2.368421052631579116e+01 2.101894736842104905e+01
9.811748716915709156e-01 -2.005263157894736992e+02 -2.368421052631579116e+01 2.425263157894736210e+01
9.969415338206696342e-01 -2.005263157894736992e+02 -2.368421052631579116e+01 2.748631578947367871e+01
1.012811138576956260e+00 -2.005263157894736992e+02 -2.368421052631579116e+01 3.071999999999999886e+01
7.284083184873305639e-01 -1.737894736842105203e+02 -2.052631578947368496e+01 -3.071999999999999886e+01
7.424213912944399585e-01 -1.737894736842105203e+02 -2.052631578947368496e+01 -2.748631578947368226e+01
7.565374067287371496e-01 -1.737894736842105203e+02 -2.052631578947368496e+01 -2.425263157894736921e+01
7.707563647902219151e-01 -1.737894736842105203e+02 -2.052631578947368496e+01 -2.101894736842105260e+01
7.850782654788941439e-01 -1.737894736842105203e+02 -2.052631578947368496e+01 -1.778526315789473600e+01
7.995031087947541693e-01 -1.737894736842105203e+02 -2.052631578947368496e+01 -1.455157894736842117e+01
8.140308947378015469e-01 -1.737894736842105203e+02 -2.052631578947368496e+01 -1.131789473684210634e+01
8.286616233080366101e-01 -1.737894736842105203e+02 -2.052631578947368496e+01 -8.084210526315789735e+00
8.433952945054592476e-01 -1.737894736842105203e+02 -2.052631578947368496e+01 -4.850526315789474907e+00
8.582319083300694595e-01 -1.737894736842105203e+02 -2.052631578947368496e+01 -1.616842105263159413e+00
8.731714647818673569e-01 -1.737894736842105203e+02 -2.052631578947368496e+01 1.616842105263156082e+00
8.882139638608527177e-01 -1.737894736842105203e+02 -2.052631578947368496e+01 4.850526315789474907e+00
9.033594055670259859e-01 -1.737894736842105203e+02 -2.052631578947368496e+01 8.084210526315786183e+00
9.186077899003866065e-01 -1.737894736842105203e+02 -2.052631578947368496e+01 1.131789473684209923e+01
9.339591168609346905e-01 -1.737894736842105203e+02 -2.052631578947368496e+01 1.455157894736841762e+01
9.494133864486704599e-01 -1.737894736842105203e+02 -2.052631578947368496e+01 1.778526315789473600e+01
9.649705986635938038e-01 -1.737894736842105203e+02 -2.052631578947368496e+01 2.101894736842104905e+01
9.806307535057049440e-01 -1.737894736842105203e+02 -2.052631578947368496e+01 2.425263157894736210e+01
9.963938509750034367e-01 -1.737894736842105203e+02 -2.052631578947368496e+01 2.748631578947367871e+01
1.012259891071489504e+00 -1.737894736842105203e+02 -2.052631578947368496e+01 3.071999999999999886e+01
7.280203378015950300e-01 -1.470526315789473983e+02 -1.736842105263158231e+01 -3.071999999999999886e+01
7.420305496300620973e-01 -1.470526315789473983e+02 -1.736842105263158231e+01 -2.748631578947368226e+01
7.561437040857168501e-01 -1.470526315789473983e+02 -1.736842105263158231e+01 -2.425263157894736921e+01
7.703598011685590663e-01 -1.470526315789473983e+02 -1.736842105263158231e+01 -2.101894736842105260e+01
7.846788408785889679e-01 -1.470526315789473983e+02 -1.736842105263158231e+01 -1.778526315789473600e+01
7.991008232158063329e-01 -1.470526315789473983e+02 -1.736842105263158231e+01 -1.455157894736842117e+01
8.136257481802113833e-01 -1.470526315789473983e+02 -1.736842105263158231e+01 -1.131789473684210634e+01
8.282536157718041192e-01 -1.470526315789473983e+02 -1.736842105263158231e+01 -8.084210526315789735e+00
8.429844259905844295e-01 -1.470526315789473983e+02 -1.736842105263158231e+01 -4.850526315789474907e+00
8.578181788365522031e-01 -1.470526315789473983e+02 -1.736842105263158231e+01 -1.616842105263159413e+00
8.727548743097075512e-01 -1.470526315789473983e+02 -1.736842105263158231e+01 1.616842105263156082e+00
8.877945124100506957e-01 -1.470526315789473983e+02 -1.736842105263158231e+01 4.850526315789474907e+00
9.029370931375811926e-01 -1.470526315789473983e+02 -1.736842105263158231e+01 8.084210526315786183e+00
9.181826164922992639e-01 -1.470526315789473983e+02 -1.736842105263158231e+01 1.131789473684209923e+01
9.335310824742050206e-01 -1.470526315789473983e+02 -1.736842105263158231e+01 1.455157894736841762e+01
9.489824910832984628e-01 -1.470526315789473983e+02 -1.736842105263158231e+01 1.778526315789473600e+01
9.645368423195794794e-01 -1.470526315789473983e+02 -1.736842105263158231e+01 2.101894736842104905e+01
9.801941361830480703e-01 -1.470526315789473983e+02 -1.736842105263158231e+01 2.425263157894736210e+01
9.959543726737040137e-01 -1.470526315789473983e+02 -1.736842105263158231e+01 2.748631578947367871e+01
1.011817551791547976e+00 -1.470526315789473983e+02 -1.736842105263158231e+01 3.071999999999999886e+01
7.277278367293240624e-01 -1.203157894736842195e+02 -1.421052631578947434e+01 -3.071999999999999886e+01
7.417358912603064791e-01 -1.203157894736842195e+02 -1.421052631578947434e+01 -2.748631578947368226e+01
7.558468884184766923e-01 -1.203157894736842195e+02 -1.421052631578947434e+01 -2.425263157894736921e+01
7.700608282038342578e-01 -1.203157894736842195e+02 -1.421052631578947434e+01 -2.101894736842105260e+01
7.843777106163795088e-01 -1.203157894736842195e+02 -1.421052631578947434e+01 -1.778526315789473600e+01
7.987975356561124451e-01 -1.203157894736842195e+02 -1.421052631578947434e+01 -1.455157894736842117e+01
8.133203033230328449e-01 -1.203157894736842195e+02 -1.421052631578947434e+01 -1.131789473684210634e+01
8.279460136171409301e-01 -1.203157894736842195e+02 -1.421052631578947434e+01 -8.084210526315789735e+00
8.426746665384365897e-01 -1.203157894736842195e+02 -1.421052631578947434e+01 -4.850526315789474907e+00
8.575062620869198238e-01 -1.203157894736842195e+02 -1.421052631578947434e+01 -1.616842105263159413e+00
8.724408002625905212e-01 -1.203157894736842195e+02 -1.421052631578947434e+01 1.616842105263156082e+00
8.874782810654490151e-01 -1.203157894736842195e+02 -1.421052631578947434e+01 4.850526315789474907e+00
9.026187044954949723e-01 -1.203157894736842195e+02 -1.421052631578947434e+01 8.084210526315786183e+00
9.178620705527285040e-01 -1.203157894736842195e+02 -1.421052631578947434e+01 1.131789473684209923e+01
9.332083792371497211e-01 -1.203157894736842195e+02 -1.421052631578947434e+01 1.455157894736841762e+01
9.486576305487586236e-01 -1.203157894736842195e+02 -1.421052631578947434e+01 1.778526315789473600e+01
9.642098244875547675e-01 -1.203157894736842195e+02 -1.421052631578947434e+01 2.101894736842104905e+01
9.798649610535388188e-01 -1.203157894736842195e+02 -1.421052631578947434e+01 2.425263157894736210e+01
9.956230402467103335e-01 -1.203157894736842195e+02 -1.421052631578947434e+01 2.748631578947367871e+01
1.011484062067069534e+00 -1.203157894736842195e+02 -1.421052631578947434e+01 3.071999999999999886e+01
7.275307710308386300e-01 -9.357894736842105488e+01 -1.105263157894736814e+01 -3.071999999999999886e+01
7.415373719454944057e-01 -9.357894736842105488e+01 -1.105263157894736814e+01 -2.748631578947368226e+01
7.556469154873377558e-01 -9.357894736842105488e+01 -1.105263157894736814e+01 -2.425263157894736921e+01
7.698594016563685694e-01 -9.357894736842105488e+01 -1.105263157894736814e+01 -2.101894736842105260e+01
7.841748304525871793e-01 -9.357894736842105488e+01 -1.105263157894736814e+01 -1.778526315789473600e+01
7.985932018759931417e-01 -9.357894736842105488e+01 -1.105263157894736814e+01 -1.455157894736842117e+01
8.131145159265869005e-01 -9.357894736842105488e+01 -1.105263157894736814e+01 -1.131789473684210634e+01
8.277387726043680116e-01 -9.357894736842105488e+01 -1.105263157894736814e+01 -8.084210526315789735e+00
8.424659719093370303e-01 -9.357894736842105488e+01 -1.105263157894736814e+01 -4.850526315789474907e+00
8.572961138414934013e-01 -9.357894736842105488e+01 -1.105263157894736814e+01 -1.616842105263159413e+00
8.722291984008374577e-01 -9.357894736842105488e+01 -1.105263157894736814e+01 1.616842105263156082e+00
8.872652255873690885e-01 -9.357894736842105488e+01 -1.105263157894736814e+01 4.850526315789474907e+00
9.024041954010881827e-01 -9.357894736842105488e+01 -1.105263157894736814e+01 8.084210526315786183e+00
9.176461078419950734e-01 -9.357894736842105488e+01 -1.105263157894736814e+01 1.131789473684209923e+01
9.329909629100895385e-01 -9.357894736842105488e+01 -1.105263157894736814e+01 1.455157894736841762e+01
9.484387606053715780e-01 -9.357894736842105488e+01 -1.105263157894736814e+01 1.778526315789473600e+01
9.639895009278409699e-01 -9.357894736842105488e+01 -1.105263157894736814e+01 2.101894736842104905e+01
9.796431838774981582e-01 -9.357894736842105488e+01 -1.105263157894736814e+01 2.425263157894736210e+01
9.953998094543429209e-01 -9.357894736842105488e+01 -1.105263157894736814e+01 2.748631578947367871e+01
1.011259377658375369e+00 -9.357894736842105488e+01 -1.105263157894736814e+01 3.071999999999999886e+01
7.274291108968428121e-01 -6.684210526315791867e+01 -7.894736842105265495e+00 -3.071999999999999886e+01
7.414349618763296235e-01 -6.684210526315791867e+01 -7.894736842105265495e+00 -2.748631578947368226e+01
7.555437554830038982e-01 -6.684210526315791867e+01 -7.894736842105265495e+00 -2.425263157894736921e+01
7.697554917168659694e-01 -6.684210526315791867e+01 -7.894736842105265495e+00 -2.101894736842105260e+01
7.840701705779153929e-01 -6.684210526315791867e+01 -7.894736842105265495e+00 -1.778526315789473600e+01
7.984877920661526129e-01 -6.684210526315791867e+01 -7.894736842105265495e+00 -1.455157894736842117e+01
8.130083561815772963e-01 -6.684210526315791867e+01 -7.894736842105265495e+00 -1.131789473684210634e+01
8.276318629241896652e-01 -6.684210526315791867e+01 -7.894736842105265495e+00 -8.084210526315789735e+00
8.423583122939893864e-01 -6.684210526315791867e+01 -7.894736842105265495e+00 -4.850526315789474907e+00
8.571877042909770150e-01 -6.684210526315791867e+01 -7.894736842105265495e+00 -1.616842105263159413e+00
8.721200389151519961e-01 -6.684210526315791867e+01 -7.894736842105265495e+00 1.616842105263156082e+00
8.871553161665147735e-01 -6.684210526315791867e+01 -7.894736842105265495e+00 4.850526315789474907e+00
9.022935360450651254e-01 -6.684210526315791867e+01 -7.894736842105265495e+00 8.084210526315786183e+00
9.175346985508028297e-01 -6.684210526315791867e+01 -7.894736842105265495e+00 1.131789473684209923e+01
9.328788036837283304e-01 -6.684210526315791867e+01 -7.894736842105265495e+00 1.455157894736841762e+01
9.483258514438412945e-01 -6.684210526315791867e+01 -7.894736842105265495e+00 1.778526315789473600e+01
9.638758418311418330e-01 -6.684210526315791867e+01 -7.894736842105265495e+00 2.101894736842104905e+01
9.795287748456300569e-01 -6.684210526315791867e+01 -7.894736842105265495e+00 2.425263157894736210e+01
9.952846504873058553e-01 -6.684210526315791867e+01 -7.894736842105265495e+00 2.748631578947367871e+01
1.011143468756169339e+00 -6.684210526315791867e+01 -7.894736842105265495e+00 3.071999999999999886e+01
7.274228409484231328e-01 -4.010526315789475404e+01 -4.736842105263159297e+00 -3.071999999999999886e+01
7.414286456738987674e-01 -4.010526315789475404e+01 -4.736842105263159297e+00 -2.748631578947368226e+01
7.555373930265618654e-01 -4.010526315789475404e+01 -4.736842105263159297e+00 -2.425263157894736921e+01
7.697490830064127598e-01 -4.010526315789475404e+01 -4.736842105263159297e+00 -2.101894736842105260e+01
7.840637156134511176e-01 -4.010526315789475404e+01 -4.736842105263159297e+00 -1.778526315789473600e+01
7.984812908476771609e-01 -4.010526315789475404e+01 -4.736842105263159297e+00 -1.455157894736842117e+01
8.130018087090907786e-01 -4.010526315789475404e+01 -4.736842105263159297e+00 -1.131789473684210634e+01
8.276252691976917486e-01 -4.010526315789475404e+01 -4.736842105263159297e+00 -8.084210526315789735e+00
8.423516723134806261e-01 -4.010526315789475404e+01 -4.736842105263159297e+00 -4.850526315789474907e+00
8.571810180564569670e-01 -4.010526315789475404e+01 -4.736842105263159297e+00 -1.616842105263159413e+00
8.721133064266211044e-01 -4.010526315789475404e+01 -4.736842105263159297e+00 1.616842105263156082e+00
8.871485374239727051e-01 -4.010526315789475404e+01 -4.736842105263159297e+00 4.850526315789474907e+00
9.022867110485115472e-01 -4.010526315789475404e+01 -4.736842105263159297e+00 8.084210526315786183e+00
9.175278273002382967e-01 -4.010526315789475404e+01 -4.736842105263159297e+00 1.131789473684209923e+01
9.328718861791527317e-01 -4.010526315789475404e+01 -4.736842105263159297e+00 1.455157894736841762e+01
9.483188876852546301e-01 -4.010526315789475404e+01 -4.736842105263159297e+00 1.778526315789473600e+01
9.638688318185441029e-01 -4.010526315789475404e+01 -4.736842105263159297e+00 2.101894736842104905e+01
9.795217185790210390e-01 -4.010526315789475404e+01 -4.736842105263159297e+00 2.425263157894736210e+01
9.952775479666857716e-01 -4.010526315789475404e+01 -4.736842105263159297e+00 2.748631578947367871e+01
1.011136319981537968e+00 -4.010526315789475404e+01 -4.736842105263159297e+00 3.071999999999999886e+01
7.275119602370488936e-01 -1.336842105263158409e+01 -1.578947368421053099e+00 -3.071999999999999886e+01
7.415184223896712501e-01 -1.336842105263158409e+01 -1.578947368421053099e+00 -2.748631578947368226e+01
7.556278271694811810e-01 -1.336842105263158409e+01 -1.578947368421053099e+00 -2.425263157894736921e+01
7.698401745764786863e-01 -1.336842105263158409e+01 -1.578947368421053099e+00 -2.101894736842105260e+01
7.841554646106637660e-01 -1.336842105263158409e+01 -1.578947368421053099e+00 -1.778526315789473600e+01
7.985736972720364202e-01 -1.336842105263158409e+01 -1.578947368421053099e+00 -1.455157894736842117e+01
8.130948725605966487e-01 -1.336842105263158409e+01 -1.578947368421053099e+00 -1.131789473684210634e+01
8.277189904763445627e-01 -1.336842105263158409e+01 -1.578947368421053099e+00 -8.084210526315789735e+00
8.424460510192801621e-01 -1.336842105263158409e+01 -1.578947368421053099e+00 -4.850526315789474907e+00
8.572760541894031139e-01 -1.336842105263158409e+01 -1.578947368421053099e+00 -1.616842105263159413e+00
8.722089999867137511e-01 -1.336842105263158409e+01 -1.578947368421053099e+00 1.616842105263156082e+00
8.872448884112120737e-01 -1.336842105263158409e+01 -1.578947368421053099e+00 4.850526315789474907e+00
9.023837194628977487e-01 -1.336842105263158409e+01 -1.578947368421053099e+00 8.084210526315786183e+00
9.176254931417712202e-01 -1.336842105263158409e+01 -1.578947368421053099e+00 1.131789473684209923e+01
9.329702094478323771e-01 -1.336842105263158409e+01 -1.578947368421053099e+00 1.455157894736841762e+01
9.484178683810807753e-01 -1.336842105263158409e+01 -1.578947368421053099e+00 1.778526315789473600e+01
9.639684699415169700e-01 -1.336842105263158409e+01 -1.578947368421053099e+00 2.101894736842104905e+01
9.796220141291407391e-01 -1.336842105263158409e+01 -1.578947368421053099e+00 2.425263157894736210e+01
9.953785009439520826e-01 -1.336842105263158409e+01 -1.578947368421053099e+00 2.748631578947367871e+01
1.011237930385951334e+00 -1.336842105263158409e+01 -1.578947368421053099e+00 3.071999999999999886e+01
7.276964822445725067e-01 1.336842105263155567e+01 1.578947368421049768e+00 -3.071999999999999886e+01
7.417043055054992617e-01 1.336842105263155567e+01 1.578947368421049768e+00 -2.748631578947368226e+01
7.558150713936138132e-01 1.336842105263155567e+01 1.578947368421049768e+00 -2.425263157894736921e+01
7.700287799089158280e-01 1.336842105263155567e+01 1.578947368421049768e+00 -2.101894736842105260e+01
7.843454310514054173e-01 1.336842105263155567e+01 1.578947368421049768e+00 -1.778526315789473600e+01
7.987650248210826920e-01 1.336842105263155567e+01 1.578947368421049768e+00 -1.455157894736842117e+01
8.132875612179474301e-01 1.336842105263155567e+01 1.578947368421049768e+00 -1.131789473684210634e+01
8.279130402419998536e-01 1.336842105263155567e+01 1.578947368421049768e+00 -8.084210526315789735e+00
8.426414618932398515e-01 1.336842105263155567e+01 1.578947368421049768e+00 -4.850526315789474907e+00
8.574728261716675348e-01 1.336842105263155567e+01 1.578947368421049768e+00 -1.616842105263159413e+00
8.724071330772825705e-01 1.336842105263155567e+01 1.578947368421049768e+00 1.616842105263156082e+00
8.874443826100852917e-01 1.336842105263155567e+01 1.578947368421049768e+00 4.850526315789474907e+00
9.025845747700755872e-01 1.336842105263155567e+01 1.578947368421049768e+00 8.084210526315786183e+00
9.178277095572534572e-01 1.336842105263155567e+01 1.578947368421049768e+00 1.131789473684209923e+01
9.331737869716190126e-01 1.336842105263155567e+01 1.578947368421049768e+00 1.455157894736841762e+01
9.486228070131721424e-01 1.336842105263155567e+01 1.578947368421049768e+00 1.778526315789473600e+01
9.641747696819129576e-01 1.336842105263155567e+01 1.578947368421049768e+00 2.101894736842104905e+01
9.798296749778412362e-01 1.336842105263155567e+01 1.578947368421049768e+00 2.425263157894736210e+01
9.955875229009569782e-01 1.336842105263155567e+01 1.578947368421049768e+00 2.748631578947367871e+01
1.011448313451260628e+00 1.336842105263155567e+01 1.578947368421049768e+00 3.071999999999999886e+01
7.279764348832289400e-01 4.010526315789472562e+01 4.736842105263155744e+00 -3.071999999999999886e+01
7.419863229336181032e-01 4.010526315789472562e+01 4.736842105263155744e+00 -2.748631578947368226e+01
7.560991536111948408e-01 4.010526315789472562e+01 4.736842105263155744e+00 -2.425263157894736921e+01
7.703149269159592638e-01 4.010526315789472562e+01 4.736842105263155744e+00 -2.101894736842105260e+01
7.846336428479111502e-01 4.010526315789472562e+01 4.736842105263155744e+00 -1.778526315789473600e+01
7.990553014070508331e-01 4.010526315789472562e+01 4.736842105263155744e+00 -1.455157894736842117e+01
8.135799025933778683e-01 4.010526315789472562e+01 4.736842105263155744e+00 -1.131789473684210634e+01
8.282074464068927000e-01 4.010526315789472562e+01 4.736842105263155744e+00 -8.084210526315789735e+00
8.429379328475948840e-01 4.010526315789472562e+01 4.736842105263155744e+00 -4.850526315789474907e+00
8.577713619154849756e-01 4.010526315789472562e+01 4.736842105263155744e+00 -1.616842105263159413e+00
8.727077336105624195e-01 4.010526315789472562e+01 4.736842105263155744e+00 1.616842105263156082e+00
8.877470479328276598e-01 4.010526315789472562e+01 4.736842105263155744e+00 4.850526315789474907e+00
9.028893048822802525e-01 4.010526315789472562e+01 4.736842105263155744e+00 8.084210526315786183e+00
9.181345044589205306e-01 4.010526315789472562e+01 4.736842105263155744e+00 1.131789473684209923e+01
9.334826466627482722e-01 4.010526315789472562e+01 4.736842105263155744e+00 1.455157894736841762e+01
9.489337314937639212e-01 4.010526315789472562e+01 4.736842105263155744e+00 1.778526315789473600e+01
9.644877589519669225e-01 4.010526315789472562e+01 4.736842105263155744e+00 2.101894736842104905e+01
9.801447290373573873e-01 4.010526315789472562e+01 4.736842105263155744e+00 2.425263157894736210e+01
9.959046417499356485e-01 4.010526315789472562e+01 4.736842105263155744e+00 2.748631578947367871e+01
1.011767497089701484e+00 4.010526315789472562e+01 4.736842105263155744e+00 3.071999999999999886e+01
7.283518604956359388e-01 6.684210526315789025e+01 7.894736842105261942e+00 -3.071999999999999886e+01
7.423645170166451868e-01 6.684210526315789025e+01 7.894736842105261942e+00 -2.748631578947368226e+01
7.564801161648422312e-01 6.684210526315789025e+01 7.894736842105261942e+00 -2.425263157894736921e+01
7.706986579402267390e-01 6.684210526315789025e+01 7.894736842105261942e+00 -2.101894736842105260e+01
7.850201423427989322e-01 6.684210526315789025e+01 7.894736842105261942e+00 -1.778526315789473600e+01
7.994445693725586999e-01 6.684210526315789025e+01 7.894736842105261942e+00 -1.455157894736842117e+01
8.139719390295059309e-01 6.684210526315789025e+01 7.894736842105261942e+00 -1.131789473684210634e+01
8.286022513136408474e-01 6.684210526315789025e+01 7.894736842105261942e+00 -8.084210526315789735e+00
8.433355062249633383e-01 6.684210526315789025e+01 7.894736842105261942e+00 -4.850526315789474907e+00
8.581717037634735146e-01 6.684210526315789025e+01 7.894736842105261942e+00 -1.616842105263159413e+00
8.731108439291711543e-01 6.684210526315789025e+01 7.894736842105261942e+00 1.616842105263156082e+00
8.881529267220565904e-01 6.684210526315789025e+01 7.894736842105261942e+00 4.850526315789474907e+00
9.032979521421292679e-01 6.684210526315789025e+01 7.894736842105261942e+00 8.084210526315786183e+00
9.185459201893897419e-01 6.684210526315789025e+01 7.894736842105261942e+00 1.131789473684209923e+01
9.338968308638377902e-01 6.684210526315789025e+01 7.894736842105261942e+00 1.455157894736841762e+01
9.493506841654735240e-01 6.684210526315789025e+01 7.894736842105261942e+00 1.778526315789473600e+01
9.649074800942964991e-01 6.684210526315789025e+01 7.894736842105261942e+00 2.101894736842104905e+01
9.805672186503072707e-01 6.684210526315789025e+01 7.894736842105261942e+00 2.425263157894736210e+01
9.963298998335058387e-01 6.684210526315789025e+01 7.894736842105261942e+00 2.748631578947367871e+01
1.012195523643891981e+00 6.684210526315789025e+01 7.894736842105261942e+00 3.071999999999999886e+01
7.288228158547941371e-01 9.357894736842105488e+01 1.105263157894736814e+01 -3.071999999999999886e+01
7.428389445275814795e-01 9.357894736842105488e+01 1.105263157894736814e+01 -2.748631578947368226e+01
7.569580158275563964e-01 9.357894736842105488e+01 1.105263157894736814e+01 -2.425263157894736921e+01
7.711800297547189986e-01 9.357894736842105488e+01 1.105263157894736814e+01 -2.101894736842105260e+01
7.855049863090690643e-01 9.357894736842105488e+01 1.105263157894736814e+01 -1.778526315789473600e+01
7.999328854906067043e-01 9.357894736842105488e+01 1.105263157894736814e+01 -1.455157894736842117e+01
8.144637272993321409e-01 9.357894736842105488e+01 1.105263157894736814e+01 -1.131789473684210634e+01
8.290975117352449297e-01 9.357894736842105488e+01 1.105263157894736814e+01 -8.084210526315789735e+00
8.438342387983456261e-01 9.357894736842105488e+01 1.105263157894736814e+01 -4.850526315789474907e+00
8.586739084886334528e-01 9.357894736842105488e+01 1.105263157894736814e+01 -1.616842105263159413e+00
8.736165208061091869e-01 9.357894736842105488e+01 1.105263157894736814e+01 1.616842105263156082e+00
8.886620757507724955e-01 9.357894736842105488e+01 1.105263157894736814e+01 4.850526315789474907e+00
9.038105733226233784e-01 9.357894736842105488e+01 1.105263157894736814e+01 8.084210526315786183e+00
9.190620135216619468e-01 9.357894736842105488e+01 1.105263157894736814e+01 1.131789473684209923e+01
9.344163963478877566e-01 9.357894736842105488e+01 1.105263157894736814e+01 1.455157894736841762e+01
9.498737218013013628e-01 9.357894736842105488e+01 1.105263157894736814e+01 1.778526315789473600e+01
9.654339898819026544e-01 9.357894736842105488e+01 1.105263157894736814e+01 2.101894736842104905e+01
9.810972005896915205e-01 9.357894736842105488e+01 1.105263157894736814e+01 2.425263157894736210e+01
9.968633539246679609e-01 9.357894736842105488e+01 1.105263157894736814e+01 2.748631578947367871e+01
1.012732449886831976e+00 9.357894736842105488e+01 1.105263157894736814e+01 3.071999999999999886e+01
7.293893721640868355e-01 1.203157894736841627e+02 1.421052631578946723e+01 -3.071999999999999886e+01
7.434096766698099490e-01 1.203157894736841627e+02 1.421052631578946723e+01 -2.748631578947368226e+01
7.575329238027208589e-01 1.203157894736841627e+02 1.421052631578946723e+01 -2.425263157894736921e+01
7.717591135628191212e-01 1.203157894736841627e+02 1.421052631578946723e+01 -2.101894736842105260e+01
7.860882459501051800e-01 1.203157894736841627e+02 1.421052631578946723e+01 -1.778526315789473600e+01
8.005203209645785911e-01 1.203157894736841627e+02 1.421052631578946723e+01 -1.455157894736842117e+01
8.150553386062397987e-01 1.203157894736841627e+02 1.421052631578946723e+01 -1.131789473684210634e+01
8.296932988750884697e-01 1.203157894736841627e+02 1.421052631578946723e+01 -8.084210526315789735e+00
8.444342017711249371e-01 1.203157894736841627e+02 1.421052631578946723e+01 -4.850526315789474907e+00
8.592780472943486458e-01 1.203157894736841627e+02 1.421052631578946723e+01 -1.616842105263159413e+00
8.742248354447602621e-01 1.203157894736841627e+02 1.421052631578946723e+01 1.616842105263156082e+00
8.892745662223593417e-01 1.203157894736841627e+02 1.421052631578946723e+01 4.850526315789474907e+00
9.044272396271459957e-01 1.203157894736841627e+02 1.421052631578946723e+01 8.084210526315786183e+00
9.196828556591203352e-01 1.203157894736841627e+02 1.421052631578946723e+01 1.131789473684209923e+01
9.350414143182820270e-01 1.203157894736841627e+02 1.421052631578946723e+01 1.455157894736841762e+01
9.505029156046314043e-01 1.203157894736841627e+02 1.421052631578946723e+01 1.778526315789473600e+01
9.660673595181684670e-01 1.203157894736841627e+02 1.421052631578946723e+01 2.101894736842104905e+01
9.817347460588932151e-01 1.203157894736841627e+02 1.421052631578946723e+01 2.425263157894736210e+01
9.975050752268053156e-01 1.203157894736841627e+02 1.421052631578946723e+01 2.748631578947367871e+01
1.013378347021905101e+00 1.203157894736841627e+02 1.421052631578946723e+01 3.071999999999999886e+01
7.300516150572804452e-01 1.470526315789473415e+02 1.736842105263157521e+01 -3.071999999999999886e+01
7.440767990770972284e-01 1.470526315789473415e+02 1.736842105263157521e+01 -2.748631578947368226e+01
7.582049257241015860e-01 1.470526315789473415e+02 1.736842105263157521e+01 -2.425263157894736921e+01
7.724359949982935181e-01 1.470526315789473415e+02 1.736842105263157521e+01 -2.101894736842105260e+01
7.867700068996732465e-01 1.470526315789473415e+02 1.736842105263157521e+01 -1.778526315789473600e+01
8.012069614282404384e-01 1.470526315789473415e+02 1.736842105263157521e+01 -1.455157894736842117e+01
8.157468585839952047e-01 1.470526315789473415e+02 1.736842105263157521e+01 -1.131789473684210634e+01
8.303896983669374343e-01 1.470526315789473415e+02 1.736842105263157521e+01 -8.084210526315789735e+00
8.451354807770674604e-01 1.470526315789473415e+02 1.736842105263157521e+01 -4.850526315789474907e+00
8.599842058143849499e-01 1.470526315789473415e+02 1.736842105263157521e+01 -1.616842105263159413e+00
8.749358734788902359e-01 1.470526315789473415e+02 1.736842105263157521e+01 1.616842105263156082e+00
8.899904837705828742e-01 1.470526315789473415e+02 1.736842105263157521e+01 4.850526315789474907e+00
9.051480366894631979e-01 1.470526315789473415e+02 1.736842105263157521e+01 8.084210526315786183e+00
9.204085322355312071e-01 1.470526315789473415e+02 1.736842105263157521e+01 1.131789473684209923e+01
9.357719704087865686e-01 1.470526315789473415e+02 1.736842105263157521e+01 1.455157894736841762e+01
9.512383512092298377e-01 1.470526315789473415e+02 1.736842105263157521e+01 1.778526315789473600e+01
9.668076746368603480e-01 1.470526315789473415e+02 1.736842105263157521e+01 2.101894736842104905e+01
9.824799406916785438e-01 1.470526315789473415e+02 1.736842105263157521e+01 2.425263157894736210e+01
9.982551493736845361e-01 1.470526315789473415e+02 1.736842105263157521e+01 2.748631578947367871e+01
1.014133300682878103e+00 1.470526315789473415e+02 1.736842105263157521e+01 3.071999999999999886e+01
7.308096445985236000e-01 1.737894736842104919e+02 2.052631578947368141e+01 -3.071999999999999886e+01
7.448404118135918406e-01 1.737894736842104919e+02 2.052631578947368141e+01 -2.748631578947368226e+01
7.589741216558477666e-01 1.737894736842104919e+02 2.052631578947368141e+01 -2.425263157894736921e+01
7.732107741252911559e-01 1.737894736842104919e+02 2.052631578947368141e+01 -2.101894736842105260e+01
7.875503692219223417e-01 1.737894736842104919e+02 2.052631578947368141e+01 -1.778526315789473600e+01
8.019929069457408799e-01 1.737894736842104919e+02 2.052631578947368141e+01 -1.455157894736842117e+01
8.165383872967472145e-01 1.737894736842104919e+02 2.052631578947368141e+01 -1.131789473684210634e+01
8.311868102749410125e-01 1.737894736842104919e+02 2.052631578947368141e+01 -8.084210526315789735e+00
8.459381758803223850e-01 1.737894736842104919e+02 2.052631578947368141e+01 -4.850526315789474907e+00
8.607924841128914428e-01 1.737894736842104919e+02 2.052631578947368141e+01 -1.616842105263159413e+00
8.757497349726480751e-01 1.737894736842104919e+02 2.052631578947368141e+01 1.616842105263156082e+00
8.908099284595922818e-01 1.737894736842104919e+02 2.052631578947368141e+01 4.850526315789474907e+00
9.059730645737240629e-01 1.737894736842104919e+02 2.052631578947368141e+01 8.084210526315786183e+00
9.212391433150433073e-01 1.737894736842104919e+02 2.052631578947368141e+01 1.131789473684209923e+01
9.366081646835504593e-01 1.737894736842104919e+02 2.052631578947368141e+01 1.455157894736841762e+01
9.520801286792448526e-01 1.737894736842104919e+02 2.052631578947368141e+01 1.778526315789473600e+01
9.676550353021270423e-01 1.737894736842104919e+02 2.052631578947368141e+01 2.101894736842104905e+01
9.833328845521966954e-01 1.737894736842104919e+02 2.052631578947368141e+01 2.425263157894736210e+01
9.991136764294541450e-01 1.737894736842104919e+02 2.052631578947368141e+01 2.748631578947367871e+01
1.014997410933899058e+00 1.737894736842104919e+02 2.052631578947368141e+01 3.071999999999999886e+01
7.316635752823482663e-01 2.005263157894736707e+02 2.368421052631578760e+01 -3.071999999999999886e+01
7.457006293738258629e-01 2.005263157894736707e+02 2.368421052631578760e+01 -2.748631578947368226e+01
7.598406260924910338e-01 2.005263157894736707e+02 2.368421052631578760e+01 -2.425263157894736921e+01
7.740835654383437792e-01 2.005263157894736707e+02 2.368421052631578760e+01 -2.101894736842105260e+01
7.884294474113840989e-01 2.005263157894736707e+02 2.368421052631578760e+01 -1.778526315789473600e+01
8.028782720116119931e-01 2.005263157894736707e+02 2.368421052631578760e+01 -1.455157894736842117e+01
8.174300392390275727e-01 2.005263157894736707e+02 2.368421052631578760e+01 -1.131789473684210634e+01
8.320847490936307267e-01 2.005263157894736707e+02 2.368421052631578760e+01 -8.084210526315789735e+00
8.468424015754215661e-01 2.005263157894736707e+02 2.368421052631578760e+01 -4.850526315789474907e+00
8.617029966843996469e-01 2.005263157894736707e+02 2.368421052631578760e+01 -1.616842105263159413e+00
8.766665344205656352e-01 2.005263157894736707e+02 2.368421052631578760e+01 1.616842105263156082e+00
8.917330147839191978e-01 2.005263157894736707e+02 2.368421052631578760e+01 4.850526315789474907e+00
9.069024377744603349e-01 2.005263157894736707e+02 2.368421052631578760e+01 8.084210526315786183e+00
9.221748033921888243e-01 2.005263157894736707e+02 2.368421052631578760e+01 1.131789473684209923e+01
9.375501116371049992e-01 2.005263157894736707e+02 2.368421052631578760e+01 1.455157894736841762e+01
9.530283625092090816e-01 2.005263157894736707e+02 2.368421052631578760e+01 1.778526315789473600e+01
9.686095560085005163e-01 2.005263157894736707e+02 2.368421052631578760e+01 2.101894736842104905e+01
9.842936921349794144e-01 2.005263157894736707e+02 2.368421052631578760e+01 2.425263157894736210e+01
1.000080770888645887e+00 2.005263157894736707e+02 2.368421052631578760e+01 2.748631578947367871e+01
1.015970792269500045e+00 2.005263157894736707e+02 2.368421052631578760e+01 3.071999999999999886e+01
7.326135360336689661e-01 2.272631578947368496e+02 2.684210526315789380e+01 -3.071999999999999886e+01
7.466575806827135953e-01 2.272631578947368496e+02 2.684210526315789380e+01 -2.748631578947368226e+01
7.608045679589459098e-01 2.272631578947368496e+02 2.684210526315789380e+01 -2.425263157894736921e+01
7.750544978623656878e-01 2.272631578947368496e+02 2.684210526315789380e+01 -2.101894736842105260e+01
7.894073703929732622e-01 2.272631578947368496e+02 2.684210526315789380e+01 -1.778526315789473600e+01
8.038631855507682999e-01 2.272631578947368496e+02 2.684210526315789380e+01 -1.455157894736842117e+01
8.184219433357509121e-01 2.272631578947368496e+02 2.684210526315789380e+01 -1.131789473684210634e+01
8.330836437479213208e-01 2.272631578947368496e+02 2.684210526315789380e+01 -8.084210526315789735e+00
8.478482867872790818e-01 2.272631578947368496e+02 2.684210526315789380e+01 -4.850526315789474907e+00
8.627158724538244172e-01 2.272631578947368496e+02 2.684210526315789380e+01 -1.616842105263159413e+00
8.776864007475575491e-01 2.272631578947368496e+02 2.684210526315789380e+01 1.616842105263156082e+00
8.927598716684781444e-01 2.272631578947368496e+02 2.684210526315789380e+01 4.850526315789474907e+00
9.079362852165863140e-01 2.272631578947368496e+02 2.684210526315789380e+01 8.084210526315786183e+00
9.232156413918819471e-01 2.272631578947368496e+02 2.684210526315789380e+01 1.131789473684209923e+01
9.385979401943654876e-01 2.272631578947368496e+02 2.684210526315789380e+01 1.455157894736841762e+01
9.540831816240363805e-01 2.272631578947368496e+02 2.684210526315789380e+01 1.778526315789473600e+01
9.696713656808950699e-01 2.272631578947368496e+02 2.684210526315789380e+01 2.101894736842104905e+01
9.853624923649412226e-01 2.272631578947368496e+02 2.684210526315789380e+01 2.425263157894736210e+01
1.001156561676174839e+00 2.272631578947368496e+02 2.684210526315789380e+01 2.748631578947367871e+01
1.017053573614596251e+00 2.272631578947368496e+02 2.684210526315789380e+01 3.071999999999999886e+01
7.336596702077828880e-01 2.540000000000000000e+02 3.000000000000000000e+01 -3.071999999999999886e+01
7.477114090955524484e-01 2.540000000000000000e+02 3.000000000000000000e+01 -2.748631578947368226e+01
7.618660906105096942e-01 2.540000000000000000e+02 3.000000000000000000e+01 -2.425263157894736921e+01
7.761237147526545144e-01 2.540000000000000000e+02 3.000000000000000000e+01 -2.101894736842105260e+01
7.904842815219870200e-01 2.540000000000000000e+02 3.000000000000000000e+01 -1.778526315789473600e+01
8.049477909185069890e-01 2.540000000000000000e+02 3.000000000000000000e+01 -1.455157894736842117e+01
8.195142429422145325e-01 2.540000000000000000e+02 3.000000000000000000e+01 -1.131789473684210634e+01
8.341836375931096503e-01 2.540000000000000000e+02 3.000000000000000000e+01 -8.084210526315789735e+00
8.489559748711925646e-01 2.540000000000000000e+02 3.000000000000000000e+01 -4.850526315789474907e+00
8.638312547764628313e-01 2.540000000000000000e+02 3.000000000000000000e+01 -1.616842105263159413e+00
8.788094773089210054e-01 2.540000000000000000e+02 3.000000000000000000e+01 1.616842105263156082e+00
8.938906424685665320e-01 2.540000000000000000e+02 3.000000000000000000e+01 4.850526315789474907e+00
9.090747502553995218e-01 2.540000000000000000e+02 3.000000000000000000e+01 8.084210526315786183e+00
9.243618006694201972e-01 2.540000000000000000e+02 3.000000000000000000e+01 1.131789473684209923e+01
9.397517937106286690e-01 2.540000000000000000e+02 3.000000000000000000e+01 1.455157894736841762e+01
9.552447293790244931e-01 2.540000000000000000e+02 3.000000000000000000e+01 1.778526315789473600e+01
9.708406076746080027e-01 2.540000000000000000e+02 3.000000000000000000e+01 2.101894736842104905e+01
9.865394285973790867e-01 2.540000000000000000e+02 3.000000000000000000e+01 2.425263157894736210e+01
1.002341192147337745e+00 2.540000000000000000e+02 3.000000000000000000e+01 2.748631578947367871e+01
1.018245898324483978e+00 2.540000000000000000e+02 3.000000000000000000e+01 3.071999999999999886e+01
