# Trace file for OSIRIS LSS R1000R mode
#
 wavelength               xi                        x                         y
# um                       arcsec                    mm                        mm
5.032404239186749617e-01 -2.540000000000000000e+02 -3.000000000000000000e+01 -3.071999999999999886e+01
5.269043112427503894e-01 -2.540000000000000000e+02 -3.000000000000000000e+01 -2.748631578947368226e+01
5.510602775653056229e-01 -2.540000000000000000e+02 -3.000000000000000000e+01 -2.425263157894736921e+01
5.757083228863405511e-01 -2.540000000000000000e+02 -3.000000000000000000e+01 -2.101894736842105260e+01
6.008484472058553960e-01 -2.540000000000000000e+02 -3.000000000000000000e+01 -1.778526315789473600e+01
6.264806505238499357e-01 -2.540000000000000000e+02 -3.000000000000000000e+01 -1.455157894736842117e+01
6.526049328403242811e-01 -2.540000000000000000e+02 -3.000000000000000000e+01 -1.131789473684210634e+01
6.792212941552783212e-01 -2.540000000000000000e+02 -3.000000000000000000e+01 -8.084210526315789735e+00
7.063297344687122781e-01 -2.540000000000000000e+02 -3.000000000000000000e+01 -4.850526315789474907e+00
7.339302537806259297e-01 -2.540000000000000000e+02 -3.000000000000000000e+01 -1.616842105263159413e+00
7.620228520910193870e-01 -2.540000000000000000e+02 -3.000000000000000000e+01 1.616842105263156082e+00
7.906075293998926501e-01 -2.540000000000000000e+02 -3.000000000000000000e+01 4.850526315789474907e+00
8.196842857072457189e-01 -2.540000000000000000e+02 -3.000000000000000000e+01 8.084210526315786183e+00
8.492531210130784824e-01 -2.540000000000000000e+02 -3.000000000000000000e+01 1.131789473684209923e+01
8.793140353173910517e-01 -2.540000000000000000e+02 -3.000000000000000000e+01 1.455157894736841762e+01
9.098670286201834267e-01 -2.540000000000000000e+02 -3.000000000000000000e+01 1.778526315789473600e+01
9.409121009214553855e-01 -2.540000000000000000e+02 -3.000000000000000000e+01 2.101894736842104905e+01
9.724492522212073720e-01 -2.540000000000000000e+02 -3.000000000000000000e+01 2.425263157894736210e+01
1.004478482519439053e+00 -2.540000000000000000e+02 -3.000000000000000000e+01 2.748631578947367871e+01
1.036999791816150651e+00 -2.540000000000000000e+02 -3.000000000000000000e+01 3.071999999999999886e+01
5.018553932916505200e-01 -2.272631578947368496e+02 -2.684210526315789380e+01 -3.071999999999999886e+01
5.254901588737607154e-01 -2.272631578947368496e+02 -2.684210526315789380e+01 -2.748631578947368226e+01
5.496170034543507166e-01 -2.272631578947368496e+02 -2.684210526315789380e+01 -2.425263157894736921e+01
5.742359270334204124e-01 -2.272631578947368496e+02 -2.684210526315789380e+01 -2.101894736842105260e+01
5.993469296109696920e-01 -2.272631578947368496e+02 -2.684210526315789380e+01 -1.778526315789473600e+01
6.249500111869989993e-01 -2.272631578947368496e+02 -2.684210526315789380e+01 -1.455157894736842117e+01
6.510451717615081124e-01 -2.272631578947368496e+02 -2.684210526315789380e+01 -1.131789473684210634e+01
6.776324113344969202e-01 -2.272631578947368496e+02 -2.684210526315789380e+01 -8.084210526315789735e+00
7.047117299059654227e-01 -2.272631578947368496e+02 -2.684210526315789380e+01 -4.850526315789474907e+00
7.322831274759138420e-01 -2.272631578947368496e+02 -2.684210526315789380e+01 -1.616842105263159413e+00
7.603466040443420670e-01 -2.272631578947368496e+02 -2.684210526315789380e+01 1.616842105263156082e+00
7.889021596112499868e-01 -2.272631578947368496e+02 -2.684210526315789380e+01 4.850526315789474907e+00
8.179497941766377123e-01 -2.272631578947368496e+02 -2.684210526315789380e+01 8.084210526315786183e+00
8.474895077405052435e-01 -2.272631578947368496e+02 -2.684210526315789380e+01 1.131789473684209923e+01
8.775213003028524694e-01 -2.272631578947368496e+02 -2.684210526315789380e+01 1.455157894736841762e+01
9.080451718636796121e-01 -2.272631578947368496e+02 -2.684210526315789380e+01 1.778526315789473600e+01
9.390611224229862275e-01 -2.272631578947368496e+02 -2.684210526315789380e+01 2.101894736842104905e+01
9.705691519807727596e-01 -2.272631578947368496e+02 -2.684210526315789380e+01 2.425263157894736210e+01
1.002569260537039320e+00 -2.272631578947368496e+02 -2.684210526315789380e+01 2.748631578947367871e+01
1.035061448091785463e+00 -2.272631578947368496e+02 -2.684210526315789380e+01 3.071999999999999886e+01
5.006285726626796828e-01 -2.005263157894736992e+02 -2.368421052631579116e+01 -3.071999999999999886e+01
5.242375127191427620e-01 -2.005263157894736992e+02 -2.368421052631579116e+01 -2.748631578947368226e+01
5.483385317740855358e-01 -2.005263157894736992e+02 -2.368421052631579116e+01 -2.425263157894736921e+01
5.729316298275082264e-01 -2.005263157894736992e+02 -2.368421052631579116e+01 -2.101894736842105260e+01
5.980168068794106118e-01 -2.005263157894736992e+02 -2.368421052631579116e+01 -1.778526315789473600e+01
6.235940629297928028e-01 -2.005263157894736992e+02 -2.368421052631579116e+01 -1.455157894736842117e+01
6.496633979786546886e-01 -2.005263157894736992e+02 -2.368421052631579116e+01 -1.131789473684210634e+01
6.762248120259963802e-01 -2.005263157894736992e+02 -2.368421052631579116e+01 -8.084210526315789735e+00
7.032783050718179885e-01 -2.005263157894736992e+02 -2.368421052631579116e+01 -4.850526315789474907e+00
7.308238771161192915e-01 -2.005263157894736992e+02 -2.368421052631579116e+01 -1.616842105263159413e+00
7.588615281589004002e-01 -2.005263157894736992e+02 -2.368421052631579116e+01 1.616842105263156082e+00
7.873912582001612037e-01 -2.005263157894736992e+02 -2.368421052631579116e+01 4.850526315789474907e+00
8.164130672399018129e-01 -2.005263157894736992e+02 -2.368421052631579116e+01 8.084210526315786183e+00
8.459269552781221169e-01 -2.005263157894736992e+02 -2.368421052631579116e+01 1.131789473684209923e+01
8.759329223148223376e-01 -2.005263157894736992e+02 -2.368421052631579116e+01 1.455157894736841762e+01
9.064309683500023640e-01 -2.005263157894736992e+02 -2.368421052631579116e+01 1.778526315789473600e+01
9.374210933836620852e-01 -2.005263157894736992e+02 -2.368421052631579116e+01 2.101894736842104905e+01
9.689032974158016120e-01 -2.005263157894736992e+02 -2.368421052631579116e+01 2.425263157894736210e+01
1.000877580446420945e+00 -2.005263157894736992e+02 -2.368421052631579116e+01 2.748631578947367871e+01
1.033343942475520194e+00 -2.005263157894736992e+02 -2.368421052631579116e+01 3.071999999999999886e+01
4.995594430509524009e-01 -1.737894736842105203e+02 -2.052631578947368496e+01 -3.071999999999999886e+01
5.231458537980866463e-01 -1.737894736842105203e+02 -2.052631578947368496e+01 -2.748631578947368226e+01
5.472243435437006420e-01 -1.737894736842105203e+02 -2.052631578947368496e+01 -2.425263157894736921e+01
5.717949122877943324e-01 -1.737894736842105203e+02 -2.052631578947368496e+01 -2.101894736842105260e+01
5.968575600303678286e-01 -1.737894736842105203e+02 -2.052631578947368496e+01 -1.778526315789473600e+01
6.224122867714211305e-01 -1.737894736842105203e+02 -2.052631578947368496e+01 -1.455157894736842117e+01
6.484590925109542381e-01 -1.737894736842105203e+02 -2.052631578947368496e+01 -1.131789473684210634e+01
6.749979772489671515e-01 -1.737894736842105203e+02 -2.052631578947368496e+01 -8.084210526315789735e+00
7.020289409854597595e-01 -1.737894736842105203e+02 -2.052631578947368496e+01 -4.850526315789474907e+00
7.295519837204320623e-01 -1.737894736842105203e+02 -2.052631578947368496e+01 -1.616842105263159413e+00
7.575671054538845040e-01 -1.737894736842105203e+02 -2.052631578947368496e+01 1.616842105263156082e+00
7.860743061858164182e-01 -1.737894736842105203e+02 -2.052631578947368496e+01 4.850526315789474907e+00
8.150735859162281383e-01 -1.737894736842105203e+02 -2.052631578947368496e+01 8.084210526315786183e+00
8.445649446451196640e-01 -1.737894736842105203e+02 -2.052631578947368496e+01 1.131789473684209923e+01
8.745483823724907735e-01 -1.737894736842105203e+02 -2.052631578947368496e+01 1.455157894736841762e+01
9.050238990983420218e-01 -1.737894736842105203e+02 -2.052631578947368496e+01 1.778526315789473600e+01
9.359914948226728537e-01 -1.737894736842105203e+02 -2.052631578947368496e+01 2.101894736842104905e+01
9.674511695454836024e-01 -1.737894736842105203e+02 -2.052631578947368496e+01 2.425263157894736210e+01
9.994029232667739349e-01 -1.737894736842105203e+02 -2.052631578947368496e+01 2.748631578947367871e+01
1.031846755986544073e+00 -1.737894736842105203e+02 -2.052631578947368496e+01 3.071999999999999886e+01
4.986475517152791359e-01 -1.470526315789473983e+02 -1.736842105263158231e+01 -3.071999999999999886e+01
5.222147293694026082e-01 -1.470526315789473983e+02 -1.736842105263158231e+01 -2.748631578947368226e+01
5.462739860220059418e-01 -1.470526315789473983e+02 -1.736842105263158231e+01 -2.425263157894736921e+01
5.708253216730890811e-01 -1.470526315789473983e+02 -1.736842105263158231e+01 -2.101894736842105260e+01
5.958687363226519151e-01 -1.470526315789473983e+02 -1.736842105263158231e+01 -1.778526315789473600e+01
6.214042299706945549e-01 -1.470526315789473983e+02 -1.736842105263158231e+01 -1.455157894736842117e+01
6.474318026172170004e-01 -1.470526315789473983e+02 -1.736842105263158231e+01 -1.131789473684210634e+01
6.739514542622191406e-01 -1.470526315789473983e+02 -1.736842105263158231e+01 -8.084210526315789735e+00
7.009631849057011976e-01 -1.470526315789473983e+02 -1.736842105263158231e+01 -4.850526315789474907e+00
7.284669945476629493e-01 -1.470526315789473983e+02 -1.736842105263158231e+01 -1.616842105263159413e+00
7.564628831881046178e-01 -1.470526315789473983e+02 -1.736842105263158231e+01 1.616842105263156082e+00
7.849508508270259810e-01 -1.470526315789473983e+02 -1.736842105263158231e+01 4.850526315789474907e+00
8.139308974644270389e-01 -1.470526315789473983e+02 -1.736842105263158231e+01 8.084210526315786183e+00
8.434030231003079026e-01 -1.470526315789473983e+02 -1.736842105263158231e+01 1.131789473684209923e+01
8.733672277346686830e-01 -1.470526315789473983e+02 -1.736842105263158231e+01 1.455157894736841762e+01
9.038235113675089361e-01 -1.470526315789473983e+02 -1.736842105263158231e+01 1.778526315789473600e+01
9.347718739988293279e-01 -1.470526315789473983e+02 -1.736842105263158231e+01 2.101894736842104905e+01
9.662123156286290815e-01 -1.470526315789473983e+02 -1.736842105263158231e+01 2.425263157894736210e+01
9.981448362569090849e-01 -1.470526315789473983e+02 -1.736842105263158231e+01 2.748631578947367871e+01
1.030569435883668561e+00 -1.470526315789473983e+02 -1.736842105263158231e+01 3.071999999999999886e+01
4.978925121540905829e-01 -1.203157894736842195e+02 -1.421052631578947434e+01 -3.071999999999999886e+01
5.214437529315216757e-01 -1.203157894736842195e+02 -1.421052631578947434e+01 -2.748631578947368226e+01
5.454870727074325742e-01 -1.203157894736842195e+02 -1.421052631578947434e+01 -2.425263157894736921e+01
5.700224714818232785e-01 -1.203157894736842195e+02 -1.421052631578947434e+01 -2.101894736842105260e+01
5.950499492546936775e-01 -1.203157894736842195e+02 -1.421052631578947434e+01 -1.778526315789473600e+01
6.205695060260439933e-01 -1.203157894736842195e+02 -1.421052631578947434e+01 -1.455157894736842117e+01
6.465811417958740037e-01 -1.203157894736842195e+02 -1.421052631578947434e+01 -1.131789473684210634e+01
6.730848565641837089e-01 -1.203157894736842195e+02 -1.421052631578947434e+01 -8.084210526315789735e+00
7.000806503309732198e-01 -1.203157894736842195e+02 -1.421052631578947434e+01 -4.850526315789474907e+00
7.275685230962425365e-01 -1.203157894736842195e+02 -1.421052631578947434e+01 -1.616842105263159413e+00
7.555484748599915479e-01 -1.203157894736842195e+02 -1.421052631578947434e+01 1.616842105263156082e+00
7.840205056222205870e-01 -1.203157894736842195e+02 -1.421052631578947434e+01 4.850526315789474907e+00
8.129846153829292099e-01 -1.203157894736842195e+02 -1.421052631578947434e+01 8.084210526315786183e+00
8.424408041421177495e-01 -1.203157894736842195e+02 -1.421052631578947434e+01 1.131789473684209923e+01
8.723890718997858729e-01 -1.203157894736842195e+02 -1.421052631578947434e+01 1.455157894736841762e+01
9.028294186559339130e-01 -1.203157894736842195e+02 -1.421052631578947434e+01 1.778526315789473600e+01
9.337618444105617588e-01 -1.203157894736842195e+02 -1.421052631578947434e+01 2.101894736842104905e+01
9.651863491636691883e-01 -1.203157894736842195e+02 -1.421052631578947434e+01 2.425263157894736210e+01
9.971029329152565346e-01 -1.203157894736842195e+02 -1.421052631578947434e+01 2.748631578947367871e+01
1.029511595665323798e+00 -1.203157894736842195e+02 -1.421052631578947434e+01 3.071999999999999886e+01
4.972940041054379479e-01 -9.357894736842105488e+01 -1.105263157894736814e+01 -3.071999999999999886e+01
5.208326042224948882e-01 -9.357894736842105488e+01 -1.105263157894736814e+01 -2.748631578947368226e+01
5.448632833380314677e-01 -9.357894736842105488e+01 -1.105263157894736814e+01 -2.425263157894736921e+01
5.693860414520479640e-01 -9.357894736842105488e+01 -1.105263157894736814e+01 -2.101894736842105260e+01
5.944008785645441550e-01 -9.357894736842105488e+01 -1.105263157894736814e+01 -1.778526315789473600e+01
6.199077946755202628e-01 -9.357894736842105488e+01 -1.105263157894736814e+01 -1.455157894736842117e+01
6.459067897849760653e-01 -9.357894736842105488e+01 -1.105263157894736814e+01 -1.131789473684210634e+01
6.723978638929115625e-01 -9.357894736842105488e+01 -1.105263157894736814e+01 -8.084210526315789735e+00
6.993810169993267545e-01 -9.357894736842105488e+01 -1.105263157894736814e+01 -4.850526315789474907e+00
7.268562491042219742e-01 -9.357894736842105488e+01 -1.105263157894736814e+01 -1.616842105263159413e+00
7.548235602075968886e-01 -9.357894736842105488e+01 -1.105263157894736814e+01 1.616842105263156082e+00
7.832829503094516088e-01 -9.357894736842105488e+01 -1.105263157894736814e+01 4.850526315789474907e+00
8.122344194097860237e-01 -9.357894736842105488e+01 -1.105263157894736814e+01 8.084210526315786183e+00
8.416779675086002444e-01 -9.357894736842105488e+01 -1.105263157894736814e+01 1.131789473684209923e+01
8.716135946058943818e-01 -9.357894736842105488e+01 -1.105263157894736814e+01 1.455157894736841762e+01
9.020413007016681028e-01 -9.357894736842105488e+01 -1.105263157894736814e+01 1.778526315789473600e+01
9.329610857959217407e-01 -9.357894736842105488e+01 -1.105263157894736814e+01 2.101894736842104905e+01
9.643729498886549623e-01 -9.357894736842105488e+01 -1.105263157894736814e+01 2.425263157894736210e+01
9.962768929798682116e-01 -9.357894736842105488e+01 -1.105263157894736814e+01 2.748631578947367871e+01
1.028672915069560823e+00 -9.357894736842105488e+01 -1.105263157894736814e+01 3.071999999999999886e+01
4.968517735469927254e-01 -6.684210526315791867e+01 -7.894736842105265495e+00 -3.071999999999999886e+01
5.203810292199936294e-01 -6.684210526315791867e+01 -7.894736842105265495e+00 -2.748631578947368226e+01
5.444023638914743390e-01 -6.684210526315791867e+01 -7.894736842105265495e+00 -2.425263157894736921e+01
5.689157775614347434e-01 -6.684210526315791867e+01 -7.894736842105265495e+00 -2.101894736842105260e+01
5.939212702298749536e-01 -6.684210526315791867e+01 -7.894736842105265495e+00 -1.778526315789473600e+01
6.194188418967949694e-01 -6.684210526315791867e+01 -7.894736842105265495e+00 -1.455157894736842117e+01
6.454084925621947910e-01 -6.684210526315791867e+01 -7.894736842105265495e+00 -1.131789473684210634e+01
6.718902222260743073e-01 -6.684210526315791867e+01 -7.894736842105265495e+00 -8.084210526315789735e+00
6.988640308884336294e-01 -6.684210526315791867e+01 -7.894736842105265495e+00 -4.850526315789474907e+00
7.263299185492727572e-01 -6.684210526315791867e+01 -7.894736842105265495e+00 -1.616842105263159413e+00
7.542878852085916908e-01 -6.684210526315791867e+01 -7.894736842105265495e+00 1.616842105263156082e+00
7.827379308663903190e-01 -6.684210526315791867e+01 -7.894736842105265495e+00 4.850526315789474907e+00
8.116800555226687530e-01 -6.684210526315791867e+01 -7.894736842105265495e+00 8.084210526315786183e+00
8.411142591774269928e-01 -6.684210526315791867e+01 -7.894736842105265495e+00 1.131789473684209923e+01
8.710405418306649272e-01 -6.684210526315791867e+01 -7.894736842105265495e+00 1.455157894736841762e+01
9.014589034823826674e-01 -6.684210526315791867e+01 -7.894736842105265495e+00 1.778526315789473600e+01
9.323693441325803244e-01 -6.684210526315791867e+01 -7.894736842105265495e+00 2.101894736842104905e+01
9.637718637812577871e-01 -6.684210526315791867e+01 -7.894736842105265495e+00 2.425263157894736210e+01
9.956664624284147225e-01 -6.684210526315791867e+01 -7.894736842105265495e+00 2.748631578947367871e+01
1.028053140074051797e+00 -6.684210526315791867e+01 -7.894736842105265495e+00 3.071999999999999886e+01
4.965656326960468103e-01 -4.010526315789475404e+01 -4.736842105263159297e+00 -3.071999999999999886e+01
5.200888401413099604e-01 -4.010526315789475404e+01 -4.736842105263159297e+00 -2.748631578947368226e+01
5.441041265850528053e-01 -4.010526315789475404e+01 -4.736842105263159297e+00 -2.425263157894736921e+01
5.686114920272754558e-01 -4.010526315789475404e+01 -4.736842105263159297e+00 -2.101894736842105260e+01
5.936109364679779121e-01 -4.010526315789475404e+01 -4.736842105263159297e+00 -1.778526315789473600e+01
6.191024599071601742e-01 -4.010526315789475404e+01 -4.736842105263159297e+00 -1.455157894736842117e+01
6.450860623448220199e-01 -4.010526315789475404e+01 -4.736842105263159297e+00 -1.131789473684210634e+01
6.715617437809638934e-01 -4.010526315789475404e+01 -4.736842105263159297e+00 -8.084210526315789735e+00
6.985295042155854617e-01 -4.010526315789475404e+01 -4.736842105263159297e+00 -4.850526315789474907e+00
7.259893436486867246e-01 -4.010526315789475404e+01 -4.736842105263159297e+00 -1.616842105263159413e+00
7.539412620802677933e-01 -4.010526315789475404e+01 -4.736842105263159297e+00 1.616842105263156082e+00
7.823852595103287788e-01 -4.010526315789475404e+01 -4.736842105263159297e+00 4.850526315789474907e+00
8.113213359388694590e-01 -4.010526315789475404e+01 -4.736842105263159297e+00 8.084210526315786183e+00
8.407494913658898339e-01 -4.010526315789475404e+01 -4.736842105263159297e+00 1.131789473684209923e+01
8.706697257913900145e-01 -4.010526315789475404e+01 -4.736842105263159297e+00 1.455157894736841762e+01
9.010820392153701119e-01 -4.010526315789475404e+01 -4.736842105263159297e+00 1.778526315789473600e+01
9.319864316378299041e-01 -4.010526315789475404e+01 -4.736842105263159297e+00 2.101894736842104905e+01
9.633829030587692799e-01 -4.010526315789475404e+01 -4.736842105263159297e+00 2.425263157894736210e+01
9.952714534781887945e-01 -4.010526315789475404e+01 -4.736842105263159297e+00 2.748631578947367871e+01
1.027652082896087782e+00 -4.010526315789475404e+01 -4.736842105263159297e+00 3.071999999999999886e+01
4.964354600095124970e-01 -1.336842105263158409e+01 -1.578947368421053099e+00 -3.071999999999999886e+01
5.199559154433559538e-01 -1.336842105263158409e+01 -1.578947368421053099e+00 -2.748631578947368226e+01
5.439684498756792719e-01 -1.336842105263158409e+01 -1.578947368421053099e+00 -2.425263157894736921e+01
5.684730633064823957e-01 -1.336842105263158409e+01 -1.578947368421053099e+00 -2.101894736842105260e+01
5.934697557357652142e-01 -1.336842105263158409e+01 -1.578947368421053099e+00 -1.778526315789473600e+01
6.189585271635278385e-01 -1.336842105263158409e+01 -1.578947368421053099e+00 -1.455157894736842117e+01
6.449393775897702685e-01 -1.336842105263158409e+01 -1.578947368421053099e+00 -1.131789473684210634e+01
6.714123070144925043e-01 -1.336842105263158409e+01 -1.578947368421053099e+00 -8.084210526315789735e+00
6.983773154376944348e-01 -1.336842105263158409e+01 -1.578947368421053099e+00 -4.850526315789474907e+00
7.258344028593762820e-01 -1.336842105263158409e+01 -1.578947368421053099e+00 -1.616842105263159413e+00
7.537835692795378240e-01 -1.336842105263158409e+01 -1.578947368421053099e+00 1.616842105263156082e+00
7.822248146981790606e-01 -1.336842105263158409e+01 -1.578947368421053099e+00 4.850526315789474907e+00
8.111581391153002141e-01 -1.336842105263158409e+01 -1.578947368421053099e+00 8.084210526315786183e+00
8.405835425309011733e-01 -1.336842105263158409e+01 -1.578947368421053099e+00 1.131789473684209923e+01
8.705010249449817161e-01 -1.336842105263158409e+01 -1.578947368421053099e+00 1.455157894736841762e+01
9.009105863575421758e-01 -1.336842105263158409e+01 -1.578947368421053099e+00 1.778526315789473600e+01
9.318122267685823301e-01 -1.336842105263158409e+01 -1.578947368421053099e+00 2.101894736842104905e+01
9.632059461781022902e-01 -1.336842105263158409e+01 -1.578947368421053099e+00 2.425263157894736210e+01
9.950917445861021671e-01 -1.336842105263158409e+01 -1.578947368421053099e+00 2.748631578947367871e+01
1.027469621992581628e+00 -1.336842105263158409e+01 -1.578947368421053099e+00 3.071999999999999886e+01
4.964612001839222577e-01 1.336842105263155567e+01 1.578947368421049768e+00 -3.071999999999999886e+01
5.199821998226643593e-01 1.336842105263155567e+01 1.578947368421049768e+00 -2.748631578947368226e+01
5.439952784598863778e-01 1.336842105263155567e+01 1.578947368421049768e+00 -2.425263157894736921e+01
5.685004360955880909e-01 1.336842105263155567e+01 1.578947368421049768e+00 -2.101894736842105260e+01
5.934976727297696097e-01 1.336842105263155567e+01 1.578947368421049768e+00 -1.778526315789473600e+01
6.189869883624308233e-01 1.336842105263155567e+01 1.578947368421049768e+00 -1.455157894736842117e+01
6.449683829935719537e-01 1.336842105263155567e+01 1.578947368421049768e+00 -1.131789473684210634e+01
6.714418566231926677e-01 1.336842105263155567e+01 1.578947368421049768e+00 -8.084210526315789735e+00
6.984074092512934095e-01 1.336842105263155567e+01 1.578947368421049768e+00 -4.850526315789474907e+00
7.258650408778738461e-01 1.336842105263155567e+01 1.578947368421049768e+00 -1.616842105263159413e+00
7.538147515029339774e-01 1.336842105263155567e+01 1.578947368421049768e+00 1.616842105263156082e+00
7.822565411264740254e-01 1.336842105263155567e+01 1.578947368421049768e+00 4.850526315789474907e+00
8.111904097484937681e-01 1.336842105263155567e+01 1.578947368421049768e+00 8.084210526315786183e+00
8.406163573689932056e-01 1.336842105263155567e+01 1.578947368421049768e+00 1.131789473684209923e+01
8.705343839879724488e-01 1.336842105263155567e+01 1.578947368421049768e+00 1.455157894736841762e+01
9.009444896054316088e-01 1.336842105263155567e+01 1.578947368421049768e+00 1.778526315789473600e+01
9.318466742213703524e-01 1.336842105263155567e+01 1.578947368421049768e+00 2.101894736842104905e+01
9.632409378357890128e-01 1.336842105263155567e+01 1.578947368421049768e+00 2.425263157894736210e+01
9.951272804486874790e-01 1.336842105263155567e+01 1.578947368421049768e+00 2.748631578947367871e+01
1.027505702060065751e+00 1.336842105263155567e+01 1.578947368421049768e+00 3.071999999999999886e+01
4.966428641554291312e-01 4.010526315789472562e+01 4.736842105263155744e+00 -3.071999999999999886e+01
5.201677042153880492e-01 4.010526315789472562e+01 4.736842105263155744e+00 -2.748631578947368226e+01
5.441846232738268840e-01 4.010526315789472562e+01 4.736842105263155744e+00 -2.425263157894736921e+01
5.686936213307455246e-01 4.010526315789472562e+01 4.736842105263155744e+00 -2.101894736842105260e+01
5.936946983861438598e-01 4.010526315789472562e+01 4.736842105263155744e+00 -1.778526315789473600e+01
6.191878544400221118e-01 4.010526315789472562e+01 4.736842105263155744e+00 -1.455157894736842117e+01
6.451730894923799475e-01 4.010526315789472562e+01 4.736842105263155744e+00 -1.131789473684210634e+01
6.716504035432177000e-01 4.010526315789472562e+01 4.736842105263155744e+00 -8.084210526315789735e+00
6.986197965925351472e-01 4.010526315789472562e+01 4.736842105263155744e+00 -4.850526315789474907e+00
7.260812686403325111e-01 4.010526315789472562e+01 4.736842105263155744e+00 -1.616842105263159413e+00
7.540348196866095698e-01 4.010526315789472562e+01 4.736842105263155744e+00 1.616842105263156082e+00
7.824804497313664342e-01 4.010526315789472562e+01 4.736842105263155744e+00 4.850526315789474907e+00
8.114181587746029933e-01 4.010526315789472562e+01 4.736842105263155744e+00 8.084210526315786183e+00
8.408479468163192472e-01 4.010526315789472562e+01 4.736842105263155744e+00 1.131789473684209923e+01
8.707698138565154178e-01 4.010526315789472562e+01 4.736842105263155744e+00 1.455157894736841762e+01
9.011837598951916162e-01 4.010526315789472562e+01 4.736842105263155744e+00 1.778526315789473600e+01
9.320897849323470652e-01 4.010526315789472562e+01 4.736842105263155744e+00 2.101894736842104905e+01
9.634878889679825420e-01 4.010526315789472562e+01 4.736842105263155744e+00 2.425263157894736210e+01
9.953780720020979356e-01 4.010526315789472562e+01 4.736842105263155744e+00 2.748631578947367871e+01
1.027760334034693024e+00 4.010526315789472562e+01 4.736842105263155744e+00 3.071999999999999886e+01
4.969805290998064451e-01 6.684210526315789025e+01 7.894736842105261942e+00 -3.071999999999999886e+01
5.205125057973004621e-01 6.684210526315789025e+01 7.894736842105261942e+00 -2.748631578947368226e+01
5.445365614932743403e-01 6.684210526315789025e+01 7.894736842105261942e+00 -2.425263157894736921e+01
5.690526961877281353e-01 6.684210526315789025e+01 7.894736842105261942e+00 -2.101894736842105260e+01
5.940609098806615140e-01 6.684210526315789025e+01 7.894736842105261942e+00 -1.778526315789473600e+01
6.195612025720748095e-01 6.684210526315789025e+01 7.894736842105261942e+00 -1.455157894736842117e+01
6.455535742619676887e-01 6.684210526315789025e+01 7.894736842105261942e+00 -1.131789473684210634e+01
6.720380249503405956e-01 6.684210526315789025e+01 7.894736842105261942e+00 -8.084210526315789735e+00
6.990145546371931973e-01 6.684210526315789025e+01 7.894736842105261942e+00 -4.850526315789474907e+00
7.264831633225254937e-01 6.684210526315789025e+01 7.894736842105261942e+00 -1.616842105263159413e+00
7.544438510063377068e-01 6.684210526315789025e+01 7.894736842105261942e+00 1.616842105263156082e+00
7.828966176886295036e-01 6.684210526315789025e+01 7.894736842105261942e+00 4.850526315789474907e+00
8.118414633694012172e-01 6.684210526315789025e+01 7.894736842105261942e+00 8.084210526315786183e+00
8.412783880486526256e-01 6.684210526315789025e+01 7.894736842105261942e+00 1.131789473684209923e+01
8.712073917263839506e-01 6.684210526315789025e+01 7.894736842105261942e+00 1.455157894736841762e+01
9.016284744025948594e-01 6.684210526315789025e+01 7.894736842105261942e+00 1.778526315789473600e+01
9.325416360772856850e-01 6.684210526315789025e+01 7.894736842105261942e+00 2.101894736842104905e+01
9.639468767504563163e-01 6.684210526315789025e+01 7.894736842105261942e+00 2.425263157894736210e+01
9.958441964221065312e-01 6.684210526315789025e+01 7.894736842105261942e+00 2.748631578947367871e+01
1.028233595092236774e+00 6.684210526315789025e+01 7.894736842105261942e+00 3.071999999999999886e+01
4.974743384324478157e-01 9.357894736842105488e+01 1.105263157894736814e+01 -3.071999999999999886e+01
5.210167479837952698e-01 9.357894736842105488e+01 1.105263157894736814e+01 -2.748631578947368226e+01
5.450512365336225296e-01 9.357894736842105488e+01 1.105263157894736814e+01 -2.425263157894736921e+01
5.695778040819293730e-01 9.357894736842105488e+01 1.105263157894736814e+01 -2.101894736842105260e+01
5.945964506287161333e-01 9.357894736842105488e+01 1.105263157894736814e+01 -1.778526315789473600e+01
6.201071761739826993e-01 9.357894736842105488e+01 1.105263157894736814e+01 -1.455157894736842117e+01
6.461099807177290710e-01 9.357894736842105488e+01 1.105263157894736814e+01 -1.131789473684210634e+01
6.726048642599550265e-01 9.357894736842105488e+01 1.105263157894736814e+01 -8.084210526315789735e+00
6.995918268006608987e-01 9.357894736842105488e+01 1.105263157894736814e+01 -4.850526315789474907e+00
7.270708683398465766e-01 9.357894736842105488e+01 1.105263157894736814e+01 -1.616842105263159413e+00
7.550419888775120603e-01 9.357894736842105488e+01 1.105263157894736814e+01 1.616842105263156082e+00
7.835051884136572387e-01 9.357894736842105488e+01 1.105263157894736814e+01 4.850526315789474907e+00
8.124604669482822228e-01 9.357894736842105488e+01 1.105263157894736814e+01 8.084210526315786183e+00
8.419078244813871237e-01 9.357894736842105488e+01 1.105263157894736814e+01 1.131789473684209923e+01
8.718472610129717193e-01 9.357894736842105488e+01 1.105263157894736814e+01 1.455157894736841762e+01
9.022787765430360096e-01 9.357894736842105488e+01 1.105263157894736814e+01 1.778526315789473600e+01
9.332023710715799947e-01 9.357894736842105488e+01 1.105263157894736814e+01 2.101894736842104905e+01
9.646180445986037855e-01 9.357894736842105488e+01 1.105263157894736814e+01 2.425263157894736210e+01
9.965257971241076040e-01 9.357894736842105488e+01 1.105263157894736814e+01 2.748631578947367871e+01
1.028925628648090784e+00 9.357894736842105488e+01 1.105263157894736814e+01 3.071999999999999886e+01
4.981245018083675369e-01 1.203157894736841627e+02 1.421052631578946723e+01 -3.071999999999999886e+01
5.216806404298864885e-01 1.203157894736841627e+02 1.421052631578946723e+01 -2.748631578947368226e+01
5.457288580498852459e-01 1.203157894736841627e+02 1.421052631578946723e+01 -2.425263157894736921e+01
5.702691546683636981e-01 1.203157894736841627e+02 1.421052631578946723e+01 -2.101894736842105260e+01
5.953015302853219559e-01 1.203157894736841627e+02 1.421052631578946723e+01 -1.778526315789473600e+01
6.208259849007599085e-01 1.203157894736841627e+02 1.421052631578946723e+01 -1.455157894736842117e+01
6.468425185146777778e-01 1.203157894736841627e+02 1.421052631578946723e+01 -1.131789473684210634e+01
6.733511311270754529e-01 1.203157894736841627e+02 1.421052631578946723e+01 -8.084210526315789735e+00
7.003518227379528227e-01 1.203157894736841627e+02 1.421052631578946723e+01 -4.850526315789474907e+00
7.278445933473099982e-01 1.203157894736841627e+02 1.421052631578946723e+01 -1.616842105263159413e+00
7.558294429551468685e-01 1.203157894736841627e+02 1.421052631578946723e+01 1.616842105263156082e+00
7.843063715614635445e-01 1.203157894736841627e+02 1.421052631578946723e+01 4.850526315789474907e+00
8.132753791662601373e-01 1.203157894736841627e+02 1.421052631578946723e+01 8.084210526315786183e+00
8.427364657695364247e-01 1.203157894736841627e+02 1.421052631578946723e+01 1.131789473684209923e+01
8.726896313712922959e-01 1.203157894736841627e+02 1.421052631578946723e+01 1.455157894736841762e+01
9.031348759715281949e-01 1.203157894736841627e+02 1.421052631578946723e+01 1.778526315789473600e+01
9.340721995702438996e-01 1.203157894736841627e+02 1.421052631578946723e+01 2.101894736842104905e+01
9.655016021674394100e-01 1.203157894736841627e+02 1.421052631578946723e+01 2.425263157894736210e+01
9.974230837631143931e-01 1.203157894736841627e+02 1.421052631578946723e+01 2.748631578947367871e+01
1.029836644357269293e+00 1.203157894736841627e+02 1.421052631578946723e+01 3.071999999999999886e+01
4.989312951221999692e-01 1.470526315789473415e+02 1.736842105263157521e+01 -3.071999999999999886e+01
5.225044590302085901e-01 1.470526315789473415e+02 1.736842105263157521e+01 -2.748631578947368226e+01
5.465697019366969611e-01 1.470526315789473415e+02 1.736842105263157521e+01 -2.425263157894736921e+01
5.711270238416651379e-01 1.470526315789473415e+02 1.736842105263157521e+01 -2.101894736842105260e+01
5.961764247451132315e-01 1.470526315789473415e+02 1.736842105263157521e+01 -1.778526315789473600e+01
6.217179046470410198e-01 1.470526315789473415e+02 1.736842105263157521e+01 -1.455157894736842117e+01
6.477514635474486138e-01 1.470526315789473415e+02 1.736842105263157521e+01 -1.131789473684210634e+01
6.742771014463359025e-01 1.470526315789473415e+02 1.736842105263157521e+01 -8.084210526315789735e+00
7.012948183437029970e-01 1.470526315789473415e+02 1.736842105263157521e+01 -4.850526315789474907e+00
7.288046142395498972e-01 1.470526315789473415e+02 1.736842105263157521e+01 -1.616842105263159413e+00
7.568064891338764921e-01 1.470526315789473415e+02 1.736842105263157521e+01 1.616842105263156082e+00
7.853004430266830038e-01 1.470526315789473415e+02 1.736842105263157521e+01 4.850526315789474907e+00
8.142864759179692102e-01 1.470526315789473415e+02 1.736842105263157521e+01 8.084210526315786183e+00
8.437645878077352224e-01 1.470526315789473415e+02 1.736842105263157521e+01 1.131789473684209923e+01
8.737347786959810403e-01 1.470526315789473415e+02 1.736842105263157521e+01 1.455157894736841762e+01
9.041970485827065529e-01 1.470526315789473415e+02 1.736842105263157521e+01 1.778526315789473600e+01
9.351513974679119823e-01 1.470526315789473415e+02 1.736842105263157521e+01 2.101894736842104905e+01
9.665978253515971064e-01 1.470526315789473415e+02 1.736842105263157521e+01 2.425263157894736210e+01
9.985363322337619252e-01 1.470526315789473415e+02 1.736842105263157521e+01 2.748631578947367871e+01
1.030966918114406550e+00 1.470526315789473415e+02 1.736842105263157521e+01 3.071999999999999886e+01
4.998950605081996512e-01 1.737894736842104919e+02 2.052631578947368141e+01 -3.071999999999999886e+01
5.234885459190162793e-01 1.737894736842104919e+02 2.052631578947368141e+01 -2.748631578947368226e+01
5.475741103283127131e-01 1.737894736842104919e+02 2.052631578947368141e+01 -2.425263157894736921e+01
5.721517537360888417e-01 1.737894736842104919e+02 2.052631578947368141e+01 -2.101894736842105260e+01
5.972214761423448870e-01 1.737894736842104919e+02 2.052631578947368141e+01 -1.778526315789473600e+01
6.227832775470805160e-01 1.737894736842104919e+02 2.052631578947368141e+01 -1.455157894736842117e+01
6.488371579502959507e-01 1.737894736842104919e+02 2.052631578947368141e+01 -1.131789473684210634e+01
6.753831173519913023e-01 1.737894736842104919e+02 2.052631578947368141e+01 -8.084210526315789735e+00
7.024211557521663485e-01 1.737894736842104919e+02 2.052631578947368141e+01 -4.850526315789474907e+00
7.299512731508212005e-01 1.737894736842104919e+02 2.052631578947368141e+01 -1.616842105263159413e+00
7.579734695479557471e-01 1.737894736842104919e+02 2.052631578947368141e+01 1.616842105263156082e+00
7.864877449435702106e-01 1.737894736842104919e+02 2.052631578947368141e+01 4.850526315789474907e+00
8.154940993376643688e-01 1.737894736842104919e+02 2.052631578947368141e+01 8.084210526315786183e+00
8.449925327302382216e-01 1.737894736842104919e+02 2.052631578947368141e+01 1.131789473684209923e+01
8.749830451212919913e-01 1.737894736842104919e+02 2.052631578947368141e+01 1.455157894736841762e+01
9.054656365108256777e-01 1.737894736842104919e+02 2.052631578947368141e+01 1.778526315789473600e+01
9.364403068988388368e-01 1.737894736842104919e+02 2.052631578947368141e+01 2.101894736842104905e+01
9.679070562853318016e-01 1.737894736842104919e+02 2.052631578947368141e+01 2.425263157894736210e+01
9.998658846703047942e-01 1.737894736842104919e+02 2.052631578947368141e+01 2.748631578947367871e+01
1.032316792053757482e+00 1.737894736842104919e+02 2.052631578947368141e+01 3.071999999999999886e+01
5.010162063402421317e-01 2.005263157894736707e+02 2.368421052631578760e+01 -3.071999999999999886e+01
5.246333094701849387e-01 2.005263157894736707e+02 2.368421052631578760e+01 -2.748631578947368226e+01
5.487424915986074403e-01 2.005263157894736707e+02 2.368421052631578760e+01 -2.425263157894736921e+01
5.733437527255098587e-01 2.005263157894736707e+02 2.368421052631578760e+01 -2.101894736842105260e+01
5.984370928508919718e-01 2.005263157894736707e+02 2.368421052631578760e+01 -1.778526315789473600e+01
6.240225119747537796e-01 2.005263157894736707e+02 2.368421052631578760e+01 -1.455157894736842117e+01
6.501000100970955042e-01 2.005263157894736707e+02 2.368421052631578760e+01 -1.131789473684210634e+01
6.766695872179169235e-01 2.005263157894736707e+02 2.368421052631578760e+01 -8.084210526315789735e+00
7.037312433372181486e-01 2.005263157894736707e+02 2.368421052631578760e+01 -4.850526315789474907e+00
7.312849784549991794e-01 2.005263157894736707e+02 2.368421052631578760e+01 -1.616842105263159413e+00
7.593307925712599049e-01 2.005263157894736707e+02 2.368421052631578760e+01 1.616842105263156082e+00
7.878686856860004362e-01 2.005263157894736707e+02 2.368421052631578760e+01 4.850526315789474907e+00
8.168986577992207732e-01 2.005263157894736707e+02 2.368421052631578760e+01 8.084210526315786183e+00
8.464207089109208049e-01 2.005263157894736707e+02 2.368421052631578760e+01 1.131789473684209923e+01
8.764348390211007533e-01 2.005263157894736707e+02 2.368421052631578760e+01 1.455157894736841762e+01
9.069410481297603965e-01 2.005263157894736707e+02 2.368421052631578760e+01 1.778526315789473600e+01
9.379393362368999565e-01 2.005263157894736707e+02 2.368421052631578760e+01 2.101894736842104905e+01
9.694297033425192112e-01 2.005263157894736707e+02 2.368421052631578760e+01 2.425263157894736210e+01
1.001412149446617939e+00 2.005263157894736707e+02 2.368421052631578760e+01 2.748631578947367871e+01
1.033886674549197027e+00 2.005263157894736707e+02 2.368421052631578760e+01 3.071999999999999886e+01
5.022952072318228600e-01 2.272631578947368496e+02 2.684210526315789380e+01 -3.071999999999999886e+01
5.259392242972099618e-01 2.272631578947368496e+02 2.684210526315789380e+01 -2.748631578947368226e+01
5.500753203610768693e-01 2.272631578947368496e+02 2.684210526315789380e+01 -2.425263157894736921e+01
5.747034954234235826e-01 2.272631578947368496e+02 2.684210526315789380e+01 -2.101894736842105260e+01
5.998237494842501016e-01 2.272631578947368496e+02 2.684210526315789380e+01 -1.778526315789473600e+01
6.254360825435563154e-01 2.272631578947368496e+02 2.684210526315789380e+01 -1.455157894736842117e+01
6.515404946013423348e-01 2.272631578947368496e+02 2.684210526315789380e+01 -1.131789473684210634e+01
6.781369856576081601e-01 2.272631578947368496e+02 2.684210526315789380e+01 -8.084210526315789735e+00
7.052255557123537910e-01 2.272631578947368496e+02 2.684210526315789380e+01 -4.850526315789474907e+00
7.328062047655792277e-01 2.272631578947368496e+02 2.684210526315789380e+01 -1.616842105263159413e+00
7.608789328172843591e-01 2.272631578947368496e+02 2.684210526315789380e+01 1.616842105263156082e+00
7.894437398674692963e-01 2.272631578947368496e+02 2.684210526315789380e+01 4.850526315789474907e+00
8.185006259161340392e-01 2.272631578947368496e+02 2.684210526315789380e+01 8.084210526315786183e+00
8.480495909632784768e-01 2.272631578947368496e+02 2.684210526315789380e+01 1.131789473684209923e+01
8.780906350089026091e-01 2.272631578947368496e+02 2.684210526315789380e+01 1.455157894736841762e+01
9.086237580530069913e-01 2.272631578947368496e+02 2.684210526315789380e+01 1.778526315789473600e+01
9.396489600955905130e-01 2.272631578947368496e+02 2.684210526315789380e+01 2.101894736842104905e+01
9.711662411366540626e-01 2.272631578947368496e+02 2.684210526315789380e+01 2.425263157894736210e+01
1.003175601176197418e+00 2.272631578947368496e+02 2.684210526315789380e+01 2.748631578947367871e+01
1.035677040214221023e+00 2.272631578947368496e+02 2.684210526315789380e+01 3.071999999999999886e+01
5.037326040360575741e-01 2.540000000000000000e+02 3.000000000000000000e+01 -3.071999999999999886e+01
5.274068312532073088e-01 2.540000000000000000e+02 3.000000000000000000e+01 -2.748631578947368226e+01
5.515731374688367383e-01 2.540000000000000000e+02 3.000000000000000000e+01 -2.425263157894736921e+01
5.762315226829460846e-01 2.540000000000000000e+02 3.000000000000000000e+01 -2.101894736842105260e+01
6.013819868955351255e-01 2.540000000000000000e+02 3.000000000000000000e+01 -1.778526315789473600e+01
6.270245301066040833e-01 2.540000000000000000e+02 3.000000000000000000e+01 -1.455157894736842117e+01
6.531591523161526247e-01 2.540000000000000000e+02 3.000000000000000000e+01 -1.131789473684210634e+01
6.797858535241810829e-01 2.540000000000000000e+02 3.000000000000000000e+01 -8.084210526315789735e+00
7.069046337306892358e-01 2.540000000000000000e+02 3.000000000000000000e+01 -4.850526315789474907e+00
7.345154929356771945e-01 2.540000000000000000e+02 3.000000000000000000e+01 -1.616842105263159413e+00
7.626184311391449588e-01 2.540000000000000000e+02 3.000000000000000000e+01 1.616842105263156082e+00
7.912134483410925290e-01 2.540000000000000000e+02 3.000000000000000000e+01 4.850526315789474907e+00
8.203005445415197938e-01 2.540000000000000000e+02 3.000000000000000000e+01 8.084210526315786183e+00
8.498797197404268644e-01 2.540000000000000000e+02 3.000000000000000000e+01 1.131789473684209923e+01
8.799509739378136297e-01 2.540000000000000000e+02 3.000000000000000000e+01 1.455157894736841762e+01
9.105143071336803118e-01 2.540000000000000000e+02 3.000000000000000000e+01 1.778526315789473600e+01
9.415697193280267996e-01 2.540000000000000000e+02 3.000000000000000000e+01 2.101894736842104905e+01
9.731172105208528711e-01 2.540000000000000000e+02 3.000000000000000000e+01 2.425263157894736210e+01
1.005156780712159081e+00 2.540000000000000000e+02 3.000000000000000000e+01 2.748631578947367871e+01
1.037688429901944653e+00 2.540000000000000000e+02 3.000000000000000000e+01 3.071999999999999886e+01
