# author: Fabian Haberhauer
# source: https://jwst-docs.stsci.edu/files/216457506/216457540/1/1762454226715/nircam_throughputs_Jan2025_v7.zip
# date_created: 2025-12-04
# date_modified: 2025-12-04
# wavelength_unit: um
# changes:
#   - 2025-12-04 (FH) initial transcription from source
#
wavelength  transmission
2.0483000488281253 0.0
2.049300048828125 0.0
2.050300048828125 5.298195707248076e-06
2.051300048828125 4.010257717430989e-06
2.052300048828125 5.989551248321028e-06
2.053300048828125 6.174123854315401e-06
2.054300048828125 4.523230521709527e-06
2.055300048828125 4.806091091860338e-06
2.056300048828125 5.735048414006894e-06
2.057300048828125 5.883432540304884e-06
2.058300048828125 6.356768438054692e-06
2.059300048828125 6.797699707745509e-06
2.060300048828125 7.4680691116380996e-06
2.061300048828125 6.6524882832642135e-06
2.062300048828125 8.21803955498697e-06
2.063300048828125 9.998330535754557e-06
2.064300048828125 1.023186943910539e-05
2.065300048828125 1.0223200760207168e-05
2.066300048828125 1.143697652757586e-05
2.067300048828125 1.2115480097000563e-05
2.068300048828125 1.3801817908201291e-05
2.069300048828125 1.6217736465942237e-05
2.070300048828125 1.5140924563607632e-05
2.071300048828125 1.909005087863894e-05
2.072300048828125 2.256808122575006e-05
2.073300048828125 2.9753523472766393e-05
2.074300048828125 3.384545204072795e-05
2.075300048828125 3.847227498806372e-05
2.076300048828125 5.057637441200422e-05
2.077300048828125 6.056406065699041e-05
2.078300048828125 7.634891908619088e-05
2.079300048828125 0.00010057695689162608
2.080300048828125 0.0001312722031131684
2.081300048828125 0.00017230507897792114
2.082300048828125 0.00023324269634841273
2.083300048828125 0.0003213982546279257
2.084300048828125 0.0004451246073272194
2.085300048828125 0.0006376036545123394
2.086300048828125 0.0009258865262561357
2.087300048828125 0.0013961255837999207
2.088300048828125 0.0021039373226240865
2.089300048828125 0.0032344196473197617
2.090300048828125 0.005011562649949315
2.091300048828125 0.007536803741731673
2.092300048828125 0.011255287971650877
2.093300048828125 0.016109418617564507
2.094300048828125 0.02226976649860915
2.095300048828125 0.029819900307038176
2.096300048828125 0.03876331172658345
2.097300048828125 0.048872790484579695
2.098300048828125 0.059276108213401665
2.099300048828125 0.06922934861185932
2.100300048828125 0.077671593472343
2.101300048828125 0.0857938440207938
2.102300048828125 0.09540584858813403
2.103300048828125 0.10634891862263647
2.104300048828125 0.11849461304441027
2.105300048828125 0.1343428661169693
2.106300048828125 0.15175810527092892
2.107300048828125 0.1733767401975967
2.108300048828125 0.1960811243356675
2.109300048828125 0.22535926753559418
2.110300048828125 0.2555175851974522
2.111300048828125 0.2889260442685935
2.112300048828125 0.32312417639215113
2.113300048828125 0.35354629206281435
2.114300048828125 0.3836258128024946
2.115300048828125 0.40516972133648693
2.116300048828125 0.42197264627816133
2.117300048828125 0.4353417770521734
2.118300048828125 0.4431543938475426
2.119300048828125 0.44527765395130936
2.120300048828125 0.44895337020771686
2.121300048828125 0.44797842245711406
2.122300048828125 0.44935898792935236
2.123300048828125 0.4489536487672063
2.124300048828125 0.4451374098460065
2.125300048828125 0.4416787492786967
2.126300048828125 0.43443367110112235
2.127300048828125 0.42125988798443587
2.128300048828125 0.4021191124275258
2.129300048828125 0.37691308936017404
2.130300048828125 0.34473360468075476
2.131300048828125 0.31265705840873537
2.132300048828125 0.27632845021446606
2.133300048828125 0.243178521586499
2.134300048828125 0.21116184585511386
2.135300048828125 0.18195136167547338
2.136300048828125 0.15668863245803777
2.137300048828125 0.13503636556868767
2.138300048828125 0.11811131263848212
2.139300048828125 0.10265692187415232
2.140300048828125 0.08971750034960936
2.141300048828125 0.07758545108326495
2.142300048828125 0.06584127562650831
2.143300048828125 0.05530001905994317
2.144300048828125 0.04560080947848723
2.145300048828125 0.03741647434187487
2.146300048828125 0.02982163972410672
2.147300048828125 0.023405545926064076
2.148300048828125 0.018001074633277825
2.149300048828125 0.01341457165105183
2.150300048828125 0.00972812822916393
2.151300048828125 0.006803308416899022
2.152300048828125 0.004628146078567495
2.153300048828125 0.0030482026453466007
2.154300048828125 0.002006007121353982
2.155300048828125 0.0013156503616804335
2.156300048828125 0.0008734838688303728
2.157300048828125 0.0005963259864121531
2.158300048828125 0.0004179054413591738
2.159300048828125 0.00029514591960491486
2.160300048828125 0.00021738350372408702
2.161300048828125 0.00016048350886532466
2.162300048828125 0.00012020906736773224
2.163300048828125 9.397057930633781e-05
2.164300048828125 7.12508697530221e-05
2.165300048828125 5.713814813490743e-05
2.166300048828125 4.559703168556752e-05
2.167300048828125 3.7543502022607997e-05
2.168300048828125 2.9699218323470378e-05
2.169300048828125 2.5004730314550452e-05
2.170300048828125 2.247996937016083e-05
2.171300048828125 1.973028574990836e-05
2.172300048828125 1.5777123158920984e-05
2.173300048828125 1.5046196946756195e-05
2.174300048828125 1.2632002321908901e-05
2.175300048828125 1.1827672853146559e-05
2.176300048828125 9.699524255361536e-06
2.177300048828125 9.813682938255061e-06
2.178300048828125 8.982468002784018e-06
2.179300048828125 7.822398874771626e-06
2.180300048828125 9.576342853675922e-06
2.181300048828125 8.72074258649774e-06
2.182300048828125 8.001003649580036e-06
2.183300048828125 6.6051767680217835e-06
2.184300048828125 7.633923061148372e-06
2.185300048828125 6.170136249516754e-06
2.186300048828125 8.922247573275239e-06
2.187300048828125 5.5959556486567575e-06
2.188300048828125 5.53370938792213e-06
2.189300048828125 6.3200883631827805e-06
2.190300048828125 7.406387297801799e-06
2.191300048828125 8.495330794583061e-06
2.192300048828125 6.727089509555406e-06
2.193300048828125 5.94328071967666e-06
2.194300048828125 7.68451135419227e-06
2.195300048828125 3.928606950971706e-06
2.196300048828125 5.014861552682373e-06
2.197300048828125 7.989363303199816e-06
2.198300048828125 8.469215595904237e-06
2.199300048828125 6.2622697214947646e-06
2.200300048828125 4.788724877789328e-06
2.201300048828125 8.315905344694003e-06
2.202300048828125 8.233011850991296e-06
2.203300048828125 8.040147038211826e-06
2.204300048828125 8.250047535953144e-06
2.205300048828125 6.259134778517088e-06
2.206300048828125 6.639635737993342e-06
2.207300048828125 5.981751024308555e-06
2.208300048828125 7.867107045154639e-06
2.209300048828125 5.250542709090338e-06
2.210300048828125 3.542150312302824e-06
2.211300048828125 6.488183600332776e-06
2.212300048828125 9.233894808838995e-06
2.213300048828125 5.334850020178244e-06
2.214300048828125 8.040348443119258e-06
2.215300048828125 6.1468522461953344e-06
2.216300048828125 9.13861893606747e-06
2.217300048828125 6.312196139527527e-06
2.218300048828125 1.0281784827841872e-05
2.219300048828125 9.485098065053543e-06
2.220300048828125 7.238352857753737e-06
2.221300048828125 7.901461783700606e-06
2.222300048828125 6.629345470311e-06
2.223300048828125 7.943518213478188e-06
2.224300048828125 5.262104051497403e-06
2.225300048828125 6.899697695881862e-06
2.226300048828125 6.556565982204912e-06
2.227300048828125 6.485274677968098e-06
2.228300048828125 4.5927604287557765e-06
2.229300048828125 1.2461303826696728e-05
2.230300048828125 7.554084005616082e-06
2.231300048828125 1.049327286316061e-05
2.232300048828125 9.071087581952775e-06
2.233300048828125 7.202467937438858e-06
2.234300048828125 4.436095511790201e-06
2.235300048828125 8.779662202250556e-06
2.236300048828125 6.398866480747643e-06
2.237300048828125 9.271301321481475e-06
2.238300048828125 6.3679436864245565e-06
2.239300048828125 9.22084790067773e-06
2.240300048828125 6.093255727325853e-06
2.241300048828125 8.565861755567227e-06
2.242300048828125 1.0563986420916636e-05
2.243300048828125 7.573807052713221e-06
2.244300048828125 8.408490978965168e-06
2.245300048828125 1.3019630754376142e-05
2.246300048828125 9.971176576033114e-06
2.247300048828125 9.600144891886744e-06
2.248300048828125 4.403130338372573e-06
2.249300048828125 1.1157726012535145e-05
2.250300048828125 8.898411154236798e-06
2.2513000488281247 0.0
2.2523000488281246 0.0
