# author: Fabian Haberhauer
# source: https://jwst-docs.stsci.edu/files/216457506/216457540/1/1762454226715/nircam_throughputs_Jan2025_v7.zip
# date_created: 2025-12-04
# date_modified: 2025-12-04
# wavelength_unit: um
# changes:
#   - 2025-12-04 (FH) initial transcription from source
#
wavelength  transmission
0.9682000122070312 0.0
0.9692000122070312 0.0
0.9702000122070312 5.077655304746889e-06
0.9712000122070312 6.0275387949257945e-06
0.9722000122070312 7.002106704209759e-06
0.9732000122070312 7.979833975916806e-06
0.9742000122070312 8.880255596891698e-06
0.9752000122070312 9.762961927962644e-06
0.9762000122070312 1.0668734864309234e-05
0.9772000122070312 1.1782361950173782e-05
0.9782000122070312 1.32102134732799e-05
0.9792000122070312 1.5166313851515381e-05
0.9802000122070312 1.778441549939827e-05
0.9812000122070312 2.1321963184298444e-05
0.9822000122070312 2.6115912418520624e-05
0.9832000122070312 3.2487784803813586e-05
0.9842000122070312 4.0714942996792194e-05
0.9852000122070312 5.1211044498137015e-05
0.9862000122070312 6.401925799974886e-05
0.9872000122070312 7.934032139714911e-05
0.9882000122070312 9.723367078612273e-05
0.9892000122070312 0.0001176976187994947
0.9902000122070312 0.00014094526540684213
0.9912000122070312 0.00016682598590243218
0.9922000122070312 0.00019603001433273262
0.9932000122070312 0.00022938623629577135
0.9942000122070312 0.0002684036271134773
0.9952000122070312 0.0003149009709650821
0.9962000122070312 0.0003726379201291836
0.9972000122070312 0.0004465632432884534
0.9982000122070313 0.013188512692332345
0.9992000122070313 0.02744596704416641
1.0002000122070311 0.04342348395919356
1.0012000122070313 0.04838923691281051
1.0022000122070311 0.05429926019246729
1.0032000122070313 0.0603449688782301
1.0042000122070311 0.06786714203400727
1.0052000122070313 0.07618562942658286
1.0062000122070311 0.0869924133005681
1.0072000122070313 0.09914925523518976
1.0082000122070311 0.11292966763753727
1.0092000122070313 0.1282717406115197
1.0102000122070312 0.14459884753237012
1.0112000122070313 0.16243010800032914
1.0122000122070312 0.18032001985626048
1.0132000122070313 0.1986574452830688
1.0142000122070312 0.21497156936963158
1.0152000122070313 0.22902597713087533
1.0162000122070312 0.23913717255923864
1.0172000122070313 0.24631104848227095
1.0182000122070312 0.24987311618419505
1.0192000122070313 0.2516754074727472
1.0202000122070312 0.25169136317674945
1.0212000122070313 0.2519825870678848
1.0222000122070312 0.25141341069243306
1.0232000122070313 0.251296115034287
1.024199951171875 0.2506903875612214
1.025199951171875 0.2510868096005121
1.026199951171875 0.2513192232965784
1.027199951171875 0.25230243256104645
1.028199951171875 0.2534090913356719
1.029199951171875 0.2545133314506727
1.030199951171875 0.25604721837187644
1.031199951171875 0.25751751234204934
1.032199951171875 0.2599272476307411
1.033199951171875 0.2614889458506956
1.034199951171875 0.26412890186493704
1.035199951171875 0.2660594178712283
1.036199951171875 0.26796163473178736
1.037199951171875 0.26832632271958223
1.038199951171875 0.2703086937106879
1.039199951171875 0.2717016082922345
1.040199951171875 0.2736344616092271
1.041199951171875 0.2739658114175855
1.042199951171875 0.2750727787556534
1.043199951171875 0.27549105240834004
1.044199951171875 0.27617734538487926
1.045199951171875 0.27671033547092977
1.046199951171875 0.27794346012275994
1.047199951171875 0.278966913264918
1.048199951171875 0.2798604614241336
1.049199951171875 0.28062683526105
1.050199951171875 0.2814565476617639
1.051199951171875 0.28270054913005416
1.052199951171875 0.28363002715507346
1.053199951171875 0.28445938336096266
1.054199951171875 0.28549426847506243
1.055199951171875 0.28566808260901405
1.056199951171875 0.28597371263196825
1.057199951171875 0.28558349565415764
1.058199951171875 0.285841647458723
1.059199951171875 0.28560053056972834
1.060199951171875 0.2846327921872291
1.061199951171875 0.28371638190219056
1.062199951171875 0.28233371930961476
1.063199951171875 0.2806715906571644
1.064199951171875 0.27923061698666757
1.065199951171875 0.27783433504188143
1.066199951171875 0.2766987073875733
1.067199951171875 0.27443850787373864
1.068199951171875 0.27261831997310587
1.069199951171875 0.2702946077192178
1.070199951171875 0.26800659089011547
1.071199951171875 0.26605462766974913
1.072199951171875 0.26408055802077995
1.073199951171875 0.2627540810665849
1.074199951171875 0.2609905707681393
1.075199951171875 0.25996778297016515
1.076199951171875 0.2593832700726625
1.077199951171875 0.2588404804710838
1.078199951171875 0.25894121011710414
1.079199951171875 0.2584288948843023
1.080199951171875 0.2588785296436384
1.081199951171875 0.2595632402581637
1.082199951171875 0.2605912173661306
1.083199951171875 0.26102140971639143
1.084199951171875 0.26214113134776806
1.085199951171875 0.2630656546852521
1.086199951171875 0.2648759880000832
1.087199951171875 0.2659618553981343
1.088199951171875 0.26811227100334495
1.089199951171875 0.2699701669850812
1.090199951171875 0.2726320818390443
1.091199951171875 0.27501956315197423
1.092199951171875 0.2776089183545637
1.093199951171875 0.2799245685475579
1.094199951171875 0.28231580973042003
1.095199951171875 0.2847209006538919
1.096199951171875 0.2864958460323137
1.097199951171875 0.2892444084203206
1.098199951171875 0.2916136898082003
1.099199951171875 0.29392572299397596
1.100199951171875 0.2946760923972742
1.101199951171875 0.2957461237152091
1.102199951171875 0.2969908202957702
1.103199951171875 0.2983815277450062
1.104199951171875 0.29894966764899455
1.105199951171875 0.30001044524098924
1.106199951171875 0.30044861855335786
1.107199951171875 0.30078102540062396
1.108199951171875 0.30033171955786875
1.109199951171875 0.30005189422119005
1.110199951171875 0.3005099637355668
1.111199951171875 0.3004057341352581
1.112199951171875 0.3005879250984433
1.113199951171875 0.3001202205894592
1.114199951171875 0.3000084560290551
1.115199951171875 0.2995288050981089
1.116199951171875 0.29856839253444645
1.117199951171875 0.2978076367518946
1.118199951171875 0.2968702097218886
1.119199951171875 0.2962682907068602
1.120199951171875 0.29610272066309395
1.121199951171875 0.2952936020801365
1.122199951171875 0.29467599587804655
1.123199951171875 0.2933649405050727
1.124199951171875 0.2933701229905003
1.125199951171875 0.29304712824159995
1.126199951171875 0.29354118965773984
1.127199951171875 0.29376680515241105
1.128199951171875 0.29472512383634586
1.129199951171875 0.29517540172323364
1.130199951171875 0.29576158076904496
1.131199951171875 0.29624525382783273
1.132199951171875 0.2975303600890285
1.133199951171875 0.2983744293336658
1.134199951171875 0.2994170176346347
1.135199951171875 0.300023436651145
1.136199951171875 0.30124916134257834
1.137199951171875 0.3027814375053602
1.138199951171875 0.30363700722941167
1.139199951171875 0.3052635833209298
1.140199951171875 0.3060665177433533
1.141199951171875 0.3080927802454353
1.142199951171875 0.31036088823099334
1.143199951171875 0.3129947402964798
1.144199951171875 0.31580296698703897
1.145199951171875 0.3181301929060445
1.146199951171875 0.31989935913445255
1.147199951171875 0.3215352052706871
1.148199951171875 0.3230651913749651
1.149199951171875 0.32551267468845035
1.150199951171875 0.3274881666928508
1.151199951171875 0.32952251967948337
1.152199951171875 0.33147338774605223
1.153199951171875 0.3329098830390441
1.154199951171875 0.3345649957250345
1.155199951171875 0.33629698994123874
1.156199951171875 0.33836279158115756
1.157199951171875 0.3404810784122413
1.158199951171875 0.34221566462055064
1.159199951171875 0.34481919499664565
1.160199951171875 0.34578397772312036
1.161199951171875 0.3476219175998997
1.162199951171875 0.34862412534091636
1.163199951171875 0.3506239382718444
1.164199951171875 0.35167924626606073
1.165199951171875 0.35288056634034215
1.166199951171875 0.3539363346046357
1.167199951171875 0.35523559874128696
1.168199951171875 0.35584918385485415
1.169199951171875 0.35657699488295175
1.170199951171875 0.35720359537340823
1.171199951171875 0.35768948039111437
1.172199951171875 0.3583397234602144
1.173199951171875 0.35857899510761404
1.174199951171875 0.3591407899674832
1.175199951171875 0.3595570346895928
1.176199951171875 0.3594066332388735
1.177199951171875 0.3598597153577393
1.178199951171875 0.3595901950925738
1.179199951171875 0.35942547809573167
1.180199951171875 0.3590831578543261
1.181199951171875 0.359490517855533
1.182199951171875 0.36005576692576935
1.183199951171875 0.3596271280362277
1.184199951171875 0.35903849025501927
1.185199951171875 0.3583366604237811
1.186199951171875 0.357744637592755
1.187199951171875 0.35628601767664997
1.188199951171875 0.3556794185863832
1.189199951171875 0.35571835524828593
1.190199951171875 0.35609339792661493
1.191199951171875 0.3552742766621496
1.192199951171875 0.3533151920980676
1.193199951171875 0.35254567589445923
1.194199951171875 0.3515624175743955
1.195199951171875 0.350598621397607
1.196199951171875 0.34916666084225745
1.197199951171875 0.348578146787252
1.198199951171875 0.3480851363395517
1.199199951171875 0.34763154732561746
1.200199951171875 0.3470242307950191
1.201199951171875 0.34703513337003294
1.202199951171875 0.3469741808267414
1.203199951171875 0.34618192050307206
1.204199951171875 0.34633952379957067
1.205199951171875 0.3461023583818069
1.206199951171875 0.3459405355113482
1.207199951171875 0.3457142115773876
1.208199951171875 0.3455938490177003
1.209199951171875 0.3466558997044957
1.210199951171875 0.34635753869200353
1.211199951171875 0.3471533394933305
1.212199951171875 0.3469857098053248
1.213199951171875 0.34829986255105905
1.214199951171875 0.34861159876402353
1.215199951171875 0.34962442318750764
1.216199951171875 0.3496514406020404
1.217199951171875 0.35014810468146124
1.218199951171875 0.35148865218831976
1.219199951171875 0.352636730596528
1.220199951171875 0.3538769386141023
1.221199951171875 0.3550986741334222
1.222199951171875 0.35687395100470537
1.223199951171875 0.3586467379382442
1.224199951171875 0.3598705161997381
1.225199951171875 0.3612268655735682
1.226199951171875 0.36286958721222834
1.227199951171875 0.36494996622023496
1.228199951171875 0.3665825561603257
1.229199951171875 0.36789837103622897
1.230199951171875 0.3697403577629289
1.231199951171875 0.37087718046833007
1.232199951171875 0.3727031666986922
1.233199951171875 0.37330997986704206
1.234199951171875 0.37494698137150484
1.235199951171875 0.3758530876973556
1.236199951171875 0.376730539136606
1.237199951171875 0.3770888654130823
1.238199951171875 0.37773937483391673
1.239199951171875 0.37796957630298145
1.240199951171875 0.3791463741770318
1.241199951171875 0.3797964156623714
1.242199951171875 0.38133966089470683
1.243199951171875 0.3820657220397847
1.244199951171875 0.3835165979888937
1.245199951171875 0.3844734151816858
1.246199951171875 0.38532370778870356
1.247199951171875 0.38550106557900077
1.248199951171875 0.38617743767939555
1.249199951171875 0.38728305339464647
1.250199951171875 0.3878678954472603
1.251199951171875 0.3894113439186886
1.252199951171875 0.39038145367990534
1.253199951171875 0.39133420579660755
1.254199951171875 0.39122803420424174
1.255199951171875 0.39102661989107507
1.256199951171875 0.39129604154102426
1.257199951171875 0.39225310036438554
1.258199951171875 0.39233858110859204
1.259199951171875 0.39254391782632847
1.260199951171875 0.3923816296983851
1.261199951171875 0.39286370813493027
1.262199951171875 0.3931134547939246
1.263199951171875 0.39305083697767595
1.264199951171875 0.39305684298485294
1.265199951171875 0.39339904021518984
1.266199951171875 0.39267725888432903
1.267199951171875 0.3929466662359861
1.268199951171875 0.39264156377676634
1.269199951171875 0.392546938590411
1.270199951171875 0.39050331253743714
1.271199951171875 0.38744053503697895
1.272199951171875 0.38228698309788656
1.273199951171875 0.37638184488933
1.274199951171875 0.36722157389987786
1.275199951171875 0.3551191574491558
1.276199951171875 0.33804623458713806
1.277199951171875 0.31757080509823954
1.278199951171875 0.2926949356977964
1.279199951171875 0.2650999989682013
1.280199951171875 0.2356983454428434
1.281199951171875 0.2066290196897907
1.282199951171875 0.17933304779662074
1.283199951171875 0.15494189276425976
1.284199951171875 0.13344278846594754
1.285199951171875 0.11492534047778515
1.286199951171875 0.09840563088327642
1.287199951171875 0.08456506822566102
1.288199951171875 0.07242591537706278
1.289199951171875 0.06285949190072315
1.290199951171875 0.05460752424878666
1.291199951171875 0.04789949905982253
1.292199951171875 0.04178942264279549
1.293199951171875 0.036996457705204204
1.294199951171875 0.032649730135866584
1.295199951171875 0.029085074751209798
1.296199951171875 0.02543533813129046
1.297199951171875 0.02185201561455805
1.298199951171875 0.018182244185001015
1.299199951171875 0.014890382633901952
1.300199951171875 0.012131287024631995
1.301199951171875 0.009829760931332159
1.302199951171875 0.007967649496908867
1.303199951171875 0.006457808596143048
1.304199951171875 0.005265149789306329
1.305199951171875 0.004287139983465624
1.306199951171875 0.003495305595246578
1.307199951171875 0.0028583139546046877
1.308199951171875 0.002353631007244567
1.309199951171875 0.001954040664266455
1.310199951171875 0.001628327843514985
1.311199951171875 0.0013608784777331853
1.312199951171875 0.0011418350986172343
1.313199951171875 0.0009649742574244474
1.314199951171875 0.0008160909587957934
1.315199951171875 0.0006929523966513002
1.316199951171875 0.0005889891746464249
1.317199951171875 0.0005030787906518258
1.318199951171875 0.000431229257989812
1.319199951171875 0.0003703666586778137
1.320199951171875 0.00031840493013462676
1.321199951171875 0.00027548465854458426
1.322199951171875 0.00023935436163891277
1.323199951171875 0.0002090022766325068
1.324199951171875 0.00018219029246811628
1.325199951171875 0.00015891017356612253
1.326199951171875 0.00013978046912274176
1.327199951171875 0.0001230091642811395
1.328199951171875 0.00010872044694379789
1.329199951171875 9.535821207320075e-05
1.330199951171875 8.492399287199927e-05
1.331199951171875 7.555976240297783e-05
1.332199951171875 6.765996715014831e-05
1.333199951171875 6.035488395060167e-05
1.334199951171875 5.4260207491555925e-05
1.335199951171875 4.8508106280528124e-05
1.336199951171875 4.36231760591769e-05
1.337199951171875 3.936859646635512e-05
1.338199951171875 3.565140714357685e-05
1.339199951171875 3.2292410290161595e-05
1.340199951171875 2.9360707891823478e-05
1.341199951171875 2.6902328078843875e-05
1.342199951171875 2.4795970215920627e-05
1.343199951171875 2.2904658732329527e-05
1.344199951171875 2.1278779885355797e-05
1.345199951171875 1.9458812638309494e-05
1.346199951171875 1.7625961292483455e-05
1.347199951171875 1.6398155551700767e-05
1.348199951171875 1.5145154439980168e-05
1.349199951171875 1.383368175128442e-05
1.350199951171875 1.2519414367746873e-05
1.351199951171875 1.185726199110778e-05
1.352199951171875 1.0994138880748161e-05
1.353199951171875 1.040102278638349e-05
1.354199951171875 9.192813186440109e-06
1.3551999511718749 0.0
1.356199951171875 0.0
