# author: Fabian Haberhauer
# source: https://jwst-docs.stsci.edu/files/216457506/216457540/1/1762454226715/nircam_throughputs_Jan2025_v7.zip
# date_created: 2025-12-04
# date_modified: 2025-12-04
# wavelength_unit: um
# changes:
#   - 2025-12-04 (FH) initial transcription from source
#
wavelength  transmission
1.5985000000000005 0.0
1.5995 0.0
1.6005 5.492402913787954e-07
1.6015 7.999518511827117e-07
1.6025 4.7484651059608407e-07
1.6035 1.0363048860228924e-06
1.6045 2.0454733558064594e-06
1.6055 3.9555627798588854e-08
1.6065 9.619872732330727e-07
1.6075 1.398953461310949e-06
1.6085 3.0746388305457717e-07
1.6095 1.3812552320574687e-06
1.6105 1.3558205612756636e-06
1.6115 1.0904687537196458e-06
1.6125 2.9421985117588998e-06
1.6135 1.257898184321712e-06
1.6145 2.2320743733484735e-06
1.6155 1.2850980835864997e-06
1.6165 2.577048267374162e-06
1.6175 2.584522276073299e-06
1.6185 2.616364319381452e-06
1.6195 1.156958478150656e-06
1.6205 2.975946684563344e-06
1.6215 1.445077164164589e-06
1.6225 3.2539891586505327e-06
1.6235 4.068606388224886e-06
1.6245 3.835846792590975e-06
1.6255 5.537490181231534e-06
1.6265 5.44138466873232e-06
1.6275 4.225199020673591e-06
1.6285 6.55822205787071e-06
1.6295 8.127572786516766e-06
1.6305 8.286637867394131e-06
1.6315 8.989917070705923e-06
1.6325 7.802837745915044e-06
1.6335 1.0177833205997643e-05
1.6345 9.33395566994747e-06
1.6355 1.1844350023156669e-05
1.6365 1.2217996429486287e-05
1.6375 1.3244008529242702e-05
1.6385 1.5115769548737727e-05
1.6395 1.6164425065031397e-05
1.6405 1.4305345132084236e-05
1.6415 1.821485660283458e-05
1.6425 1.8035548762727895e-05
1.6435 2.073680916416913e-05
1.6445 2.181619687121445e-05
1.6455 2.4452021811220706e-05
1.6465 2.5595717196302016e-05
1.6475 2.647862433841854e-05
1.6485 2.6549971246258877e-05
1.6495 2.9039767221186217e-05
1.6505 3.0040590951062326e-05
1.6515 3.282484305908777e-05
1.6525 3.536837682685978e-05
1.6535 4.0403549358111464e-05
1.6545 4.385313763601777e-05
1.6555 4.3068508853513133e-05
1.6565 4.7714554412830855e-05
1.6575 5.582958659952311e-05
1.6585 6.023119021353665e-05
1.6595 6.624829994983536e-05
1.6605 7.546883416728667e-05
1.6615 8.409137418524933e-05
1.6625 9.529672353707192e-05
1.6635 0.0001089892892944315
1.6645 0.00012387998730016203
1.6655 0.00014378674437114832
1.6665 0.0001634148292931895
1.6675 0.00019387133314266642
1.6685 0.00022234658348932888
1.6695 0.0002557668696547552
1.6705 0.00029587121386772264
1.6715 0.00033815833648803895
1.6725 0.0003866131458467072
1.6735 0.0004393417367198125
1.6745 0.0005061161270462416
1.6755 0.0005811995462320052
1.6765 0.0006595833585679015
1.6775 0.0007422769223356586
1.6785 0.0008157612110791478
1.6795 0.0009301236609676009
1.6805 0.0010433601454140932
1.6815 0.0011697478080342529
1.6825 0.0013059975582813109
1.6835 0.0014434434135560475
1.6845 0.0016059614664575166
1.6855 0.0017603854196113606
1.6865 0.0019701127097509017
1.6875 0.0021634583743010663
1.6885 0.0023882665999780768
1.6895 0.0027119989586469493
1.6905 0.0029793765703525618
1.6915 0.00336411531930472
1.6925 0.003749869003988115
1.6935 0.0042663780156814626
1.6945 0.0049046246592734264
1.6955 0.005500147949804059
1.6965 0.006415691160750352
1.6975 0.0076767836971349
1.6985 0.009079018310693226
1.6995 0.011008596014588848
1.7005 0.012846812983076189
1.7015 0.015610119084650653
1.7025 0.018990833890582547
1.7035 0.022552582703317704
1.7045 0.025391571558768502
1.7055 0.02789188389648149
1.7065 0.03104876259006579
1.7075 0.03413893662519044
1.7085 0.03849257928576788
1.7095 0.04414623869088703
1.7105 0.04752660901565265
1.7115 0.05586889656736163
1.7125 0.062396559393763346
1.7135 0.07373150238596712
1.7145 0.08335859308761193
1.7155 0.10069127319012529
1.7165 0.11823095718505999
1.7175 0.14031522059418913
1.7185 0.1681384856261361
1.7195 0.18793967612210777
1.7205 0.2200812330328237
1.7215 0.2510253822624378
1.7225 0.2843024987411405
1.7235 0.3106504518931757
1.7245 0.3284320375582693
1.7255 0.3542249585003585
1.7265 0.3630147220000814
1.7275 0.36901899138243655
1.7285 0.37868910890240914
1.7295 0.3847884782769789
1.7305 0.3844133207550428
1.7315 0.4003893885972585
1.7325 0.40342607995808766
1.7335 0.4097989575738847
1.7345 0.4178383475134635
1.7355 0.4257357030040694
1.7365 0.43461733111663026
1.7375 0.4481284115281363
1.7385 0.44852102348538414
1.7395 0.4564701488209612
1.7405 0.4649261938644306
1.7415 0.4646570107763772
1.7425 0.4766724597406692
1.7435 0.4810637521672538
1.7445 0.4736850276390023
1.7455 0.4835971632324728
1.7465 0.48152804585663844
1.7475 0.4793101267513064
1.7485 0.47895542613805986
1.7495 0.47192331636465534
1.7505 0.49268245351515866
1.7515 0.48064102359290967
1.7525 0.4826544768224126
1.7535 0.48050991121626185
1.7545 0.4820919083145315
1.7555 0.481967736849876
1.7565 0.49085988996910795
1.7575 0.48771555563788915
1.7585 0.48956676536865534
1.7595 0.4855900600918355
1.7605 0.48918244703743596
1.7615 0.4936649680864834
1.7625 0.4926131098636637
1.7635 0.4916579810658776
1.7645 0.4838634691548692
1.7655 0.48954998108803205
1.7665 0.4968407489110231
1.7675 0.49416609085618696
1.7685 0.4931271030821842
1.7695 0.4852125016486675
1.7705 0.48937091962651114
1.7715 0.4952252479115406
1.7725 0.4881949583707581
1.7735 0.48137941190832517
1.7745 0.48604580495125677
1.7755 0.48477998444789316
1.7765 0.4789134426774604
1.7775 0.4910717449071653
1.7785 0.4755118724994829
1.7795 0.4857956504335649
1.7805 0.4842367667273814
1.7815 0.47975774282638567
1.7825 0.4765263234243849
1.7835 0.48121355838484153
1.7845 0.4834251602343357
1.7855 0.4791801191882036
1.7865 0.4721360626686559
1.7875 0.4740214170381295
1.7885 0.48053923057587933
1.7895 0.4710820101996496
1.7905 0.47139509331158075
1.7915 0.46993334036649964
1.7925 0.4719705259333755
1.7935 0.4720831497929779
1.7945 0.46271770312521593
1.7955 0.4732817259019426
1.7965 0.4701874660264248
1.7975 0.46564711770135914
1.7985 0.46439019208066323
1.7995 0.4709786950549921
1.8005 0.47095921734012514
1.8015 0.4704193541658219
1.8025 0.47682333888022904
1.8035 0.4733873880941457
1.8045 0.4653289291871538
1.8055 0.47103622246961807
1.8065 0.4789493250310899
1.8075 0.4886941945963528
1.8085 0.4808690707323695
1.8095 0.48392289020106705
1.8105 0.48727155282675155
1.8115 0.4884915922947489
1.8125 0.4830883805129141
1.8135 0.49274473647482636
1.8145 0.48375638056247244
1.8155 0.492288575096549
1.8165 0.4943567127372993
1.8175 0.49593348380064317
1.8185 0.49153309297235526
1.8195 0.504891048154502
1.8205 0.49630081056340525
1.8215 0.4960836029912432
1.8225 0.49766436532030767
1.8235 0.5003804398356467
1.8245 0.49768193791484594
1.8255 0.4972481637844369
1.8265 0.5038352949877116
1.8275 0.49720204178971783
1.8285 0.49726425826823506
1.8295 0.495448486277237
1.8305 0.4941791209743248
1.8315 0.5104731998550983
1.8325 0.49568646135202066
1.8335 0.49271396141158186
1.8345 0.5022349764031091
1.8355 0.49263568178954686
1.8365 0.49734965715689927
1.8375 0.4963833928489868
1.8385 0.490009409247883
1.8395 0.49254813366270866
1.8405 0.49447456347849666
1.8415 0.4884826663184676
1.8425 0.4894357799642872
1.8435 0.49499447707647776
1.8445 0.4849077205723181
1.8455 0.48975880775540775
1.8465 0.47824668311906315
1.8475 0.4893131759688367
1.8485 0.48138353005541756
1.8495 0.4828406094966786
1.8505 0.48161110679739827
1.8515 0.4793312080764262
1.8525 0.47691085071579536
1.8535 0.47809736501396777
1.8545 0.4726188328373401
1.8555 0.4739129316571894
1.8565 0.47825848062809184
1.8575 0.4762015575783279
1.8585 0.4781885196396045
1.8595 0.47980044948716805
1.8605 0.4768049868882944
1.8615 0.47706463321064985
1.8625 0.47748618585450414
1.8635 0.47683495722594693
1.8645 0.4822788951243874
1.8655 0.482018592359413
1.8665 0.48657069324442515
1.8675 0.4876994982098044
1.8685 0.4899073315330832
1.8695 0.49304726563986195
1.8705 0.49531520577191496
1.8715 0.4904011728658284
1.8725 0.496979421611402
1.8735 0.49939546095065046
1.8745 0.5053764537576277
1.8755 0.5073778464644871
1.8765 0.4967229235232286
1.8775 0.5101793683647099
1.8785 0.5027487812857784
1.8795 0.5070248453178774
1.8805 0.5039818620042773
1.8815 0.506983026846398
1.8825 0.5063382099468036
1.8835 0.5056905398940647
1.8845 0.5086315555608005
1.8855 0.5044474687388607
1.8865 0.5042943088037879
1.8875 0.5106654342101924
1.8885 0.5031716837109238
1.8895 0.5059472686857187
1.8905 0.5019565434734492
1.8915 0.5009112919993469
1.8925 0.5083546964725785
1.8935 0.49822683863204154
1.8945 0.49866869170799333
1.8955 0.4999498674419423
1.8965 0.49706030892171
1.8975 0.5015526770307096
1.8985 0.49583116829078183
1.8995 0.490794451830052
1.9005 0.494189828409822
1.9015 0.49487349625494
1.9025 0.49088584094400245
1.9035 0.4831094415334948
1.9045 0.4926979990207757
1.9055 0.4840731153116737
1.9065 0.48705941586819446
1.9075 0.48040217249749156
1.9085 0.4898901798657663
1.9095 0.4879869791514849
1.9105 0.4818218841600775
1.9115 0.4879223863162354
1.9125 0.4805918581233685
1.9135 0.4819203894300082
1.9145 0.48030003016481276
1.9155 0.485005159076184
1.9165 0.48831175640910707
1.9175 0.48487428992156645
1.9185 0.48297851321166396
1.9195 0.4883371213735508
1.9205 0.4818636080661952
1.9215 0.49403244477443153
1.9225 0.4885060027980267
1.9235 0.4896342787597481
1.9245 0.4899068494261252
1.9255 0.49561655935595694
1.9265 0.49273202386162623
1.9275 0.4967875158491263
1.9285 0.49801287797779276
1.9295 0.5034206943968067
1.9305 0.4966197565572953
1.9315 0.5050993746764223
1.9325 0.4906502393803647
1.9335 0.5061615897302011
1.9345 0.5072107903825531
1.9355 0.49620928672195463
1.9365 0.5035883854046537
1.9375 0.4964210325933953
1.9385 0.5065326948687476
1.9395 0.5034179564204846
1.9405 0.49926499577351935
1.9415 0.5029761253419874
1.9425 0.49592658098879916
1.9435 0.5083999564515326
1.9445 0.5039922336280896
1.9455 0.5100558032128545
1.9465 0.5054858139737811
1.9475 0.5019637823814321
1.9485 0.5073568576841935
1.9495 0.5045864758063923
1.9505 0.5000365769017521
1.9515 0.5100144767608801
1.9525 0.5030580557048288
1.9535 0.49295408473669156
1.9545 0.49923101826672334
1.9555 0.4874454338507638
1.9565 0.4807766622786045
1.9575 0.46724349416419303
1.9585 0.4486700112509805
1.9595 0.4385971377400941
1.9605 0.4151359472149565
1.9615 0.3995195883681693
1.9625 0.38265964187047785
1.9635 0.3562215494525821
1.9645 0.3303487595903728
1.9655 0.30541538754768405
1.9665 0.284358769435608
1.9675 0.25593697454014724
1.9685 0.23668258059286132
1.9695 0.21218421115549674
1.9705 0.19173148649045316
1.9715 0.17297214793283372
1.9725 0.15550468181752125
1.9735 0.14165676246034686
1.9745 0.12584263092733153
1.9755 0.11337276225225437
1.9765 0.10622303543327459
1.9775 0.09325527874720269
1.9785 0.08649264154057529
1.9795 0.07797792166576542
1.9805 0.07055991755245117
1.9815 0.06343165353768572
1.9825 0.057166872635674056
1.9835 0.04993601782025365
1.9845 0.04544379792111643
1.9855 0.03988192860395344
1.9865 0.034627310169276074
1.9875 0.029577127835092185
1.9885 0.026950743345832688
1.9895 0.022740528919291576
1.9905 0.020627917284667435
1.9915 0.017692985094691756
1.9925 0.015500947047957032
1.9935 0.013471466330887106
1.9945 0.011704669533210022
1.9955 0.010253887392128461
1.9965 0.008668706762859331
1.9975 0.007963598117936987
1.9985 0.0066945185578767994
1.9995 0.006012478786125862
2.0005 0.005288175321036545
2.0015 0.004757448327850824
2.0025 0.004104494636882121
2.0035 0.003653911961027873
2.0045 0.003267349703213574
2.0055 0.002895467489292547
2.0065 0.002549318053888929
2.0075 0.002284147215247568
2.0085 0.002011202195185689
2.0095 0.0018488727896565826
2.0105 0.0016252178887925259
2.0115 0.0014834527090418692
2.0125 0.001334436952165306
2.0135 0.0011918534093622209
2.0145 0.0010817302465276303
2.0155 0.0009560862717608152
2.0165 0.0009064389765014446
2.0175 0.0008250291881423254
2.0185 0.000736043314947406
2.0195 0.0006633011293412695
2.0205 0.0006213001940813408
2.0215 0.0005598735410595556
2.0225 0.0005183544548765585
2.0235 0.00047759764461163004
2.0245 0.00044099434575680887
2.0255 0.0003948906263445226
2.0265 0.00037260058138169474
2.0275 0.0003412280947838064
2.0285 0.0003208308252870936
2.0295 0.0002990283936261726
2.0305 0.00028072757970011325
2.0315 0.0002541389016842343
2.0325 0.0002475591767063398
2.0335 0.00022523312546328584
2.0345 0.00021131376740217203
2.0355 0.00019331069913816186
2.0365 0.00018704765235612208
2.0375 0.00016957946490380645
2.0385 0.00015736482635941813
2.0395 0.0001489184195640495
2.0405 0.00014695695957701163
2.0415 0.0001392726633911096
2.0425 0.00012876652769539538
2.0435 0.00012062258662407958
2.0445 0.0001164539182517172
2.0455 0.00010210464885636395
2.0465 9.490603227077392e-05
2.0475 8.93379509934339e-05
2.0485 8.874246070698114e-05
2.0495 7.521583501026135e-05
2.0505 7.611363107922139e-05
2.0515 7.317065550126467e-05
2.0525 6.318220682567069e-05
2.0535 5.802623363243584e-05
2.0545 6.237631516451592e-05
2.0555 5.049336242815206e-05
2.0565 5.4893567731480207e-05
2.0575 5.33408982792949e-05
2.0585 3.5023247856046546e-05
2.0595 3.966485327736669e-05
2.0605 4.250280414484195e-05
2.0615 3.8179783213779796e-05
2.0625 4.044526028296205e-05
2.0635 3.8207744354525766e-05
2.0645 1.7355413027289727e-05
2.0655 3.30414835451965e-05
2.0665 3.085451569184285e-05
2.0675 2.5588908222853227e-05
2.0685 1.8723804368197e-05
2.0695 2.2962261303973567e-05
2.0705 2.355629942127337e-05
2.0715 2.23171344736233e-05
2.0725 1.1938384019568318e-05
2.0735 1.5256994859724335e-05
2.0745 1.090500320469791e-05
2.0755 1.2973088863510418e-05
2.0765 3.815632115488911e-06
2.0775 1.7412491244281027e-05
2.0785 1.9125609846532845e-05
2.0795 1.3097278271595752e-05
2.0805 3.5508324234808694e-06
2.0815 1.1018360612183852e-05
2.0825 1.0444645574339622e-05
2.0835 1.1818363527868607e-05
2.0845 8.604867941767586e-06
2.0855 9.332818699140159e-06
2.0865 9.306544664161504e-06
2.0875 1.8373997009310471e-06
2.0885 4.222516627206237e-06
2.0895 1.540540454107998e-05
2.0905 5.894330404152104e-06
2.0915 6.7113059446106955e-06
2.0925 1.9595966141500913e-06
2.0935 1.0075530328302244e-05
2.0945 3.6616701268144314e-06
2.0955 2.9354498845913323e-06
2.0965 6.526484987840316e-06
2.0975 6.126998845050183e-06
2.0985 5.322489576472522e-11
2.0995 1.0014886945557746e-05
2.1005 2.445958388178148e-06
2.1015 0.0
2.1025 0.0
