# author: Fabian Haberhauer
# source: https://jwst-docs.stsci.edu/files/216457506/216457540/1/1762454226715/nircam_throughputs_Jan2025_v7.zip
# date_created: 2025-12-04
# date_modified: 2025-12-04
# wavelength_unit: um
# changes:
#   - 2025-12-04 (FH) initial transcription from source
#
wavelength  transmission
1.8985999755859375 0.0
1.8995999755859376 0.0
1.9005999755859373 6.79638023290385e-06
1.9015999755859372 6.897662919875235e-06
1.9025999755859373 7.534076938763868e-06
1.9035999755859372 8.521201386517199e-06
1.9045999755859373 8.748080592226542e-06
1.9055999755859372 9.602456072437803e-06
1.9065999755859373 9.529049576412735e-06
1.9075999755859372 1.0627948675801015e-05
1.9085999755859373 1.2333465554905721e-05
1.9095999755859372 1.2321893790156417e-05
1.9105999755859373 1.4510126926036742e-05
1.9115999755859372 1.5114192657863681e-05
1.9125999755859373 1.5374729821544004e-05
1.9135999755859372 1.8927501964841695e-05
1.9145999755859373 1.983397856799441e-05
1.9155999755859372 2.1924602547392036e-05
1.9165999755859373 2.3802074842528656e-05
1.9175999755859372 2.6454809310471007e-05
1.918599975585937 2.9661856736029843e-05
1.9195999755859372 3.2955684744185485e-05
1.920599975585937 3.616980671708839e-05
1.9215999755859372 3.875416345534773e-05
1.922599975585937 4.501464037022915e-05
1.9235999755859372 4.9011940666994075e-05
1.924599975585937 5.430355483075807e-05
1.9255999755859372 6.17773063995525e-05
1.926599975585937 6.88011747094262e-05
1.9275999755859372 7.549269640825776e-05
1.928599975585937 8.321067781370413e-05
1.9295999755859372 9.863430435140387e-05
1.930599975585937 0.00010574098983883961
1.9315999755859372 0.00011866634956718442
1.932599975585937 0.00013388441793148753
1.9335999755859372 0.0001497438896520348
1.934599975585937 0.00017235621637437109
1.9355999755859372 0.0001895844439683325
1.936599975585937 0.00021526444124755087
1.9375999755859372 0.00024301042841945507
1.9385999755859376 0.00027217567843748673
1.9395999755859372 0.00030457395888178825
1.9405999755859376 0.00034532049256960086
1.9415999755859372 0.0004019455532330488
1.9425999755859376 0.0004391858341378563
1.9435999755859372 0.0005070804245348138
1.9445999755859376 0.000569531441706258
1.9455999755859372 0.0006509755744666494
1.9465999755859376 0.000730626842555262
1.9475999755859372 0.0008434426548187128
1.9485999755859376 0.0009607695955248841
1.9495999755859372 0.0010563295709254002
1.9505999755859376 0.001224844405456452
1.9515999755859372 0.001388169409618798
1.9525999755859376 0.0015977779915318274
1.9535999755859372 0.001801907113118995
1.9545999755859376 0.0020619057813179866
1.9555999755859372 0.0024252277367095365
1.9565999755859376 0.002722394945834224
1.9575999755859372 0.0030949258261049606
1.9585999755859376 0.0036454681238884197
1.9595999755859372 0.004130639505352554
1.9605999755859376 0.004833136919013902
1.9615999755859372 0.005480565531692766
1.9625999755859376 0.0062534137279067
1.9635999755859372 0.007361479226051532
1.9645999755859376 0.008487556868219425
1.9655999755859372 0.009882281985680282
1.9665999755859376 0.01139116893146368
1.9675999755859372 0.013288569439207759
1.9685999755859376 0.015078076563221073
1.9695999755859372 0.0176133614786555
1.9705999755859376 0.02143517166849765
1.9715999755859372 0.02427295689253772
1.9725999755859376 0.02781459141464907
1.9735999755859372 0.031377773752550416
1.9745999755859376 0.036352433279525656
1.9755999755859373 0.03973854588261288
1.9765999755859376 0.044781102308425365
1.9775999755859373 0.05084596635354007
1.9785999755859376 0.05496157344311334
1.9795999755859373 0.06340183911839657
1.9805999755859376 0.06983306314041429
1.9815999755859373 0.07842560031432083
1.9825999755859376 0.08691841326436996
1.9835999755859373 0.0973382676298661
1.9845999755859376 0.11064786415765468
1.9855999755859373 0.12199805238695555
1.9865999755859376 0.14094238060498582
1.9875999755859373 0.15999475092362014
1.9885999755859376 0.18212842949924676
1.9895999755859373 0.2096823899934678
1.9905999755859376 0.2277086913844337
1.9915999755859373 0.25702398152735867
1.9925999755859376 0.2837141961381449
1.9935999755859373 0.3107986213356267
1.9945999755859376 0.3387193308958209
1.9955999755859373 0.36426388958791767
1.9965999755859376 0.38770902857839595
1.9975999755859373 0.4039637267127373
1.9985999755859376 0.4208544769232599
1.9995999755859373 0.442409714774621
2.0005999755859376 0.46248214542586835
2.001599975585937 0.47313766808895574
2.0025999755859374 0.4851034692267568
2.0035999755859377 0.48603131932284926
2.0045999755859376 0.49410646884178583
2.005599975585937 0.5048738025647341
2.0065999755859374 0.5081378424874818
2.0075999755859373 0.5105150864006403
2.0085999755859376 0.511969042568444
2.009599975585937 0.5134290985950501
2.0105999755859374 0.5090071272561323
2.0115999755859373 0.5161056607588421
2.0125999755859376 0.5130741408017915
2.013599975585937 0.5161910242351369
2.0145999755859374 0.5183102288334496
2.0155999755859373 0.5137888729599825
2.0165999755859376 0.5188050105926776
2.017599975585937 0.5125660411166912
2.0185999755859374 0.5138581206703496
2.0195999755859373 0.5172615977250042
2.0205999755859376 0.513487824239328
2.021599975585937 0.51589592192603
2.0225999755859374 0.5101329697798702
2.0235999755859373 0.5179511965035702
2.0245999755859376 0.5106859128005642
2.025599975585937 0.5195968428928411
2.0265999755859374 0.5130215188696117
2.0275999755859373 0.5158786247554601
2.0285999755859376 0.5116060053637603
2.029599975585937 0.5142336224516009
2.0305999755859374 0.5162952526859951
2.0315999755859373 0.5108568249456659
2.0325999755859376 0.5171777636381517
2.033599975585937 0.5174814905101339
2.0345999755859374 0.5115187834809855
2.0355999755859373 0.5075956942983839
2.0365999755859376 0.5215427845399505
2.037599975585937 0.5124038485403419
2.0385999755859374 0.5161764387037251
2.0395999755859373 0.5118431925415242
2.0405999755859376 0.505266234239996
2.041599975585937 0.5156798071724846
2.0425999755859374 0.5091898319082753
2.0435999755859373 0.5097628338509377
2.0445999755859376 0.5081481352472054
2.045599975585937 0.5094153363826317
2.046599975585937 0.5087133587478649
2.0475999755859373 0.5101602525886111
2.04860009765625 0.5031760937746457
2.04960009765625 0.4979744948466989
2.05060009765625 0.5163649196978944
2.05160009765625 0.5046491320313253
2.05260009765625 0.5067427967975215
2.05360009765625 0.5082708980859255
2.05460009765625 0.5042140137303912
2.05560009765625 0.5023786103236757
2.05660009765625 0.5076699833052102
2.05760009765625 0.5059973489635774
2.05860009765625 0.5085210910247577
2.05960009765625 0.5042942562709696
2.06060009765625 0.5144011970692253
2.06160009765625 0.5086334558342522
2.06260009765625 0.5177288786986907
2.06360009765625 0.5069606956360828
2.06460009765625 0.5096783435429639
2.06560009765625 0.5138295773049858
2.06660009765625 0.5123366867345482
2.06760009765625 0.5136090728226211
2.06860009765625 0.5208470330633128
2.06960009765625 0.5174368558668297
2.07060009765625 0.5205821514538064
2.07160009765625 0.5220438971854074
2.07260009765625 0.5191677958859021
2.07360009765625 0.5224837097469563
2.07460009765625 0.5184515872331749
2.07560009765625 0.5216954127216109
2.07660009765625 0.5201455528344976
2.07760009765625 0.5227496772187884
2.07860009765625 0.5220832573954048
2.07960009765625 0.5230533747027739
2.08060009765625 0.518256575166506
2.08160009765625 0.5272039875372094
2.08260009765625 0.5157359799111678
2.08360009765625 0.5301339831152867
2.08460009765625 0.5221687753252465
2.08560009765625 0.523137573023577
2.08660009765625 0.5245360223485658
2.08760009765625 0.5215409796350536
2.08860009765625 0.530760738444427
2.08960009765625 0.5235177622954974
2.09060009765625 0.5224800344445434
2.09160009765625 0.5160397172991319
2.09260009765625 0.5214285169013522
2.09360009765625 0.5239800446536268
2.09460009765625 0.5325621329002005
2.09560009765625 0.5169613894869238
2.09660009765625 0.5272124880591298
2.09760009765625 0.5175592558842356
2.09860009765625 0.5183618215759216
2.09960009765625 0.5303067203933882
2.10060009765625 0.5186394611591322
2.10160009765625 0.5157347287790223
2.10260009765625 0.5169356748341224
2.10360009765625 0.5222972150237613
2.10460009765625 0.5129692050168061
2.10560009765625 0.5191614923999541
2.10660009765625 0.5202085608074091
2.10760009765625 0.5055170496832067
2.10860009765625 0.5255357619083035
2.10960009765625 0.5172984480377414
2.11060009765625 0.5128938189008196
2.11160009765625 0.5148357301102289
2.11260009765625 0.5122581017668248
2.11360009765625 0.5229818198841839
2.11460009765625 0.5132209557590452
2.11560009765625 0.5159797895560517
2.11660009765625 0.5096009791761625
2.11760009765625 0.5211680813878893
2.11860009765625 0.5158237362003661
2.11960009765625 0.5180516550507033
2.12060009765625 0.5142121926276892
2.12160009765625 0.5130591081578234
2.12260009765625 0.5131604594191131
2.12360009765625 0.5132157251229792
2.12460009765625 0.5116190768687119
2.12560009765625 0.5182884543562958
2.12660009765625 0.5173078924858081
2.12760009765625 0.5119448453055556
2.12860009765625 0.5236972882657115
2.12960009765625 0.5163252604842025
2.13060009765625 0.5217746989607764
2.13160009765625 0.5138910876047111
2.13260009765625 0.5133954033126613
2.13360009765625 0.5191381631805965
2.13460009765625 0.5147119217475199
2.13560009765625 0.5211555637860936
2.13660009765625 0.5134904819809232
2.13760009765625 0.517052895911529
2.13860009765625 0.5145430483610045
2.13960009765625 0.5217057208093936
2.14060009765625 0.5146715759562063
2.14160009765625 0.513155316474105
2.14260009765625 0.5167826685629436
2.14360009765625 0.5165930850511871
2.14460009765625 0.5106622379440416
2.14560009765625 0.517229281105327
2.14660009765625 0.5175520301785712
2.14760009765625 0.5152611971156633
2.14860009765625 0.5109687120890182
2.14960009765625 0.514658175436478
2.15060009765625 0.5114813341770188
2.15160009765625 0.5097533487237701
2.15260009765625 0.5093952621333655
2.15360009765625 0.5106603604774
2.15460009765625 0.5116917578904251
2.15560009765625 0.5115971171278137
2.15660009765625 0.5155433372535994
2.15760009765625 0.5056889290447855
2.15860009765625 0.5118065565602319
2.15960009765625 0.506095154165885
2.16060009765625 0.5065758415513432
2.16160009765625 0.5057442231212704
2.16260009765625 0.5088187120541747
2.16360009765625 0.5050501805376545
2.16460009765625 0.49712481580963475
2.16560009765625 0.5084317089017798
2.16660009765625 0.5008423036588827
2.16760009765625 0.5053703538081528
2.16860009765625 0.49794933085758014
2.16960009765625 0.5062185773301919
2.17060009765625 0.49902450572925316
2.17160009765625 0.49772098418562655
2.17260009765625 0.5054419695421193
2.17360009765625 0.49276046893005576
2.17460009765625 0.4979281652130591
2.17560009765625 0.5056230759713664
2.17660009765625 0.4989509327495961
2.17760009765625 0.4993588633972627
2.17860009765625 0.49391307742219503
2.17960009765625 0.4917897830323726
2.18060009765625 0.5028992942806552
2.18160009765625 0.4986157242210951
2.18260009765625 0.4959323194255232
2.18360009765625 0.4964635411826532
2.18460009765625 0.4867950593525421
2.18560009765625 0.4922147165927443
2.18660009765625 0.48351695942780837
2.18760009765625 0.48156977942659196
2.18860009765625 0.47534965197552126
2.18960009765625 0.472018687712767
2.19060009765625 0.46058679035693806
2.19160009765625 0.4487742642173368
2.19260009765625 0.437181634038248
2.19360009765625 0.4169398938379886
2.19460009765625 0.404303205762264
2.19560009765625 0.3821599016473595
2.19660009765625 0.3607556279103177
2.19760009765625 0.3392265206661692
2.19860009765625 0.3135559403136593
2.19960009765625 0.29132706341983566
2.20060009765625 0.2678638294192485
2.20160009765625 0.25513219724946745
2.20260009765625 0.23261258564484336
2.20360009765625 0.21406417763566962
2.20460009765625 0.20054294734964198
2.20560009765625 0.18453208199304239
2.20660009765625 0.17251290683260867
2.20760009765625 0.157029054023515
2.20860009765625 0.14446720324983078
2.20960009765625 0.13138932325622366
2.21060009765625 0.11949129577266723
2.21160009765625 0.10739860521097952
2.21260009765625 0.0947867807528992
2.21360009765625 0.08649160259241953
2.21460009765625 0.07652043052524701
2.21560009765625 0.06709947285286341
2.21660009765625 0.05850337747718931
2.21760009765625 0.050287210693826065
2.21860009765625 0.0438208837791468
2.21960009765625 0.03846862219004025
2.22060009765625 0.03371367590649621
2.22160009765625 0.028532288366980192
2.22260009765625 0.02474977766458232
2.22360009765625 0.021241771765357426
2.22460009765625 0.018426795016562702
2.22560009765625 0.015983419936624575
2.22660009765625 0.013736730987069252
2.22760009765625 0.011814989395770263
2.22860009765625 0.010485360155633424
2.22960009765625 0.009071117265806635
2.23060009765625 0.007890619674036725
2.23160009765625 0.006865484758859645
2.23260009765625 0.005960771094157303
2.23360009765625 0.005190528014558693
2.23460009765625 0.004543977030304139
2.23560009765625 0.0039869104277403065
2.23660009765625 0.003474871405778011
2.23760009765625 0.0030666648225388332
2.23860009765625 0.0026837714826788996
2.23960009765625 0.002345021745682501
2.24060009765625 0.0020758369507228227
2.24160009765625 0.0017852791058379633
2.24260009765625 0.001629463192537843
2.24360009765625 0.0014128556612307095
2.24460009765625 0.0012672304385110886
2.24560009765625 0.001103935427472036
2.24660009765625 0.0009727795301422802
2.24760009765625 0.0008657468598469133
2.24860009765625 0.0007604808960045451
2.24960009765625 0.0006933938658387535
2.25060009765625 0.0006059873433942879
2.25160009765625 0.0005312374901806424
2.25260009765625 0.00048039171793370466
2.25360009765625 0.0004265186108555868
2.25460009765625 0.000375559564539878
2.25560009765625 0.0003334582952201442
2.25660009765625 0.0003018710496773345
2.25760009765625 0.0002739368319263291
2.25860009765625 0.0002444637564133617
2.25960009765625 0.000219372371470165
2.26060009765625 0.0001928703984925418
2.26160009765625 0.00017703251372818568
2.26260009765625 0.00015661950675953173
2.26360009765625 0.00014315922949187485
2.26460009765625 0.00012808669430927
2.26560009765625 0.00011987670717385764
2.26660009765625 9.795559373650204e-05
2.26760009765625 9.256835729859586e-05
2.26860009765625 8.821918049524443e-05
2.26960009765625 7.852384313296422e-05
2.27060009765625 7.157176281983041e-05
2.27160009765625 6.898371622518208e-05
2.27260009765625 6.273096646859448e-05
2.27360009765625 5.5993442009545444e-05
2.27460009765625 5.1564599066270274e-05
2.27560009765625 4.940446838265937e-05
2.27660009765625 4.494407039290225e-05
2.27760009765625 4.2527212584889926e-05
2.27860009765625 3.8033631851124726e-05
2.27960009765625 3.6063533408333654e-05
2.28060009765625 3.5490815026526514e-05
2.28160009765625 3.172568829345421e-05
2.28260009765625 3.0448537609891826e-05
2.28360009765625 2.7551530283452546e-05
2.28460009765625 2.380043643004363e-05
2.28560009765625 2.4692034049963058e-05
2.28660009765625 2.2055768522268286e-05
2.28760009765625 2.2002477888788838e-05
2.28860009765625 2.1662837781467203e-05
2.28960009765625 1.974530231379049e-05
2.29060009765625 1.855012793206647e-05
2.29160009765625 1.901977616428333e-05
2.29260009765625 1.8275303930493054e-05
2.29360009765625 1.6768363551651382e-05
2.29460009765625 1.6404363621884706e-05
2.29560009765625 1.5062878354195674e-05
2.29660009765625 1.4096630110354976e-05
2.29760009765625 1.3903934956621444e-05
2.29860009765625 1.3076447524880128e-05
2.29960009765625 1.302069152689873e-05
2.30060009765625 1.1553488020742159e-05
2.30160009765625 1.1574170896509802e-05
2.3026000976562497 0.0
2.3036000976562496 0.0
