# author: Fabian Haberhauer
# source: https://jwst-docs.stsci.edu/files/216457506/216457540/1/1762454226715/nircam_throughputs_Jan2025_v7.zip
# date_created: 2025-12-04
# date_modified: 2025-12-04
# wavelength_unit: um
# changes:
#   - 2025-12-04 (FH) initial transcription from source
#
wavelength  transmission
0.398 0.0
0.399 0.0
0.4 0.0
0.401 0.0
0.402 0.0
0.403 0.0
0.404 0.0
0.405 0.0
0.406 0.0
0.407 0.0
0.408 0.0
0.409 0.0
0.41 0.0
0.411 0.0
0.412 0.0
0.413 0.0
0.414 0.0
0.415 0.0
0.416 0.0
0.417 0.0
0.418 0.0
0.419 0.0
0.42 0.0
0.421 0.0
0.422 0.0
0.423 0.0
0.424 0.0
0.425 0.0
0.426 0.0
0.427 0.0
0.428 0.0
0.429 0.0
0.43 0.0
0.431 0.0
0.432 0.0
0.433 0.0
0.434 0.0
0.435 0.0
0.436 0.0
0.437 0.0
0.438 0.0
0.439 0.0
0.44 0.0
0.441 0.0
0.442 0.0
0.443 0.0
0.444 0.0
0.445 0.0
0.446 0.0
0.447 0.0
0.448 0.0
0.449 0.0
0.45 0.0
0.451 0.0
0.452 0.0
0.453 0.0
0.454 0.0
0.455 0.0
0.456 0.0
0.457 0.0
0.458 0.0
0.459 0.0
0.46 0.0
0.461 0.0
0.462 0.0
0.463 0.0
0.464 0.0
0.465 0.0
0.466 0.0
0.467 0.0
0.468 0.0
0.469 0.0
0.47 0.0
0.471 0.0
0.472 0.0
0.473 0.0
0.474 0.0
0.475 0.0
0.476 0.0
0.477 0.0
0.478 0.0
0.479 0.0
0.48 0.0
0.481 0.0
0.482 0.0
0.483 0.0
0.484 0.0
0.485 0.0
0.486 0.0
0.487 0.0
0.488 0.0
0.489 0.0
0.49 0.0
0.491 0.0
0.492 0.0
0.493 0.0
0.494 0.0
0.495 0.0
0.496 0.0
0.497 0.0
0.498 0.0
0.499 0.0
0.5 0.0
0.501 0.0
0.502 0.0
0.503 0.0
0.504 0.0
0.505 0.0
0.506 0.0
0.507 0.0
0.508 0.0
0.509 0.0
0.51 0.0
0.511 0.0
0.512 0.0
0.513 0.0
0.514 0.0
0.515 0.0
0.516 0.0
0.517 0.0
0.518 0.0
0.519 0.0
0.52 0.0
0.521 0.0
0.522 0.0
0.523 0.0
0.524 0.0
0.525 2.0565787233114233e-07
0.526 8.702551447284899e-07
0.527 1.510226572481611e-06
0.528 1.911395767972306e-06
0.529 1.964335511111897e-06
0.53 1.8115971525679726e-06
0.531 1.6900966958353904e-06
0.532 1.654180621422921e-06
0.533 1.6953796621047827e-06
0.534 1.7704540188005851e-06
0.535 2.030051407837797e-06
0.536 2.501359012255468e-06
0.537 3.313577626234866e-06
0.538 4.57053538485743e-06
0.539 6.948159782827767e-06
0.54 1.0817593386606105e-05
0.541 1.537171899126586e-05
0.542 1.7916170892327557e-05
0.543 1.7101865065835372e-05
0.544 1.363261565000242e-05
0.545 9.889622960631163e-06
0.546 7.000789602241658e-06
0.547 5.3487985917904325e-06
0.548 4.4544125941167286e-06
0.549 4.007995611453433e-06
0.55 3.963352835785476e-06
0.551 4.2673528670841004e-06
0.552 4.7062142053510415e-06
0.553 5.293268322076905e-06
0.554 5.980562446888561e-06
0.555 6.6298775853239615e-06
0.556 6.827342615715561e-06
0.557 6.906285430376302e-06
0.558 5.893540131946212e-06
0.559 4.145559866740278e-06
0.56 4.102239302640457e-06
0.561 4.6427938386508395e-06
0.562 4.4177886299722045e-06
0.563 4.105938723268686e-06
0.564 4.539071895448631e-06
0.565 5.163259375114313e-06
0.566 5.704492721206202e-06
0.567 5.782985784378127e-06
0.568 6.0621345566379915e-06
0.569 6.3580918128803e-06
0.57 6.2584828643433905e-06
0.571 6.600288420502154e-06
0.572 7.805810160022931e-06
0.573 9.277917753556581e-06
0.574 1.0077099772503133e-05
0.575 1.1232894418100439e-05
0.576 1.3521103479635932e-05
0.577 1.5494934313813692e-05
0.578 1.6287703449833545e-05
0.579 1.7039331886492204e-05
0.58 1.888800403185199e-05
0.581 2.322469047638577e-05
0.582 3.129714077346185e-05
0.583 4.698085747565733e-05
0.584 8.374153835809302e-05
0.585 0.000172100390519283
0.586 0.000319119139035196
0.587 0.00042978144222301326
0.588 0.0004036659046489785
0.589 0.0002652173443914969
0.59 0.00014067273056059
0.591 7.933885108148448e-05
0.592 5.530570020783828e-05
0.593 4.244647601235862e-05
0.594 3.5372368959190605e-05
0.595 3.460193549045752e-05
0.596 3.2406689533907e-05
0.597 3.3291617924004334e-05
0.598 3.614663624335351e-05
0.599 3.75793519355723e-05
0.6 4.0785562182373716e-05
0.601 4.551708358911643e-05
0.602 5.284566610891908e-05
0.603 6.448759644230164e-05
0.604 7.858159860461046e-05
0.605 9.118098866236266e-05
0.606 0.00010494428724602038
0.607 0.00011720870907016513
0.608 0.00012056651252748163
0.609 0.00011655065893790674
0.61 0.00010747352551167375
0.611 9.515213313452792e-05
0.612 8.060873020960202e-05
0.613 6.859213992244412e-05
0.614 5.873519908349901e-05
0.615 5.283444665930671e-05
0.616 4.7863655454022695e-05
0.617 4.5150192969202845e-05
0.618 4.463520528778584e-05
0.619 4.161534776473643e-05
0.62 3.872760509703367e-05
0.621 3.695960320526986e-05
0.622 4.1354807578802995e-05
0.623 4.447893482876201e-05
0.624 4.953916224850829e-05
0.625 5.896569709114418e-05
0.626 7.29188251271114e-05
0.627 9.526277241099328e-05
0.628 0.00013359245402597565
0.629 0.00019678801123769075
0.63 0.00029365422150365837
0.631 0.0004146913173228118
0.632 0.0005049882231970841
0.633 0.0005103024594049919
0.634 0.0004343149180205623
0.635 0.0003378555466331077
0.636 0.0002622876075042439
0.637 0.0002188536010179895
0.638 0.0001972253743515084
0.639 0.00019070270662744761
0.64 0.00020158261474971013
0.641 0.00022282505602673328
0.642 0.00025322812997830035
0.643 0.00028524016212785663
0.644 0.0003112325394482502
0.645 0.00031505496888331537
0.646 0.00028734377358944686
0.647 0.00023966092385462813
0.648 0.00018773842628411026
0.649 0.0001492932450052051
0.65 0.00012117298399349675
0.651 9.988637427553474e-05
0.652 8.640969875890995e-05
0.653 8.322384670218896e-05
0.654 8.231552130794759e-05
0.655 8.485809862825786e-05
0.656 9.170546073203963e-05
0.657 0.00010780492378846649
0.658 0.00012717202247880213
0.659 0.00015324041983062362
0.66 0.000184541066716972
0.661 0.00021705150132743975
0.662 0.00022928392853334886
0.663 0.0002187268346873855
0.664 0.00019579457583820297
0.665 0.00017223181532557776
0.666 0.000148304600987348
0.667 0.00012803558812141062
0.668 0.00011849344525466162
0.669 0.00011332726481008487
0.67 0.00011221665049604276
0.671 0.00011317706549954012
0.672 0.00012553073388219698
0.673 0.0001454242268516984
0.674 0.00017271005083047852
0.675 0.00019861008548331625
0.676 0.0002235603287311885
0.677 0.00023866032441676024
0.678 0.00024461975838573714
0.679 0.00023398331005972675
0.68 0.0002088396371469214
0.681 0.00017356086427427363
0.682 0.00014661507807995676
0.683 0.00013707457967405276
0.684 0.000132424658454192
0.685 0.00012721104998643964
0.686 0.000123189957174612
0.687 0.0001269179778992535
0.688 0.00013386268745282386
0.689 0.00013890598621987637
0.69 0.00014934941628385264
0.691 0.00015939666012373312
0.692 0.00016060195152845275
0.693 0.0001530006302163045
0.694 0.0001417839205840386
0.695 0.00012771733185621602
0.696 0.00010949830503914413
0.697 9.680546011882774e-05
0.698 8.851186912485263e-05
0.699 8.217170379118161e-05
0.7 7.628182944549434e-05
0.701 6.927845969971557e-05
0.702 6.585169978047348e-05
0.703 6.949302646152822e-05
0.704 8.034942470641907e-05
0.705 9.394156661670301e-05
0.706 0.00011089844291175462
0.707 0.00013043040774392636
0.708 0.00015511567183030563
0.709 0.00019593703210704617
0.71 0.00027283330521516623
0.711 0.0003997643030429469
0.712 0.00059131800545304
0.713 0.0008521281110505676
0.714 0.0012044245899005303
0.715 0.0015644663325972074
0.716 0.0017804546971787452
0.717 0.001679258984202293
0.718 0.0013511289233404241
0.719 0.000983296955201195
0.72 0.0006935168567282406
0.721 0.00047895540607261074
0.722 0.0003307831463469142
0.723 0.00024533981009423276
0.724 0.00017949214523342688
0.725 0.00013653791218967264
0.726 0.00010916424569760087
0.727 9.19222672532419e-05
0.728 7.42386587179774e-05
0.729 5.739017910978136e-05
0.73 5.2472758571496865e-05
0.731 4.999973175714554e-05
0.732 4.72467074008888e-05
0.733 4.3175635206536424e-05
0.734 4.753546600524275e-05
0.735 4.939522259693535e-05
0.736 4.456909546157636e-05
0.737 4.686294093049115e-05
0.738 5.748622309084583e-05
0.739 7.24022960796158e-05
0.74 7.961576248806326e-05
0.741 9.941101014197412e-05
0.742 0.000131159499022222
0.743 0.00018903550987908312
0.744 0.0002818851518622044
0.745 0.0004281143915676216
0.746 0.0006401647235398895
0.747 0.0009178826603198502
0.748 0.001206146782669556
0.749 0.001414092683737591
0.75 0.0015016161878093817
0.751 0.0015596532137314826
0.752 0.0018261286796803938
0.753 0.0024701078508457333
0.754 0.003183554436788709
0.755 0.0031790138599333793
0.756 0.002253646548405938
0.757 0.0011114781454778136
0.758 0.0004560286640967661
0.759 0.00022432289258210878
0.76 0.00012782990496530212
0.761 7.222019390074257e-05
0.762 4.3269881888189e-05
0.763 3.5100575538600955e-05
0.764 2.4366705328450302e-05
0.765 1.3736573255759106e-05
0.766 1.3217749766748604e-05
0.767 1.4115436415407435e-05
0.768 1.3851372987972305e-05
0.769 9.501424446594892e-06
0.77 9.860839210280128e-06
0.771 8.243704179107268e-06
0.772 1.0391747259964164e-05
0.773 1.005491043638385e-05
0.774 4.523139392149378e-06
0.775 5.918056676045489e-06
0.776 8.564714489105988e-06
0.777 1.560064219785546e-05
0.778 6.0697037190293295e-06
0.779 7.047026430509923e-06
0.78 9.858864056516565e-06
0.781 1.456055513246402e-05
0.782 8.29511166903505e-06
0.783 1.603712355712912e-05
0.784 1.6060615500089852e-05
0.785 1.239702984616731e-05
0.786 1.0694750819731139e-05
0.787 1.6672801402869775e-05
0.788 2.5923369923270627e-05
0.789 4.802223174497801e-05
0.79 9.417524419572912e-05
0.791 0.00014344124855800188
0.792 0.00016651659852236913
0.793 0.00013697643377659212
0.794 9.101558589078173e-05
0.795 6.0952061670254924e-05
0.796 4.4832910055658816e-05
0.797 -7.711736243798114e-05
0.798 0.0003175403747286364
0.799 0.0009233937848483222
0.8 0.0019586371469164873
0.801 0.0014413979863038618
0.802 0.002138995971934869
0.803 0.0019148432486597244
0.804 0.0019515899386571669
0.805 0.000409933051524776
0.806 0.00015788754231759014
0.807 0.0007170030289307965
0.808 0.0016403434031322692
0.809 0.0018221148791737957
0.81 0.0008873914017514097
0.811 0.0011264557459129418
0.812 0.0010508186477533473
0.813 0.0015289601258634616
0.814 0.0014567480001486822
0.815 0.0016278032075388723
0.816 0.0011398951834188477
0.817 0.0012799116484543867
0.818 0.0011897392325913945
0.819 0.0009585990282144266
0.82 0.0013284497047390978
0.821 0.002155998124862352
0.822 0.001803723178220983
0.823 0.0005383144158896061
0.824 -0.00033874293853328186
0.825 0.0002277153817442751
0.826 0.001429870143733122
0.827 0.00176631763861566
0.828 0.0007878609395309956
0.829 4.904454363285666e-06
0.83 0.0005119216826183517
0.831 0.0009843093895630691
0.832 0.0012668285705059773
0.833 0.0011128424858878952
0.834 0.0010854052964406702
0.835 0.0009877164039207688
0.836 0.0010509900427549763
0.837 0.0009774584867926841
0.838 0.0012225265614951963
0.839 0.0012623309058159807
0.84 0.0010175937760235837
0.841 0.0008297357346560117
0.842 0.0009961514364600073
0.843 0.0008730406934956512
0.844 0.0007521422411227267
0.845 0.0006791153084351804
0.846 0.0008473878121421868
0.847 0.0011698077085227304
0.848 0.001292035794810329
0.849 0.0009555366358792398
0.85 0.0008320301256033365
0.851 0.001068661351270212
0.852 0.0012380371508224834
0.853 0.0012610451461385448
0.854 0.001466304841951848
0.855 0.00098209091973609
0.856 0.0005515433065640922
0.857 0.0003435017168463355
0.858 0.0008870004241982513
0.859 0.0011108284907626366
0.86 0.0014957225513162148
0.861 0.0009836056866310559
0.862 0.0007856564215390625
0.863 0.0005496009889589935
0.864 0.001010643594504391
0.865 0.001070228838407852
0.866 0.0011927769038888778
0.867 0.0006791835779125442
0.868 0.0008298829185948721
0.869 0.0011150013402910143
0.87 0.0013368956729760775
0.871 0.0010555070190690036
0.872 0.0011906650411532735
0.873 0.001194915542414327
0.874 0.001035841330851354
0.875 0.0010233260548009073
0.876 0.0011390501445632658
0.877 0.0011663843551608867
0.878 0.0010944624679096733
0.879 0.0010492138925308502
0.88 0.0009504625976262598
0.881 0.0008223750624250228
0.882 0.0007971883312491519
0.883 0.000842138888216453
0.884 0.0007526212685276731
0.885 0.0006165403939268894
0.886 0.0006890576652993706
0.887 0.000860508453973303
0.888 0.0007475174919644797
0.889 0.0006157090524146522
0.89 0.0007884238274815674
0.891 0.0009127538327663289
0.892 0.0008893385074344233
0.893 0.0009330436803707398
0.894 0.0010371209308750592
0.895 0.0010656336238195436
0.896 0.0010556048901114831
0.897 0.0009982843166513116
0.898 0.0009770409291302944
0.899 0.0009793621890277259
0.9 0.0010378575793384814
0.901 0.0011487434059016738
0.902 0.001186185850266139
0.903 0.0011493246729453084
0.904 0.0010982212502174083
0.905 0.0010901261791123476
0.906 0.0009654280213361269
0.907 0.0008355448694279847
0.908 0.0008604023723984581
0.909 0.0009189431948446125
0.91 0.0008435817109606178
0.911 0.0007121780551744725
0.912 0.0007388880151148096
0.913 0.0008773399258826032
0.914 0.000841994810214885
0.915 0.0007343641726407341
0.916 0.0005891897879366456
0.917 0.000468476040525574
0.918 0.0004845875874931044
0.919 0.0006178392698439118
0.92 0.0006997478183809533
0.921 0.0006588950267885858
0.922 0.00062437060665987
0.923 0.00070808321362203
0.924 0.000839217053130726
0.925 0.0009364599769883647
0.926 0.000946836988494541
0.927 0.0010864805753234815
0.928 0.0012353627759969879
0.929 0.0013636581280440923
0.93 0.0013961833443409378
0.931 0.0014915079327889606
0.932 0.0016808263735011968
0.933 0.0018618552088996978
0.934 0.0019509934761754663
0.935 0.0019999146042430573
0.936 0.00210675632503429
0.937 0.0022426438351107253
0.938 0.0023507879719928755
0.939 0.002436357465683668
0.94 0.0024640230478003137
0.941 0.002460248895041241
0.942 0.002459720527206663
0.943 0.002504237265625965
0.944 0.0024693825231349785
0.945 0.00242640867045346
0.946 0.0023707222912712237
0.947 0.0023027562738630537
0.948 0.0022050580712441596
0.949 0.002122627207724024
0.95 0.00202806574573763
0.951 0.0019266415399655052
0.952 0.0018699445927089437
0.953 0.0017971006256426165
0.954 0.0016869910576616464
0.955 0.0016179373590348093
0.956 0.001574230164307962
0.957 0.0015203079634377495
0.958 0.0014665913769341052
0.959 0.0014564049021907868
0.96 0.0014517163234535732
0.961 0.001491340205249772
0.962 0.001587826697037584
0.963 0.0017066779386175853
0.964 0.0017771966191437697
0.965 0.0019047040312099215
0.966 0.002096092181616529
0.967 0.002325451510787718
0.968 0.002569090545557304
0.969 0.0028952033804636617
0.97 0.0033523633420810967
0.971 0.003868352429132139
0.972 0.004478229631046776
0.973 0.005237452470756733
0.974 0.0061783408436909635
0.975 0.00724195100626544
0.976 0.008606274037369752
0.977 0.010230439949997606
0.978 0.012152466069268541
0.979 0.014369710084913084
0.98 0.017177315864648164
0.981 0.02025875166692546
0.982 0.023907641017847273
0.983 0.028023428187732312
0.984 0.03270254647421185
0.985 0.0382695121961426
0.986 0.044115084517431576
0.987 0.05045057853895154
0.988 0.0571875505884054
0.989 0.06520126128716111
0.99 0.07356545679481112
0.991 0.08219070289321342
0.992 0.09241783074746418
0.993 0.10230124465447177
0.994 0.11219781038864483
0.995 0.12214389610059409
0.996 0.13408120778594762
0.997 0.14586095802935317
0.998 0.1577735174634961
0.999 0.16949332530858355
1.0 0.18032235678527134
1.001 0.19087190548560254
1.002 0.20153478652741308
1.003 0.2123310620999865
1.004 0.22314822987457839
1.005 0.2328188231260571
1.006 0.24175436279823537
1.007 0.24922497727908782
1.008 0.25699586977727873
1.009 0.2640539229645048
1.01 0.27080631662543114
1.011 0.27775928062576155
1.012 0.2837264890556391
1.013 0.2893066515962505
1.014 0.2941355216642181
1.015 0.29881954830341195
1.016 0.30187290463232835
1.017 0.305014766350882
1.018 0.30876193304841454
1.019 0.3122032390113405
1.02 0.31570637213178687
1.021 0.31890808910062374
1.022 0.32155214545518435
1.023 0.3228296468933599
1.024 0.32412636164081243
1.025 0.32491184100290804
1.026 0.325500905655993
1.027 0.3266513022970562
1.028 0.32849113271163305
1.029 0.33014462241045217
1.03 0.33134785685176815
1.031 0.3326311420366879
1.032 0.333532781797773
1.033 0.3339187533662241
1.034 0.33512950231814936
1.035 0.3361350145164121
1.036 0.33732189370708127
1.037 0.3385639640154067
1.038 0.33938209973886047
1.039 0.33925701840161854
1.04 0.338770920283749
1.041 0.33893277659505683
1.042 0.33931471478590997
1.043 0.34084850792321447
1.044 0.3423043186097973
1.045 0.34262610291420237
1.046 0.3427487996414361
1.047 0.34309185279798676
1.048 0.34402522596879426
1.049 0.3440833118731168
1.05 0.3438512263600466
1.051 0.3437896917591997
1.052 0.34459836215915224
1.053 0.3458920267196772
1.054 0.34614194402241705
1.055 0.3456372438302892
1.056 0.34457310575690725
1.057 0.34422069995293036
1.058 0.34434025460313744
1.059 0.34460279964989143
1.06 0.34521915558277877
1.061 0.3454755292663131
1.062 0.3458093960984915
1.063 0.34596507395732223
1.064 0.34588498979973936
1.065 0.34555815426348846
1.066 0.3456831529931267
1.067 0.3465815334751371
1.068 0.34724767704047965
1.069 0.3478147221073066
1.07 0.34716010145287995
1.071 0.34673208964930124
1.072 0.34639616821099606
1.073 0.3469591357122516
1.074 0.3478307870133563
1.075 0.34921482841936424
1.076 0.3510333632198365
1.077 0.35249137411214465
1.078 0.3537522582481588
1.079 0.3545298059914308
1.08 0.35588070610269906
1.081 0.3570752059076503
1.082 0.3578080065770939
1.083 0.35820583346372187
1.084 0.3589236059718857
1.085 0.3602152770748542
1.086 0.3614974684070299
1.087 0.3627772373213669
1.088 0.3631732719116008
1.089 0.3628476609799095
1.09 0.3625100228967881
1.091 0.3637099882724713
1.092 0.3658647434327299
1.093 0.36716725829370245
1.094 0.3676100650058778
1.095 0.3672520106219704
1.096 0.36726779820497835
1.097 0.36731167685547833
1.098 0.3679901045503974
1.099 0.3688169898010058
1.1 0.369477542956241
1.101 0.37024105295931714
1.102 0.37072291905396154
1.103 0.37088887977734936
1.104 0.3708279813262936
1.105 0.37075722348511503
1.106 0.37096553966937557
1.107 0.37150320679947946
1.108 0.3727002727443428
1.109 0.37277129609533555
1.11 0.3726998469037328
1.111 0.37264411353312615
1.112 0.3728544599949647
1.113 0.3727016084734875
1.114 0.37280059899465096
1.115 0.37355307153978207
1.116 0.373814745172457
1.117 0.3741563115765723
1.118 0.37446102455535285
1.119 0.3744788887373819
1.12 0.37357274120892253
1.121 0.3726883348598539
1.122 0.37248429879817974
1.123 0.37202049487265576
1.124 0.37200738518901655
1.125 0.37279318408915507
1.126 0.3734242341900209
1.127 0.3729376171117294
1.128 0.3720846112945293
1.129 0.37166231206155126
1.13 0.3721001612633499
1.131 0.37338180580868974
1.132 0.37399893917647603
1.133 0.37374617702044755
1.134 0.3734137033276913
1.135 0.37335630533464037
1.136 0.3738669812689312
1.137 0.3744513466905157
1.138 0.3750868790599548
1.139 0.37528587553333337
1.14 0.3763688089284778
1.141 0.3780980931419463
1.142 0.3799087057434446
1.143 0.38105624304724695
1.144 0.3811107993365892
1.145 0.38118477971610354
1.146 0.3819288902870485
1.147 0.3832607956943549
1.148 0.3849436650469642
1.149 0.3853486313505828
1.15 0.3857224887576336
1.151 0.3861407075340239
1.152 0.3871898112498228
1.153 0.3877031074375501
1.154 0.3881335391145397
1.155 0.3888217800609307
1.156 0.38931868539024134
1.157 0.39045874003866804
1.158 0.39153543743284536
1.159 0.39250206792173675
1.16 0.3921405714734133
1.161 0.3918909031969672
1.162 0.3921788664149084
1.163 0.3932729471776053
1.164 0.39407265557548826
1.165 0.3947034023384944
1.166 0.39488542497544293
1.167 0.39481116650462067
1.168 0.39436531792758595
1.169 0.3945491085126171
1.17 0.3943704270413964
1.171 0.3941106783837787
1.172 0.39345852294149575
1.173 0.39364860341102614
1.174 0.39325740973335627
1.175 0.3922788597751001
1.176 0.39032420091326875
1.177 0.38800160140551315
1.178 0.38587585753529074
1.179 0.3831313096457368
1.18 0.37998401689600125
1.181 0.3763300670102762
1.182 0.37145214674736954
1.183 0.36495941422556205
1.184 0.35654383851604443
1.185 0.34829970693097045
1.186 0.33894290570590146
1.187 0.3284621476231755
1.188 0.3166761188225599
1.189 0.3055439053111629
1.19 0.29486112384546376
1.191 0.2829619469077864
1.192 0.2711428962829169
1.193 0.2598389704325552
1.194 0.24979914194005504
1.195 0.24117508997848672
1.196 0.23414643434991572
1.197 0.22907779671975556
1.198 0.2272862727230368
1.199 0.22797856689272564
1.2 0.2295576425708409
1.201 0.23220859826246604
1.202 0.23720132869997762
1.203 0.2445609836893226
1.204 0.2532353459450113
1.205 0.26271809760893416
1.206 0.2737278393901704
1.207 0.2850857168893881
1.208 0.29657355124177215
1.209 0.3084546993538984
1.21 0.32176304145479095
1.211 0.3340585750527887
1.212 0.34499902928773973
1.213 0.3557888850294513
1.214 0.3653661321169228
1.215 0.3734624769010342
1.216 0.38023246451815335
1.217 0.38681335098845643
1.218 0.3929503429984451
1.219 0.3976816851127787
1.22 0.40061166021121575
1.221 0.4022623276419604
1.222 0.40385196388157724
1.223 0.4055783420492705
1.224 0.40602518606561044
1.225 0.40639785866977673
1.226 0.4067112281450803
1.227 0.40763826837571693
1.228 0.40801560644103824
1.229 0.40796461528769634
1.23 0.40738084698554844
1.231 0.4067328397869231
1.232 0.4071025940398497
1.233 0.4078776119601321
1.234 0.4084464840168793
1.235 0.4084124469162526
1.236 0.40832938651949463
1.237 0.40863552513100354
1.238 0.4085571135651632
1.239 0.4083807344561091
1.24 0.4083548389379368
1.241 0.4090028548026149
1.242 0.40983532195373223
1.243 0.4102516439261481
1.244 0.4104680290579126
1.245 0.40988037481276574
1.246 0.40992826490890655
1.247 0.4097013541929757
1.248 0.4099145035762886
1.249 0.4104108522239029
1.25 0.41111818896670715
1.251 0.41139263530507114
1.252 0.4114532784309123
1.253 0.41175745315232687
1.254 0.41141118928543324
1.255 0.4113964971721699
1.256 0.41128610548945266
1.257 0.41132975379955633
1.258 0.41152957461373973
1.259 0.41214070574925593
1.26 0.41274197702925136
1.261 0.41297658860791675
1.262 0.41298498777732406
1.263 0.4127708257483205
1.264 0.412871439504925
1.265 0.4135325647539293
1.266 0.41415871067411747
1.267 0.4147270226199326
1.268 0.4145057747333461
1.269 0.41400533737305023
1.27 0.4135338319897148
1.271 0.41380429196054314
1.272 0.41395548565437257
1.273 0.41397063444605825
1.274 0.4140549543329061
1.275 0.4142341319485234
1.276 0.4143945626554203
1.277 0.4147306894520369
1.278 0.41468725186239747
1.279 0.41400861643582365
1.28 0.4134047141649411
1.281 0.41384367207029266
1.282 0.41436618310188456
1.283 0.41493679778841386
1.284 0.4151159179106203
1.285 0.4153394233523854
1.286 0.4148958519296408
1.287 0.41433133147467377
1.288 0.41402639888240006
1.289 0.4139543282046397
1.29 0.41368937187966104
1.291 0.41343948447980056
1.292 0.41378134338092964
1.293 0.41401451549085627
1.294 0.4137059996815012
1.295 0.4125760413347423
1.296 0.4116321143004919
1.297 0.41246401405523764
1.298 0.41438865872099206
1.299 0.4163822711216453
1.3 0.4166599805427383
1.301 0.41631564884817507
1.302 0.4151322337511817
1.303 0.4147042608620405
1.304 0.4144603209141276
1.305 0.4149375710268156
1.306 0.4150659621742382
1.307 0.4153159986967964
1.308 0.41530029907110194
1.309 0.41591338572796777
1.31 0.4161711200064439
1.311 0.4169452265110347
1.312 0.4174152102087156
1.313 0.4178658459046602
1.314 0.4183445514114347
1.315 0.41972530060498975
1.316 0.4207548117064703
1.317 0.42083962979382145
1.318 0.4204813076638424
1.319 0.42116925307432096
1.32 0.4219840513430424
1.321 0.42226422139162795
1.322 0.42162219962965264
1.323 0.4220744734671336
1.324 0.4231620871118022
1.325 0.42415794021547193
1.326 0.424071913316197
1.327 0.4235686496123121
1.328 0.4230742512341463
1.329 0.4228707223799948
1.33 0.42370686210575703
1.331 0.42480370864115535
1.332 0.4256393084659822
1.333 0.42544544454095273
1.334 0.42480176748772963
1.335 0.4240559613372686
1.336 0.4242992287886944
1.337 0.42535618889149174
1.338 0.426062802988842
1.339 0.4262367487155568
1.34 0.42650613301439355
1.341 0.4270896943012163
1.342 0.4277473836627533
1.343 0.4280205204368941
1.344 0.42795755589234746
1.345 0.4277690007564968
1.346 0.42788645178333184
1.347 0.42842739973768285
1.348 0.42973962153370304
1.349 0.43065275205726555
1.35 0.43018793622988694
1.351 0.4292417835669482
1.352 0.4288410328288632
1.353 0.4291844078432419
1.354 0.4306378404307042
1.355 0.43153931294024755
1.356 0.43138880465075724
1.357 0.43121795944893354
1.358 0.4318283562213521
1.359 0.43151655768821773
1.36 0.43047818693080514
1.361 0.4298948877991286
1.362 0.4306197265595995
1.363 0.43165365098214864
1.364 0.4324131447918355
1.365 0.4320588406285563
1.366 0.4311240087168414
1.367 0.4292626191511837
1.368 0.4280875541097179
1.369 0.42785892835153877
1.37 0.42857365092357347
1.371 0.42871371407383274
1.372 0.42779415504813273
1.373 0.42590022062358934
1.374 0.42383522209482866
1.375 0.42269910063360866
1.376 0.4222480783026987
1.377 0.42157596698357847
1.378 0.4201627441503762
1.379 0.4188872138282569
1.38 0.4181829042879921
1.381 0.4171953228569131
1.382 0.41609533730466136
1.383 0.41483838286887936
1.384 0.4136159763925027
1.385 0.41328430741645944
1.386 0.41392300883681965
1.387 0.4144176450439432
1.388 0.4139058273817214
1.389 0.4135528143285014
1.39 0.4136079591972569
1.391 0.4141713696112585
1.392 0.4142070873014861
1.393 0.4151014543887747
1.394 0.41639947505013786
1.395 0.41773070434050413
1.396 0.41769312517249657
1.397 0.41790861325428436
1.398 0.4186525323671384
1.399 0.4195048513192233
1.4 0.42021341638613596
1.401 0.4211651390194284
1.402 0.4219892174674035
1.403 0.42246618845111755
1.404 0.4231279939332265
1.405 0.4235955431670132
1.406 0.4233048290901666
1.407 0.4235320939059845
1.408 0.4245457700657223
1.409 0.4257924030110046
1.41 0.42652806576710706
1.411 0.4276960245290675
1.412 0.42906808021060766
1.413 0.42998296121113205
1.414 0.4304073124767301
1.415 0.4301815470351918
1.416 0.43077786872609736
1.417 0.43218193316823583
1.418 0.4333723752098651
1.419 0.43351499717546266
1.42 0.43259686056071545
1.421 0.43200887939064786
1.422 0.4308141149573144
1.423 0.42981939377306844
1.424 0.42797334100596013
1.425 0.42620532484458756
1.426 0.4242297504494159
1.427 0.4217983218475478
1.428 0.4182770166803617
1.429 0.41414885882779673
1.43 0.4102324351348296
1.431 0.40534171445169975
1.432 0.3997845384021066
1.433 0.3942897953206965
1.434 0.38858887356170047
1.435 0.3822179411606069
1.436 0.3747913487354396
1.437 0.36866661440721227
1.438 0.3612094141835236
1.439 0.3527235868212485
1.44 0.3430512886442936
1.441 0.3349705133435128
1.442 0.3272295532830854
1.443 0.31855014990555214
1.444 0.3093193925190833
1.445 0.30035183823895784
1.446 0.29155297999079777
1.447 0.2838080397203852
1.448 0.2768461695817553
1.449 0.2711449268883174
1.45 0.2653960253700056
1.451 0.2607370706338501
1.452 0.25655612595196897
1.453 0.2528908021236244
1.454 0.2507539382539429
1.455 0.2503526141719269
1.456 0.25145036258044623
1.457 0.25305070155653875
1.458 0.2561991863118692
1.459 0.2610089637279775
1.46 0.26727366669941655
1.461 0.2741146848249812
1.462 0.281456882676306
1.463 0.2901691498238051
1.464 0.30004269063636846
1.465 0.31227801927593457
1.466 0.3243688376974236
1.467 0.33672030962807803
1.468 0.3467230213858123
1.469 0.35753370911306603
1.47 0.3682961876501747
1.471 0.379726463388499
1.472 0.3914277005728132
1.473 0.4019900232085013
1.474 0.412265455327282
1.475 0.41994101474497336
1.476 0.4277455432240982
1.477 0.4333040267626319
1.478 0.43840546222515137
1.479 0.4424221590561532
1.48 0.4468827741267406
1.481 0.45019315513923847
1.482 0.45290774052234717
1.483 0.4553032536609446
1.484 0.4573334439671588
1.485 0.457543770165951
1.486 0.4575042136346652
1.487 0.4568389837026241
1.488 0.4574246709478769
1.489 0.45817321429195096
1.49 0.45967360085111225
1.491 0.46037391090365265
1.492 0.4605165565607558
1.493 0.4600169609300341
1.494 0.4588419946504261
1.495 0.4581287525212479
1.496 0.4577449301629555
1.497 0.4589405175260691
1.498 0.4595619561420333
1.499 0.46025210994677596
1.5 0.4598001828522072
1.501 0.4598313452579824
1.502 0.4597578196841299
1.503 0.45954603314977005
1.504 0.4595998360049745
1.505 0.4606799376180928
1.506 0.4621472662614108
1.507 0.46233608646717805
1.508 0.4628342718002653
1.509 0.4633290877116901
1.51 0.46333418455663367
1.511 0.46346542793885814
1.512 0.4637581733779621
1.513 0.46449029240354284
1.514 0.46519628256481504
1.515 0.4659003538268447
1.516 0.4666219695055921
1.517 0.46703453851332166
1.518 0.46692415118476
1.519 0.4656088894803192
1.52 0.4649370571409619
1.521 0.4647603633141584
1.522 0.4653287568064032
1.523 0.46695348377570145
1.524 0.46812540849635687
1.525 0.46786789713490157
1.526 0.4677317289359606
1.527 0.46781384942507764
1.528 0.4690548066987249
1.529 0.46931006401681374
1.53 0.4700850405264881
1.531 0.4700877515714935
1.532 0.4708867511964038
1.533 0.47095046059073575
1.534 0.4704856512114034
1.535 0.47021876259259016
1.536 0.4700956471152326
1.537 0.4706040234342411
1.538 0.47154616400279864
1.539 0.4724406480110944
1.54 0.4725325030934455
1.541 0.47220812994999695
1.542 0.47174938089684104
1.543 0.47031928675390205
1.544 0.4695062938609046
1.545 0.4692872781237178
1.546 0.47075742705173174
1.547 0.47109539698512554
1.548 0.4716957092849956
1.549 0.47151867863604524
1.55 0.4712545540850388
1.551 0.4705136964296187
1.552 0.47059862253433293
1.553 0.4713734487335965
1.554 0.4717328584314118
1.555 0.47278150168708527
1.556 0.4736576555201326
1.557 0.4734423542165149
1.558 0.47208119223133893
1.559 0.4709451330350203
1.56 0.4710666128329661
1.561 0.4717159033995914
1.562 0.4723813039711392
1.563 0.4730854872148987
1.564 0.47417085485927823
1.565 0.47413771616739253
1.566 0.4723756169545709
1.567 0.471155660233062
1.568 0.47076354687441535
1.569 0.4710452084852345
1.57 0.47125422196810446
1.571 0.47163148704131685
1.572 0.4724074232099421
1.573 0.4724744097530615
1.574 0.4719829530438983
1.575 0.47101373123023343
1.576 0.47086743895274136
1.577 0.47106494275566935
1.578 0.4715696445138649
1.579 0.4724631385285941
1.58 0.4733352029096607
1.581 0.47391020921737936
1.582 0.4719605210798763
1.583 0.4706048686320818
1.584 0.47077758757784394
1.585 0.4720097720234409
1.586 0.4712132345090331
1.587 0.4705274032419703
1.588 0.47063365119441536
1.589 0.4701277245405118
1.59 0.46963044303323676
1.591 0.46857556770606734
1.592 0.468761420540649
1.593 0.4690106642743833
1.594 0.46937975089913675
1.595 0.46941720686526966
1.596 0.4695357037456196
1.597 0.4704277399565717
1.598 0.46980219651799454
1.599 0.46931265697207875
1.6 0.46891016235642385
1.601 0.46936114182477384
1.602 0.4706534828439133
1.603 0.4726089159280068
1.604 0.4745617812488368
1.605 0.4737589421192369
1.606 0.4727551737061369
1.607 0.4717113598725017
1.608 0.4714868561381142
1.609 0.47177539461414686
1.61 0.47271327126381
1.611 0.47335610494498326
1.612 0.47249989702876194
1.613 0.47284447032006416
1.614 0.47374915452347305
1.615 0.47380371726032877
1.616 0.47242036997689646
1.617 0.4718992271983088
1.618 0.4727736442757627
1.619 0.4743247366729633
1.62 0.47532791068689967
1.621 0.47550248066638645
1.622 0.4744795754671491
1.623 0.47366058297939
1.624 0.4730090671766411
1.625 0.47446906730164706
1.626 0.4765143784555561
1.627 0.47824578931221345
1.628 0.4781564007589231
1.629 0.4792217484967812
1.63 0.47912031974754
1.631 0.47690865572238256
1.632 0.4752846158684547
1.633 0.4755672550945516
1.634 0.47701376347929275
1.635 0.4779063198142588
1.636 0.47953389757789994
1.637 0.4792398101543255
1.638 0.4785988510066808
1.639 0.4773464483592948
1.64 0.4775028122755029
1.641 0.4782927665935512
1.642 0.47910267575615445
1.643 0.4785637878576403
1.644 0.478457235025515
1.645 0.4781320005328653
1.646 0.4781074842643799
1.647 0.4775950745289666
1.648 0.47769756117692963
1.649 0.47676785415792283
1.65 0.4771554111249679
1.651 0.47832344555601125
1.652 0.4797314860274019
1.653 0.4795253245061321
1.654 0.47825232007973795
1.655 0.477582513925644
1.656 0.477139066465746
1.657 0.476922063309867
1.658 0.4767593065241001
1.659 0.47759266147001156
1.66 0.47809129865550043
1.661 0.4774923814036105
1.662 0.47662864022865986
1.663 0.47620857014928053
1.664 0.47486099025069906
1.665 0.4739939084479784
1.666 0.47368032306058144
1.667 0.4742570772038745
1.668 0.47361013297038496
1.669 0.4729702494392462
1.67 0.4710167425092748
1.671 0.46907816042220263
1.672 0.4669384617086248
1.673 0.46718463693400536
1.674 0.46914164187472285
1.675 0.471066452434477
1.676 0.47241952711675583
1.677 0.4727839739155462
1.678 0.4729647159500484
1.679 0.4735817300864743
1.68 0.47561172454988276
1.681 0.4759722282261087
1.682 0.47547407027570393
1.683 0.4765291236735425
1.684 0.47827645168965693
1.685 0.4803040514374366
1.686 0.4805847075936181
1.687 0.47998371995035966
1.688 0.4792491672200395
1.689 0.4801966558416295
1.69 0.48003282425582683
1.691 0.48067156769241304
1.692 0.4813617352949081
1.693 0.48266796141857293
1.694 0.48216559891043004
1.695 0.48182390854511326
1.696 0.4801540606570979
1.697 0.4801974499339258
1.698 0.4798883452785956
1.699 0.48024172263583975
1.7 0.48061880448765665
1.701 0.48186908888807795
1.702 0.4815911087080931
1.703 0.4798965652660098
1.704 0.47799982444117506
1.705 0.47690529420270333
1.706 0.47706215542389496
1.707 0.4772703331421252
1.708 0.4772797608434241
1.709 0.4771619403617269
1.71 0.476316755948005
1.711 0.47570482825160193
1.712 0.47460535930326186
1.713 0.4733747095363918
1.714 0.47261313735229393
1.715 0.472985470617725
1.716 0.4738261842731157
1.717 0.4741241201422043
1.718 0.4755755515023925
1.719 0.4756753848208453
1.72 0.47540812348982897
1.721 0.47420575982532276
1.722 0.4753086460528332
1.723 0.4763216638085669
1.724 0.4772024862666848
1.725 0.47852736854064004
1.726 0.4803776638147688
1.727 0.4817466413941081
1.728 0.48023480320327927
1.729 0.47888816636732173
1.73 0.47766650821936174
1.731 0.4783108187877697
1.732 0.4789313603079434
1.733 0.4796664594952746
1.734 0.4798006058846391
1.735 0.47929467443510315
1.736 0.4789946330803013
1.737 0.4790179572875411
1.738 0.4797298915965771
1.739 0.48028288914031914
1.74 0.48090185651414574
1.741 0.4810687270674804
1.742 0.4815419802558959
1.743 0.4826082247497093
1.744 0.48241004180724384
1.745 0.48173656057647257
1.746 0.4811033717769295
1.747 0.4811566367997651
1.748 0.4813251380654382
1.749 0.4824968477180349
1.75 0.48447370817605806
1.751 0.4848480941855894
1.752 0.48363618831991406
1.753 0.4827421051604227
1.754 0.48216253433050255
1.755 0.4826594206250435
1.756 0.4830423619885427
1.757 0.48400908648124985
1.758 0.4834348453909959
1.759 0.4836643335024886
1.76 0.48351736424478686
1.761 0.482608571212589
1.762 0.4811626128059109
1.763 0.4809392185059147
1.764 0.48179280677318376
1.765 0.48285698336519417
1.766 0.48357006486146903
1.767 0.48378094575722413
1.768 0.48233323307248543
1.769 0.48124478535789783
1.77 0.4800910831812577
1.771 0.4806371170052439
1.772 0.48074929818152345
1.773 0.48019845139341966
1.774 0.48071146597294007
1.775 0.4830715036253723
1.776 0.4878760374941798
1.777 0.48597564505558083
1.778 0.4821667124548128
1.779 0.47902003434635154
1.78 0.4813537642064511
1.781 0.48265398891238087
1.782 0.48415688275988455
1.783 0.48543006670245226
1.784 0.4855388981992295
1.785 0.4844194595017062
1.786 0.4837933273996488
1.787 0.4842518385371815
1.788 0.48514112552031347
1.789 0.48611441886312023
1.79 0.4867242745710256
1.791 0.4868706767197962
1.792 0.48626315355398225
1.793 0.48502216679680693
1.794 0.484319642551729
1.795 0.48429114959125175
1.796 0.48366995924045814
1.797 0.48370270795648057
1.798 0.48475088039126135
1.799 0.48655237401876494
1.8 0.48663197443240425
1.801 0.4865004564634892
1.802 0.4862288951136284
1.803 0.48591482000894953
1.804 0.48589338739970533
1.805 0.486264559049109
1.806 0.48755272072155154
1.807 0.48787438818565243
1.808 0.4881676712252393
1.809 0.4877908826507306
1.81 0.48763643545673374
1.811 0.48737571986032874
1.812 0.48746875981760046
1.813 0.48841712133651805
1.814 0.48989649647251976
1.815 0.49085337239905313
1.816 0.49065563521513245
1.817 0.49016387573361136
1.818 0.4890230988971736
1.819 0.48736993054146555
1.82 0.4862517834090111
1.821 0.48624515346647135
1.822 0.4870992290000906
1.823 0.4874988976110023
1.824 0.48776588412112143
1.825 0.4873800799225519
1.826 0.4867260603968975
1.827 0.4858117375821032
1.828 0.48560917096552164
1.829 0.485474256567504
1.83 0.48597406102118723
1.831 0.48689754567223487
1.832 0.48821651405191707
1.833 0.4879718571773017
1.834 0.48707993423201323
1.835 0.4866876371668452
1.836 0.4867494897594821
1.837 0.4868954558005316
1.838 0.4875711845399507
1.839 0.48965206617376444
1.84 0.4899839184992544
1.841 0.4889633155082205
1.842 0.4871059637607018
1.843 0.48609456100053694
1.844 0.4859131674113274
1.845 0.4868999475879548
1.846 0.4882591346724209
1.847 0.48875564470980287
1.848 0.48890771564759083
1.849 0.48804575683695284
1.85 0.4871468510589374
1.851 0.4860727646988544
1.852 0.485718941400975
1.853 0.48604012626481574
1.854 0.486941430402825
1.855 0.4878598194678627
1.856 0.48757174406874004
1.857 0.48662068845158823
1.858 0.4853895307460652
1.859 0.48508182562164415
1.86 0.48502317576791765
1.861 0.48481237184772635
1.862 0.4857055234120107
1.863 0.48691523102829926
1.864 0.48837981166063155
1.865 0.48823021776663234
1.866 0.4870606281336807
1.867 0.48547774976136626
1.868 0.48532984243328015
1.869 0.48711173118300855
1.87 0.4878870420912533
1.871 0.4882835691148124
1.872 0.48802215904003793
1.873 0.4892075497375476
1.874 0.489529359783877
1.875 0.48950238495434184
1.876 0.488900363735016
1.877 0.4892981561384079
1.878 0.4899231046744448
1.879 0.49074977766051375
1.88 0.4913186878810603
1.881 0.49041135156531773
1.882 0.4883561671342037
1.883 0.48675046767849783
1.884 0.4862249579463328
1.885 0.48691914091402777
1.886 0.48774560852267745
1.887 0.48854071721555514
1.888 0.48826420288284633
1.889 0.4879140185090769
1.89 0.48693159873806785
1.891 0.48583914505721176
1.892 0.48554575103587133
1.893 0.48539750583955515
1.894 0.4854638121941424
1.895 0.48593305211680193
1.896 0.48705737741358585
1.897 0.48783326751002554
1.898 0.48695337784700005
1.899 0.48581015351815926
1.9 0.4850131759627472
1.901 0.4859612186006135
1.902 0.48640385974834466
1.903 0.48649472081872885
1.904 0.48665624155630294
1.905 0.4866778942351084
1.906 0.4857902433571335
1.907 0.4844590194329672
1.908 0.484439152655803
1.909 0.48540983643419394
1.91 0.4866875416640041
1.911 0.4878030941208898
1.912 0.48788172251189266
1.913 0.48808581428478004
1.914 0.48732660317012594
1.915 0.4863214051682507
1.916 0.4848187445508621
1.917 0.48455172043847705
1.918 0.4857725554644846
1.919 0.48642156171822754
1.92 0.4867667826467177
1.921 0.48602397911129824
1.922 0.48588656498867006
1.923 0.48505846545686937
1.924 0.484186496285813
1.925 0.4831915642392126
1.926 0.48288223425429966
1.927 0.483394240678809
1.928 0.48372890760802356
1.929 0.4837340517773845
1.93 0.4831598665550753
1.931 0.4821960756649175
1.932 0.48071713638710806
1.933 0.4792283923002386
1.934 0.47970536095270994
1.935 0.48083505744636834
1.936 0.48201082299789266
1.937 0.48179003305245294
1.938 0.4820033430124557
1.939 0.48149841987559516
1.94 0.48121773140560076
1.941 0.4810412561578685
1.942 0.481736712244893
1.943 0.48323344537102625
1.944 0.48452871326352687
1.945 0.4855900439981194
1.946 0.48587712847088316
1.947 0.4854625505982119
1.948 0.48421680487722435
1.949 0.48320868089845603
1.95 0.4836263598058712
1.951 0.4849144052372405
1.952 0.4859283084414209
1.953 0.4859256171670533
1.954 0.4858305276594248
1.955 0.4856086645344796
1.956 0.4852483400453307
1.957 0.4850031920500111
1.958 0.48500866776908275
1.959 0.48504118102151217
1.96 0.48540226078597065
1.961 0.4854793383094173
1.962 0.48581801205474884
1.963 0.4855661761544793
1.964 0.4853493257033979
1.965 0.48452971800604505
1.966 0.48496977692884136
1.967 0.4860793258901468
1.968 0.486279661879491
1.969 0.48577904351660267
1.97 0.48475252713758776
1.971 0.4848622329301211
1.972 0.48446373645784835
1.973 0.4846577005151572
1.974 0.4842772049964521
1.975 0.4846157026090885
1.976 0.4850225566072337
1.977 0.48543565566870306
1.978 0.48611467816968507
1.979 0.4863341981598339
1.98 0.486219939333799
1.981 0.48543637335742806
1.982 0.4852952027237278
1.983 0.4856548200681482
1.984 0.4859874864580186
1.985 0.486718429737513
1.986 0.4872158969995408
1.987 0.4879928610055576
1.988 0.4875996997863417
1.989 0.4873163328609598
1.99 0.48681137501256116
1.991 0.4870255202191357
1.992 0.4870998398504965
1.993 0.48634348781501757
1.994 0.48493734878875083
1.995 0.48233087750272186
1.996 0.4794976276618696
1.997 0.47685648113677276
1.998 0.47860033283559367
1.999 0.48101668089556826
2.0 0.48262551005303966
2.001 0.4826299340754737
2.002 0.4826637828454433
2.003 0.4824036264706757
2.004 0.48182242120403007
2.005 0.4823817804487152
2.006 0.4826668332275823
2.007 0.4838664751851257
2.008 0.4841497893315748
2.009 0.4839627024091273
2.01 0.48334708056313475
2.011 0.48246661125028645
2.012 0.4821942473679363
2.013 0.4824478115846976
2.014 0.4831789638440544
2.015 0.4827403778169215
2.016 0.48235744781227663
2.017 0.48258258158146594
2.018 0.48272804326749014
2.019 0.4820916825257868
2.02 0.4808126418768352
2.021 0.480957894134929
2.022 0.4825705952647614
2.023 0.4835165890770535
2.024 0.4827551547107309
2.025 0.4813523070476598
2.026 0.4812255826138987
2.027 0.48081662084396365
2.028 0.48048848789236615
2.029 0.47986130942612815
2.03 0.48080967364209043
2.031 0.4821035059610196
2.032 0.48258159781489324
2.033 0.481747807329369
2.034 0.4809483945740687
2.035 0.4810330971852471
2.036 0.48097110811721216
2.037 0.4806945104670372
2.038 0.4807052764105966
2.039 0.4803653975306035
2.04 0.47939574355650744
2.041 0.4781537506561609
2.042 0.47762828737692853
2.043 0.47770829890179545
2.044 0.4775886240096345
2.045 0.47739486447980095
2.046 0.47679590340239636
2.047 0.4770072131539034
2.048 0.47687131650071574
2.049 0.47660480203860595
2.05 0.47625490324014214
2.051 0.4756129656633689
2.052 0.4748626691447344
2.053 0.4737854346454404
2.054 0.474531313523852
2.055 0.4750229127077148
2.056 0.476004136484053
2.057 0.47633135139002186
2.058 0.47741843580246457
2.059 0.47784230486781787
2.06 0.4771890466905568
2.061 0.47672492378379777
2.062 0.4767195108869984
2.063 0.4781949080009959
2.064 0.4784157764698973
2.065 0.47818446506005197
2.066 0.4777126256828117
2.067 0.4770073104239888
2.068 0.4770446263914716
2.069 0.4767852969625865
2.07 0.4778965323246306
2.071 0.4788166183141924
2.072 0.48061364813099366
2.073 0.48115272346207216
2.074 0.48143897985744194
2.075 0.4824100353296198
2.076 0.4825022878841878
2.077 0.4814977531617278
2.078 0.47988408716968006
2.079 0.4805890610537895
2.08 0.4822276605444949
2.081 0.4832585618579905
2.082 0.48359647430943487
2.083 0.4835873118110253
2.084 0.48426696807906106
2.085 0.4834596599399896
2.086 0.48396897660577937
2.087 0.484111474275211
2.088 0.4852689434288163
2.089 0.4839254465685724
2.09 0.4822288114742522
2.091 0.4810996589750234
2.092 0.48171467733034
2.093 0.4827533219206743
2.094 0.48207933388748353
2.095 0.4809173675961169
2.096 0.4805152400858567
2.097 0.48178491101072846
2.098 0.4829217492339607
2.099 0.48281087188777644
2.1 0.48200511784309125
2.101 0.48160299391252503
2.102 0.48136933505747564
2.103 0.48084324844891174
2.104 0.4803962725945061
2.105 0.4812204261187304
2.106 0.48176639559444095
2.107 0.4817595212234568
2.108 0.481468923821364
2.109 0.48196340792327524
2.11 0.48258088653032466
2.111 0.48172342288765174
2.112 0.4806504727921423
2.113 0.4808871699442577
2.114 0.4819617131306702
2.115 0.4816468017726178
2.116 0.48120068484332973
2.117 0.4812229471149398
2.118 0.48171806859057903
2.119 0.4823725480304921
2.12 0.4831263383868205
2.121 0.4837906038056232
2.122 0.48360432969007455
2.123 0.4827531532223304
2.124 0.48238492704885705
2.125 0.4833726568993163
2.126 0.4846399236407846
2.127 0.4838598227288286
2.128 0.48258735287975335
2.129 0.481882529779457
2.13 0.4829110005358327
2.131 0.4837879842763781
2.132 0.4834794709142448
2.133 0.48253455143487595
2.134 0.4811374847413425
2.135 0.4810070032614361
2.136 0.4805298375588776
2.137 0.48001598899651055
2.138 0.4787532366156682
2.139 0.4775162397257628
2.14 0.4761336433174105
2.141 0.47517809468856165
2.142 0.47553914468464553
2.143 0.47534837281507225
2.144 0.47499487814023833
2.145 0.4739155058300276
2.146 0.473807566828506
2.147 0.4739263553730178
2.148 0.47421849942732647
2.149 0.4743644648396268
2.15 0.4738917780598939
2.151 0.47297272502080523
2.152 0.47147636039929675
2.153 0.47064151863855674
2.154 0.4703236625090153
2.155 0.47048014810785793
2.156 0.47097810550493435
2.157 0.4700053826867273
2.158 0.4691512908381037
2.159 0.469427101666284
2.16 0.47016334557215134
2.161 0.4696906857027097
2.162 0.46860010439265876
2.163 0.46847795473078013
2.164 0.4674055974761282
2.165 0.46586043699639046
2.166 0.464366557583406
2.167 0.4644461698341737
2.168 0.46470493881524
2.169 0.4637441148376519
2.17 0.46277650954985444
2.171 0.4621594922079464
2.172 0.4622880385316789
2.173 0.4620075857574021
2.174 0.4619199001049323
2.175 0.4610263937448076
2.176 0.4588931959179934
2.177 0.45638140949509703
2.178 0.45386619787314864
2.179 0.45214438627523207
2.18 0.45025223996846675
2.181 0.44883922507566937
2.182 0.44788351795415365
2.183 0.4466376315580415
2.184 0.44422869641520035
2.185 0.44083867554399214
2.186 0.43822247464227587
2.187 0.43516839247181555
2.188 0.43377047373032035
2.189 0.4310041453326875
2.19 0.4295760504622592
2.191 0.42621966960900615
2.192 0.42425636957931107
2.193 0.42097204167180136
2.194 0.4186024150119138
2.195 0.4151836059109173
2.196 0.41269570090765184
2.197 0.40977468103008363
2.198 0.4063254133166432
2.199 0.4025616479969799
2.2 0.39996313624991653
2.201 0.39657695618767874
2.202 0.3926511204546236
2.203 0.38825223101098494
2.204 0.3849969149001802
2.205 0.38257184629197294
2.206 0.3809139079830596
2.207 0.3789543348798816
2.208 0.37647241451306324
2.209 0.37367458171028806
2.21 0.3712554370546121
2.211 0.3700802185644665
2.212 0.37007500451883085
2.213 0.3701844237925395
2.214 0.3697341520586407
2.215 0.3688370523438481
2.216 0.3689879169027131
2.217 0.3700019283803356
2.218 0.37122486349255446
2.219 0.37188170451510244
2.22 0.37281752994057954
2.221 0.37409464709362916
2.222 0.3749342184292951
2.223 0.37653420647564717
2.224 0.37817803696161045
2.225 0.3793356792401656
2.226 0.3793883003865433
2.227 0.3797349902364561
2.228 0.3803645372739173
2.229 0.3815340891813045
2.23 0.38288052212919993
2.231 0.3835181377779252
2.232 0.383848390128107
2.233 0.38467023263290945
2.234 0.38568077900818365
2.235 0.38642596074333746
2.236 0.38705644750791673
2.237 0.3873892933497978
2.238 0.38759614115986396
2.239 0.3886255739505836
2.24 0.3898241102163525
2.241 0.3894833065596623
2.242 0.3882046378656355
2.243 0.3876420639898206
2.244 0.38880752771303123
2.245 0.39040819654262016
2.246 0.3916271311218801
2.247 0.39178352826233553
2.248 0.39069277171368905
2.249 0.3903733548542308
2.25 0.3907317543426502
2.251 0.3918846985879066
2.252 0.3917349260885289
2.253 0.39121030100984044
2.254 0.3908786902533849
2.255 0.3914146232735882
2.256 0.39234551492463926
2.257 0.3922399937749483
2.258 0.392144647522094
2.259 0.3920426376128568
2.26 0.39239444000285395
2.261 0.39249809447694317
2.262 0.3932993917325971
2.263 0.3934168497781326
2.264 0.39285720243883965
2.265 0.3922656208716792
2.266 0.39306344383155284
2.267 0.3939256991708093
2.268 0.3947162071652335
2.269 0.39600639280307126
2.27 0.3983080030796881
2.271 0.4008442217079217
2.272 0.4035808418818243
2.273 0.4053624374199623
2.274 0.406671082240852
2.275 0.4080008083750216
2.276 0.40989730467123986
2.277 0.4118420302379829
2.278 0.4132666597648854
2.279 0.4145308721154884
2.28 0.41517888682166765
2.281 0.4161061505962327
2.282 0.4178170425370442
2.283 0.42048316883303943
2.284 0.42272490408371993
2.285 0.423295611591765
2.286 0.42381483550099974
2.287 0.42480912892216804
2.288 0.42656968412215635
2.289 0.4279246249957912
2.29 0.4289874689750424
2.291 0.42931592954379455
2.292 0.4294692567476276
2.293 0.43054837922228045
2.294 0.43259204629146425
2.295 0.4345841542492266
2.296 0.4350814854107115
2.297 0.43526839302563197
2.298 0.4357279523882074
2.299 0.4375245107569403
2.3 0.4393749273415301
2.301 0.4400312636239971
2.302 0.4402825204054633
2.303 0.44136204247979416
2.304 0.4441230649579122
2.305 0.4468978873778622
2.306 0.4491155063775888
2.307 0.45027419517194583
2.308 0.4521892044677678
2.309 0.45515449593656504
2.31 0.4575998186085691
2.311 0.45944989823285853
2.312 0.46095737339339005
2.313 0.46126122750497234
2.314 0.4609348690495074
2.315 0.46083141074947254
2.316 0.4628371118776637
2.317 0.4646282863382582
2.318 0.4657320270235353
2.319 0.4657738043710602
2.32 0.4660686626536541
2.321 0.4668750114195564
2.322 0.46870502720563983
2.323 0.4701052391653581
2.324 0.46976339889121604
2.325 0.46919326280711365
2.326 0.4693303264925427
2.327 0.46945902308850845
2.328 0.4706367821861855
2.329 0.4711754900387029
2.33 0.471599004240824
2.331 0.47061323330540683
2.332 0.4721199410314906
2.333 0.4743269621418569
2.334 0.47553563507307756
2.335 0.47483371981029093
2.336 0.47425367484107867
2.337 0.47432052193891067
2.338 0.4745920063518785
2.339 0.47508734450260387
2.34 0.47493510298105307
2.341 0.4747189446928316
2.342 0.47467902573268306
2.343 0.4744139150454394
2.344 0.47489539346808796
2.345 0.4744909060378157
2.346 0.47461921060021606
2.347 0.47465042958085873
2.348 0.47620608445363605
2.349 0.4778602258075289
2.35 0.4786009053059032
2.351 0.4792117135047981
2.352 0.4790664330754014
2.353 0.4800399532550959
2.354 0.48082267435921355
2.355 0.48223162477649445
2.356 0.48317683913768694
2.357 0.4835273212816069
2.358 0.4842456726634173
2.359 0.48507978151911335
2.36 0.48682086051900164
2.361 0.4867471897861479
2.362 0.4863768521607382
2.363 0.4849937742655974
2.364 0.4848973175988817
2.365 0.4858975738946488
2.366 0.4869818313497547
2.367 0.4878500018725742
2.368 0.48762381861815485
2.369 0.48713439171191497
2.37 0.48701520038788615
2.371 0.48762394341185694
2.372 0.48825883803529707
2.373 0.48746654145115836
2.374 0.4868416604768433
2.375 0.486942370467498
2.376 0.48795085624600254
2.377 0.48781962698677406
2.378 0.4876410773986787
2.379 0.48687085883917214
2.38 0.48567589368844355
2.381 0.0
2.382 0.0
