# author: Fabian Haberhauer
# source: https://jwst-docs.stsci.edu/files/216457506/216457540/1/1762454226715/nircam_throughputs_Jan2025_v7.zip
# date_created: 2025-12-04
# date_modified: 2025-12-04
# wavelength_unit: um
# changes:
#   - 2025-12-04 (FH) initial transcription from source
#
wavelength  transmission
1.6854000244140628 0.0
1.686400024414063 0.0
1.6874000244140626 8.017056971972917e-05
1.6884000244140625 8.702230267909133e-05
1.6894000244140626 9.488626766298532e-05
1.6904000244140625 0.00010190142709589637
1.6914000244140626 0.00011112221942893722
1.6924000244140625 0.00012158991994077262
1.6934000244140626 0.00013314721233517764
1.6944000244140625 0.00014613872722803563
1.6954000244140626 0.0001602793541591747
1.6964000244140625 0.00017637792407024114
1.6974000244140626 0.0001956743144411158
1.6984000244140625 0.00021572368994250444
1.6994000244140626 0.00024132923231774773
1.7004000244140625 0.00026960802534195836
1.7014000244140626 0.0003006464638838371
1.7024000244140625 0.00033937755584642295
1.7034000244140626 0.0003810697769005679
1.7044000244140625 0.00042912554908527457
1.7054000244140626 0.00048466561907845013
1.7064000244140625 0.0005477893221594921
1.7074000244140626 0.000619311146971434
1.7084000244140625 0.0006993133094881204
1.7094000244140626 0.0007915339378987597
1.7104000244140625 0.0008968100966388266
1.7114000244140626 0.0010121528125661557
1.7124000244140625 0.0011468294073124815
1.7134000244140626 0.0012987429607343502
1.7144000244140625 0.0014656555035864791
1.7154000244140626 0.0016564916986690974
1.7164000244140625 0.0018798502756956497
1.7174000244140626 0.00212584170293899
1.7184000244140625 0.0024146001818422342
1.7194000244140626 0.002752020198912246
1.7204000244140625 0.003124799520799873
1.7214000244140626 0.0035582930474485877
1.7224000244140625 0.004063946855958073
1.7234000244140626 0.004646604116956242
1.7244000244140625 0.005331102597803304
1.7254000244140626 0.006150613258772746
1.7264000244140625 0.007101866934877051
1.7274000244140626 0.008224104364810013
1.7284000244140625 0.009558590641318046
1.7294000244140626 0.011187173967828406
1.7304000244140625 0.013074494328424557
1.7314000244140626 0.01536401811340742
1.7324000244140625 0.018121309497126016
1.7334000244140626 0.021127510726645718
1.7344000244140625 0.024451580989541807
1.7354000244140626 0.027821382412946943
1.7364000244140625 0.03139165044245805
1.7374000244140626 0.03509282696584542
1.7384000244140625 0.03943013265110232
1.7394000244140626 0.043890589498472285
1.7404000244140625 0.04892121609927496
1.7414000244140626 0.05457227978046838
1.7424000244140625 0.06054317845201097
1.7434000244140626 0.06722559996344617
1.7444000244140625 0.07471480303012434
1.7454000244140624 0.0835045438433309
1.7464000244140625 0.09334648194463573
1.7474000244140624 0.10509289512428263
1.7484000244140625 0.1188735161991011
1.7494000244140624 0.13475155420732104
1.7504000244140625 0.15319171845114485
1.7514000244140624 0.17360412672586423
1.7524000244140625 0.19463748354343324
1.7534000244140624 0.21746634481309343
1.7544000244140625 0.24037054111681883
1.7554000244140624 0.2635029362484902
1.7564000244140625 0.2861470297756138
1.7574000244140624 0.3079074604010238
1.7584000244140623 0.3271434645118823
1.7594000244140624 0.3450508743008348
1.7604000244140623 0.36101964322368946
1.7614000244140624 0.3755721499759765
1.7624000244140623 0.38913136236283835
1.7634000244140624 0.40230948927861504
1.7644000244140623 0.4140401740227885
1.7654000244140624 0.4253940543382017
1.7664000244140623 0.4360538139163749
1.7674000244140624 0.4457609083043592
1.7684000244140623 0.4553489744503565
1.7694000244140624 0.464205358484387
1.7704000244140623 0.4724600441752149
1.7714000244140624 0.4791457780629654
1.7724000244140623 0.48503215898183605
1.7734000244140624 0.48982774432101
1.7744000244140623 0.49352748832895976
1.7754000244140624 0.49671800893133633
1.7764000244140623 0.4980087948587521
1.7774000244140624 0.499917140539341
1.7784000244140623 0.5000816425467559
1.7794000244140624 0.5013810637708918
1.7804000244140623 0.5022406205671365
1.7814000244140624 0.502491670083388
1.7824000244140623 0.5031437613690211
1.7834000244140624 0.5031401410875015
1.7844000244140623 0.5034828400954657
1.7854000244140624 0.5043034678398038
1.7864000244140623 0.5046536642507635
1.7874000244140624 0.505362873310527
1.7884000244140623 0.5067116382291376
1.7894000244140624 0.5072035529873568
1.7904000244140623 0.5077304290625759
1.7914000244140624 0.5081224811066357
1.7924000244140623 0.5082907132570325
1.7934000244140624 0.5080225363300257
1.7944000244140623 0.5081216491252964
1.7954000244140624 0.5069362669417934
1.7964000244140623 0.506156018091848
1.7974000244140624 0.5046862814580613
1.7984000244140623 0.5032317308093174
1.7994000244140624 0.5022452719259197
1.8004000244140623 0.5006173786896684
1.8014000244140624 0.49952533423352313
1.8024000244140623 0.497780669072013
1.8034000244140624 0.4962516986131259
1.8044000244140623 0.4943761324812162
1.8054000244140624 0.49264441217921207
1.8064000244140623 0.4915344151641762
1.8074000244140624 0.49101743351542193
1.8084000244140623 0.49030519604142303
1.8094000244140624 0.4897420209275678
1.8104000244140623 0.4895176238455041
1.8114000244140624 0.48859551680824787
1.8124000244140623 0.48938622421859646
1.8134000244140625 0.48954254430355404
1.8144000244140623 0.49043288649002054
1.8154000244140625 0.4912552960408257
1.8164000244140623 0.49168337837158743
1.8174000244140625 0.49258320348114293
1.8184000244140623 0.49411386105036076
1.8194000244140625 0.49516674651641973
1.8204000244140623 0.49583732385189294
1.8214000244140625 0.4973225737836664
1.8224000244140623 0.49881074899853695
1.8234000244140625 0.4991822962429934
1.8244000244140623 0.5015220042611896
1.8254000244140625 0.5028034102521788
1.8264000244140624 0.5039361069773507
1.8274000244140625 0.5046844362168342
1.8284000244140624 0.5052242096733232
1.8294000244140625 0.5059946743799857
1.8304000244140624 0.5075814398194354
1.8314000244140625 0.5078400606916378
1.8324000244140624 0.5092207598658857
1.8334000244140625 0.5097388552739188
1.8344000244140624 0.5097793929814711
1.8354000244140625 0.5099005273146983
1.8364000244140624 0.5113240222608149
1.8374000244140625 0.5112974884913392
1.8384000244140624 0.5116361105975415
1.8394000244140625 0.511530814117768
1.8404000244140624 0.5119308809147732
1.8414000244140625 0.5113850462236016
1.8424000244140624 0.5116798988796223
1.8434000244140625 0.511541023495748
1.8444000244140624 0.5112658476463271
1.8454000244140625 0.5113156035711386
1.8464000244140624 0.5102033638903638
1.8474000244140625 0.5094691439395036
1.8484000244140624 0.5095848191332442
1.8494000244140625 0.5084725751701484
1.8504000244140624 0.5073972468582169
1.8514000244140625 0.5068959141300702
1.8524000244140624 0.5067439066517702
1.8534000244140625 0.5060974138263192
1.8544000244140624 0.5044166988753874
1.8554000244140625 0.5039384355055039
1.8564000244140624 0.503099022758599
1.8574000244140625 0.5035199045431181
1.8584000244140624 0.502872895878906
1.8594000244140625 0.5022568104312464
1.8604000244140624 0.5017530542681563
1.8614000244140625 0.5011553702780492
1.8624000244140624 0.5004279136348565
1.8634000244140625 0.500084262348314
1.8644000244140624 0.4993389774776342
1.8654000244140625 0.4998430617340808
1.8664000244140624 0.5001904128094508
1.8674000244140625 0.49986151232714626
1.8684000244140624 0.5002715023759159
1.8694000244140625 0.5006671131281248
1.8704000244140624 0.5014172193773959
1.8714000244140625 0.5021221749130157
1.8724000244140624 0.5028638806957243
1.8734000244140625 0.5037863320703434
1.8744000244140624 0.5046020982247299
1.8754000244140625 0.5051828093869195
1.8764000244140624 0.5063205992806736
1.8774000244140625 0.5064184845476754
1.8784000244140624 0.506865615268576
1.8794000244140625 0.5072307168610158
1.8804000244140624 0.5083736216638786
1.8814000244140625 0.5089448398907357
1.8824000244140624 0.5095272723323312
1.8834000244140623 0.5100569186198938
1.8844000244140624 0.5109915796890016
1.8854000244140623 0.511694836991399
1.8864000244140624 0.5124563064013662
1.8874000244140623 0.5128595617782636
1.8884000244140624 0.5128828780504189
1.8894000244140623 0.5139488045429985
1.8904000244140624 0.5141704750116893
1.8914000244140623 0.5141119280817235
1.8924000244140624 0.5137052545790861
1.8934000244140623 0.5137119510927193
1.8944000244140624 0.514247492283544
1.8954000244140623 0.5148093305840034
1.8964000244140624 0.5152640328087071
1.8974000244140623 0.5155878131382524
1.8984000244140624 0.5157675462933434
1.8994000244140623 0.5160387144078793
1.9004000244140624 0.5159549199039117
1.9014000244140623 0.5159555562662543
1.9024000244140624 0.5169015673548729
1.9034000244140623 0.5169575131174369
1.9044000244140624 0.5167704849231323
1.9054000244140623 0.5172688879241132
1.9064000244140624 0.5172999276493535
1.9074000244140623 0.5171429079817568
1.9084000244140624 0.5173037735549176
1.9094000244140623 0.5173691910985698
1.9104000244140624 0.5178463935426575
1.9114000244140623 0.5177156830853289
1.9124000244140624 0.517971271726791
1.9134000244140623 0.5183308235379753
1.9144000244140624 0.5192626142632689
1.9154000244140623 0.5184752984125364
1.9164000244140624 0.5179813772369157
1.9174000244140623 0.5182884223053957
1.9184000244140624 0.5182739527691718
1.9194000244140623 0.5181607426688957
1.9204000244140624 0.517413099390402
1.9214000244140623 0.5171065881467924
1.9224000244140624 0.5178154360057481
1.9234000244140623 0.5166657649136863
1.9244000244140624 0.5163734634661663
1.9254000244140623 0.5159517951130677
1.9264000244140624 0.5152507815739436
1.9274000244140623 0.5144267502177878
1.9284000244140624 0.5135225041899983
1.9294000244140623 0.5135090730793168
1.9304000244140624 0.513228617161243
1.9314000244140623 0.5123519274240192
1.9324000244140624 0.5119621983194044
1.9334000244140623 0.5112782896329635
1.9344000244140624 0.5099775253782456
1.9354000244140623 0.5096369054169594
1.9364000244140624 0.5089109813326862
1.9374000244140623 0.5082101325775151
1.9384000244140625 0.5077769703413534
1.9394000244140623 0.5073739582017457
1.9404000244140625 0.5073388059807813
1.9414000244140623 0.507256080273923
1.9424000244140625 0.5074377749473279
1.9434000244140623 0.5083025360216527
1.9444000244140625 0.5087448494471462
1.9454000244140623 0.50902144254096
1.9464000244140625 0.5091462477653413
1.9474000244140623 0.5094324156336145
1.9484000244140625 0.5100643853460144
1.9494000244140623 0.5103255423951689
1.9504000244140625 0.5109947524606456
1.9514000244140624 0.5112217587973611
1.9524000244140625 0.5115209800552885
1.9534000244140624 0.5123972906350592
1.9544000244140625 0.5125165910336225
1.9554000244140624 0.5128117745865877
1.9564000244140625 0.5133559017854167
1.9574000244140624 0.5139226129261792
1.9584000244140625 0.5140056904642458
1.9594000244140624 0.5136078849413062
1.9604000244140625 0.5142794700508762
1.9614000244140624 0.5144034087353254
1.9624000244140625 0.514334233005161
1.9634000244140624 0.5140456988788348
1.9644000244140625 0.514440410670459
1.9654000244140624 0.5141905074477674
1.9664000244140625 0.5139119763334242
1.9674000244140624 0.5137406101312397
1.9684000244140625 0.513509749042458
1.9694000244140624 0.5133773506088696
1.9704000244140625 0.5124047682693901
1.9714000244140624 0.5133626415905724
1.9724000244140625 0.5133772520380845
1.9734000244140624 0.5123056754063962
1.9744000244140625 0.5121745483896681
1.9754000244140624 0.5119833817959848
1.9764000244140625 0.5120339375465529
1.9774000244140624 0.5122874499963048
1.9784000244140625 0.5122471725349722
1.9794000244140624 0.5119743001396825
1.9804000244140625 0.5121628373086055
1.9814000244140624 0.5117960659807974
1.9824000244140625 0.5119844242349524
1.9834000244140624 0.5121874646556444
1.9844000244140625 0.5124129536036686
1.9854000244140624 0.5118377558204191
1.9864000244140625 0.5123397427024003
1.9874000244140624 0.5126663570695912
1.9884000244140625 0.5130873991234931
1.9894000244140624 0.5132235234834983
1.9904000244140625 0.513490360766838
1.9914000244140624 0.5131235586322019
1.9924000244140625 0.5126861985788337
1.9934000244140624 0.5130554749688027
1.9944000244140625 0.5118116189292541
1.9954000244140624 0.5107850077867956
1.9964000244140625 0.5081422076615918
1.9974000244140624 0.5069624579001352
1.9984000244140625 0.5082691005762372
1.9994000244140624 0.5102081074052216
2.0004000244140623 0.5118482578896687
2.0014000244140626 0.5118975591698559
2.0024000244140625 0.5132579052322954
2.0034000244140624 0.5143785855247918
2.0044000244140623 0.5143652742151731
2.0054000244140626 0.5137186523839944
2.0064000244140625 0.5134535920560075
2.0074000244140624 0.5129328054287408
2.0084000244140623 0.5125736142758621
2.009400024414062 0.5125278211735268
2.0104000244140625 0.5127429457739521
2.0114000244140624 0.5124332253772194
2.0124000244140623 0.5130841797420677
2.013400024414062 0.512340266029965
2.0144000244140625 0.5128821094260815
2.0154000244140624 0.513725380728397
2.0164000244140623 0.5140489307132113
2.017400024414062 0.514211221213173
2.0184000244140625 0.5150362709475615
2.0194000244140624 0.5151067266487162
2.0204000244140623 0.5154093467182481
2.021400024414062 0.5144558575728526
2.0224000244140625 0.5157226031247701
2.0234000244140624 0.5164300431649208
2.0244000244140623 0.5170459713605021
2.025400024414062 0.5184157395406819
2.0264000244140625 0.5188819617899507
2.0274000244140624 0.5185752543962711
2.0284000244140623 0.5193942731946162
2.029400024414062 0.5194986918074528
2.0304000244140625 0.52001897391454
2.0314000244140624 0.5202932707427727
2.0324000244140623 0.5203887140865358
2.033400024414062 0.5205933466820177
2.0344000244140625 0.5204372972133475
2.0354000244140624 0.5206358550014709
2.0364000244140623 0.5200830101975561
2.037400024414062 0.5202058265323284
2.0384000244140625 0.5199411448590991
2.0394000244140624 0.5199224488137878
2.0404000244140623 0.519403667398679
2.0414000244140627 0.5180594064587742
2.0424000244140625 0.5180721160619799
2.0434000244140624 0.5169964399395068
2.0444000244140623 0.5157147698304472
2.0454000244140627 0.5153125306708699
2.0464000244140625 0.5135097413321752
2.0474000244140624 0.5129655663313801
2.04839990234375 0.5120418366370836
2.04939990234375 0.5114416904509614
2.05039990234375 0.5108549173974488
2.05139990234375 0.5105058458031252
2.05239990234375 0.5094549325830188
2.05339990234375 0.5090554862019274
2.05439990234375 0.5091156953862607
2.05539990234375 0.5089415415765529
2.05639990234375 0.5082682912224047
2.05739990234375 0.5083592123340672
2.05839990234375 0.5086019689131994
2.05939990234375 0.5087264722338176
2.06039990234375 0.5089169154160357
2.06139990234375 0.5093148707075501
2.06239990234375 0.5099880143848321
2.06339990234375 0.5110994743012395
2.06439990234375 0.5115754022570045
2.06539990234375 0.5120948337716202
2.06639990234375 0.5129685144657403
2.06739990234375 0.5141635465276537
2.06839990234375 0.5153459970303416
2.06939990234375 0.5159419923604237
2.07039990234375 0.5169505919251771
2.07139990234375 0.5181419186334384
2.07239990234375 0.5188801806085365
2.07339990234375 0.5208811851490047
2.07439990234375 0.5213968763309087
2.07539990234375 0.5218743731979946
2.07639990234375 0.5224595480634165
2.07739990234375 0.5230794884734085
2.07839990234375 0.523458811855778
2.07939990234375 0.5239996569501435
2.08039990234375 0.5239258825630937
2.08139990234375 0.5237488629528311
2.08239990234375 0.524590656565544
2.08339990234375 0.5241033072324844
2.08439990234375 0.5247844771206986
2.08539990234375 0.5245128556716284
2.08639990234375 0.5250210772445173
2.08739990234375 0.524914820399558
2.08839990234375 0.5246501984729445
2.08939990234375 0.523554406207376
2.09039990234375 0.523376417791391
2.09139990234375 0.5219592770408524
2.09239990234375 0.5215198140529804
2.09339990234375 0.5217447437026328
2.09439990234375 0.52134860921067
2.09539990234375 0.5210967549946588
2.09639990234375 0.520376308199059
2.09739990234375 0.5202587861146059
2.09839990234375 0.5201204096482978
2.09939990234375 0.5201028679819926
2.10039990234375 0.5185747453414613
2.10139990234375 0.5190394345266987
2.10239990234375 0.5181698966854262
2.10339990234375 0.5187555695121386
2.10439990234375 0.5188318067980424
2.10539990234375 0.5184597975150929
2.10639990234375 0.5181505453929492
2.10739990234375 0.5175761340263049
2.10839990234375 0.5173344215094811
2.10939990234375 0.5164281298227819
2.11039990234375 0.5170187244556893
2.11139990234375 0.5162936926910868
2.11239990234375 0.5163242644431728
2.11339990234375 0.5157223880230433
2.11439990234375 0.5161029182439747
2.11539990234375 0.5153031018062131
2.11639990234375 0.5150638043439406
2.11739990234375 0.5148695338616799
2.11839990234375 0.5148764031700652
2.11939990234375 0.5143719532177063
2.12039990234375 0.5137593340841752
2.12139990234375 0.5132650232253321
2.12239990234375 0.5126042024690112
2.12339990234375 0.512467941374718
2.12439990234375 0.5115987142139171
2.12539990234375 0.5111737638556201
2.12639990234375 0.5105531333473399
2.12739990234375 0.5106527373421628
2.12839990234375 0.5095741144377524
2.12939990234375 0.5102218475875198
2.13039990234375 0.5090819806130406
2.13139990234375 0.5085571099579129
2.13239990234375 0.5090356833831489
2.13339990234375 0.5086140202229692
2.13439990234375 0.5088932001711208
2.13539990234375 0.5081234112408887
2.13639990234375 0.5083955767218508
2.13739990234375 0.5081062556770374
2.13839990234375 0.508017018067739
2.13939990234375 0.5083334249748426
2.14039990234375 0.5087646574682585
2.14139990234375 0.5085441454106212
2.14239990234375 0.5099820746068235
2.14339990234375 0.5097881504289565
2.14439990234375 0.5105224773837906
2.14539990234375 0.5112374974691424
2.14639990234375 0.5113048143097834
2.14739990234375 0.5115575715388018
2.14839990234375 0.5119149988070012
2.14939990234375 0.5113328856129477
2.15039990234375 0.5123339590191717
2.15139990234375 0.5117137538551095
2.15239990234375 0.512116521605487
2.15339990234375 0.5112416512681993
2.15439990234375 0.5116412616807858
2.15539990234375 0.5108730630180063
2.15639990234375 0.5108047417799696
2.15739990234375 0.5102733503806814
2.15839990234375 0.5101413731531147
2.15939990234375 0.5100446944998319
2.16039990234375 0.5087010995462118
2.16139990234375 0.5081487827791149
2.16239990234375 0.5064189160821848
2.16339990234375 0.505554020832991
2.16439990234375 0.5045361109100045
2.16539990234375 0.5035893753482855
2.16639990234375 0.5028752640761982
2.16739990234375 0.5013426244407967
2.16839990234375 0.5010889661610693
2.16939990234375 0.4992736885977149
2.17039990234375 0.4983685288206436
2.17139990234375 0.49668056497951313
2.17239990234375 0.4967304171437858
2.17339990234375 0.4955725763135818
2.17439990234375 0.49496564802622955
2.17539990234375 0.49449377264394156
2.17639990234375 0.4940988767465602
2.17739990234375 0.4936408547424766
2.17839990234375 0.49263267910365127
2.17939990234375 0.49248981904687805
2.18039990234375 0.49253759252902735
2.18139990234375 0.491948152887178
2.18239990234375 0.49134466659752535
2.18339990234375 0.4912769171845696
2.18439990234375 0.4914557512837586
2.18539990234375 0.4929882333912686
2.18639990234375 0.4932742135212309
2.18739990234375 0.4929472032963558
2.18839990234375 0.49392449449743686
2.18939990234375 0.4937483367116359
2.19039990234375 0.4944823108738323
2.19139990234375 0.49552834711248245
2.19239990234375 0.495896599408749
2.19339990234375 0.4964957547204398
2.19439990234375 0.49750373942043796
2.19539990234375 0.49782232354001416
2.19639990234375 0.49854935299422193
2.19739990234375 0.49987268013136493
2.19839990234375 0.5011130484564079
2.19939990234375 0.5019677280352662
2.20039990234375 0.5035751544789522
2.20139990234375 0.5036920547022045
2.20239990234375 0.5050094548045795
2.20339990234375 0.505530014997267
2.20439990234375 0.5066738702543925
2.20539990234375 0.5068386898481564
2.20639990234375 0.5064813052112213
2.20739990234375 0.5056802110267378
2.20839990234375 0.5044780239995984
2.20939990234375 0.5030596786055301
2.21039990234375 0.5012378282338327
2.21139990234375 0.49823736384076567
2.21239990234375 0.49436087197011147
2.21339990234375 0.48917915896338493
2.21439990234375 0.48180302821702065
2.21539990234375 0.4747795520849952
2.21639990234375 0.4641595869725503
2.21739990234375 0.45334196728313325
2.21839990234375 0.44032502365822324
2.21939990234375 0.42516998078946244
2.22039990234375 0.40877021244746375
2.22139990234375 0.3909006717177495
2.22239990234375 0.3717312901383182
2.22339990234375 0.35096942712379847
2.22439990234375 0.32911247323036463
2.22539990234375 0.3067717648018924
2.22639990234375 0.2851437624783885
2.22739990234375 0.2643252340557668
2.22839990234375 0.24387381290434398
2.22939990234375 0.2245248200570345
2.23039990234375 0.20638231975654175
2.23139990234375 0.188943441947706
2.23239990234375 0.17308867165091651
2.23339990234375 0.15852405730383112
2.23439990234375 0.1448990453041978
2.23539990234375 0.13181309780524456
2.23639990234375 0.11975616581590323
2.23739990234375 0.10788805477485734
2.23839990234375 0.09672833328557609
2.23939990234375 0.0868421155591918
2.24039990234375 0.07746881732415913
2.24139990234375 0.06877779264761648
2.24239990234375 0.060967936734119335
2.24339990234375 0.05381739810029833
2.24439990234375 0.047158496253154575
2.24539990234375 0.04144707076588336
2.24639990234375 0.03635727049357572
2.24739990234375 0.03175122909144306
2.24839990234375 0.027743594828526456
2.24939990234375 0.024182781054368448
2.25039990234375 0.02100739125530418
2.25139990234375 0.018278935545999228
2.25239990234375 0.01598009826623382
2.25339990234375 0.013939200594817493
2.25439990234375 0.01213511554386424
2.25539990234375 0.010596135003145633
2.25639990234375 0.009206306386940363
2.25739990234375 0.008004962718395013
2.25839990234375 0.007001732274895164
2.25939990234375 0.006117787737813785
2.26039990234375 0.005336749256849796
2.26139990234375 0.004669264341376943
2.26239990234375 0.004073219679470045
2.26339990234375 0.003555534931184795
2.26439990234375 0.003123406268509258
2.26539990234375 0.0027495195871060515
2.26639990234375 0.0024156446224322327
2.26739990234375 0.0021350543005774023
2.26839990234375 0.001888473936153376
2.26939990234375 0.0016719741558101078
2.27039990234375 0.0014883866961485329
2.27139990234375 0.0013282872964464072
2.27239990234375 0.0011869549733196255
2.27339990234375 0.001068424668611809
2.27439990234375 0.000956754949277174
2.27539990234375 0.0008605112335221966
2.27639990234375 0.0007739589717586084
2.27739990234375 0.0007024721759751238
2.27839990234375 0.0006368881801077176
2.27939990234375 0.0005779750210602066
2.28039990234375 0.0005294607355138606
2.28139990234375 0.0004807235172979288
2.28239990234375 0.00043678680097585773
2.28339990234375 0.0004019665234306181
2.28439990234375 0.0003700820530183871
2.28539990234375 0.00034084381761565635
2.28639990234375 0.0003117687564116957
2.28739990234375 0.00028655769760988284
2.28839990234375 0.00026633358924970724
2.28939990234375 0.00024296106021904555
2.29039990234375 0.00022601954552546198
2.29139990234375 0.00020948318597229933
2.29239990234375 0.0001928979035114552
2.29339990234375 0.00017684796564538418
2.29439990234375 0.00016450895462894927
2.29539990234375 0.0001531937234730502
2.29639990234375 0.0001410834402817546
2.29739990234375 0.00013348654184631986
2.29839990234375 0.00012273846236708483
2.29939990234375 0.00011524353238109476
2.30039990234375 0.00010749461518173407
2.30139990234375 0.0
2.30239990234375 0.0
