# author : Miguel Verdugo
# source : skycalc_ipy tool for standard Armazones conditions
# date_created : 2020-10-29
# date_modified : 2020-10-29
# status : Design
# type : atmosphere:ter_curve
# pwv : 2.5
# airmass : 1.2
# wdelta : 10
# wmin : 2500
# wmax : 15000
# season : entire year
# time : entire night
# action : transmission
# wavelength_unit : um
# emission_unit : ph s-1 m-2 um-1 arcsec-2
# changes :
# - 2020-10-29 (MV) Created file
wavelength  transmission    emission
 2.500       0.6125      200922.0
 2.510       0.4709      306120.8
 2.520       0.2880      450390.7
 2.530       0.1397      600831.8
 2.540       0.0796      716147.8
 2.550       0.0288      824419.2
 2.560       0.0488      866491.4
 2.570       0.0017     1026937.3
 2.580       0.0002     1116564.0
 2.590       0.0000     1202700.9
 2.600       0.0000     1273058.9
 2.610       0.0000     1356885.1
 2.620       0.0000     1424713.1
 2.630       0.0000     1529040.1
 2.640       0.0030     1484986.2
 2.650       0.0017     1624364.6
 2.660       0.0000     1799770.8
 2.670       0.0000     1939380.7
 2.680       0.0000     2048202.5
 2.690       0.0000     2141141.0
 2.700       0.0000     2248929.9
 2.710       0.0000     2376008.3
 2.720       0.0000     2513055.6
 2.730       0.0005     2510709.5
 2.740       0.0000     2778664.4
 2.750       0.0000     2892956.6
 2.760       0.0000     3107342.4
 2.770       0.0000     3241903.6
 2.780       0.0000     3405296.2
 2.790       0.0003     3478466.3
 2.800       0.0007     3623691.1
 2.810       0.0060     3603264.0
 2.820       0.0150     3696484.4
 2.830       0.0837     3307635.8
 2.840       0.0957     3487328.7
 2.850       0.0618     3871764.2
 2.860       0.1724     3235173.9
 2.870       0.1924     3408316.7
 2.880       0.3643     2568464.1
 2.890       0.3553     2861501.4
 2.900       0.3903     3005197.6
 2.910       0.4612     2630405.8
 2.920       0.4300     3144398.4
 2.930       0.7291     1412251.9
 2.940       0.5404     2640393.7
 2.950       0.5478     2792895.7
 2.960       0.6859     1827845.6
 2.970       0.3667     4226195.3
 2.980       0.5235     3138513.9
 2.990       0.7730     1447764.6
 3.000       0.7071     2167679.6
 3.010       0.5865     3135015.7
 3.020       0.5394     3806324.4
 3.030       0.6937     2529925.1
 3.040       0.5113     4329109.8
 3.050       0.4144     5495235.2
 3.060       0.6052     3607934.1
 3.070       0.5542     4426583.4
 3.080       0.6227     3917474.6
 3.090       0.5594     4660578.4
 3.100       0.5453     4997397.1
 3.110       0.4474     6432574.4
 3.120       0.7403     3040791.4
 3.130       0.6045     4886070.9
 3.140       0.7275     3461878.4
 3.150       0.6638     4356604.9
 3.160       0.8187     2148452.3
 3.170       0.8583     1641916.4
 3.180       0.7552     2938792.9
 3.190       0.6488     5202974.5
 3.200       0.4273     9460374.3
 3.210       0.2643    12607996.3
 3.220       0.3325    11571463.1
 3.230       0.4003    10972575.8
 3.240       0.6058     6540567.1
 3.250       0.4802     9555642.8
 3.260       0.5055     9731401.2
 3.270       0.5031     9613065.0
 3.280       0.6957     5898485.8
 3.290       0.7773     4012328.5
 3.300       0.4171    13360071.7
 3.310       0.4270    12491766.5
 3.320       0.1542    19269286.5
 3.330       0.6356     7615184.4
 3.340       0.7238     6886855.4
 3.350       0.6744     8112894.3
 3.360       0.5877    10862856.5
 3.370       0.7191     6672920.7
 3.380       0.6738     8548305.1
 3.390       0.7263     6502611.2
 3.400       0.7757     5449807.6
 3.410       0.7987     5323645.2
 3.420       0.7937     5023508.5
 3.430       0.7696     5262334.5
 3.440       0.8284     3807168.7
 3.450       0.8296     3568230.4
 3.460       0.9239     1885375.0
 3.470       0.8807     2461597.5
 3.480       0.9058     1871753.3
 3.490       0.8990     1957940.2
 3.500       0.9410     1162422.7
 3.510       0.9605      948705.8
 3.520       0.9683      917065.2
 3.530       0.9381     1491490.6
 3.540       0.8573     3358652.4
 3.550       0.9106     2366689.0
 3.560       0.9367     1667536.2
 3.570       0.8864     3154797.4
 3.580       0.9106     2520366.3
 3.590       0.9140     2654485.2
 3.600       0.9534     1571523.1
 3.610       0.9115     2822921.7
 3.620       0.9717      923120.1
 3.630       0.9355     2321086.3
 3.640       0.9786      613241.0
 3.650       0.9376     1963845.3
 3.660       0.9821      708583.2
 3.670       0.9074     4580015.9
 3.680       0.9229     4564198.7
 3.690       0.9553     1814100.0
 3.700       0.9864      525584.9
 3.710       0.9532     2186098.4
 3.720       0.9792      931948.5
 3.730       0.9548     2358420.8
 3.740       0.9653     1993129.1
 3.750       0.9612     2262002.5
 3.760       0.9665     2123652.9
 3.770       0.9550     2990685.9
 3.780       0.9724     1741368.7
 3.790       0.9475     3652787.8
 3.800       0.9719     1372101.8
 3.810       0.9530     3362502.8
 3.820       0.9762     1235500.5
 3.830       0.9702     2074067.6
 3.840       0.9585     2605861.0
 3.850       0.9544     2436997.3
 3.860       0.9270     4514878.3
 3.870       0.8656     7257187.2
 3.880       0.8329     9077632.9
 3.890       0.8405     8210991.5
 3.900       0.9253     4233642.9
 3.910       0.8724     6779676.4
 3.920       0.8572     8452073.3
 3.930       0.8709     7936234.3
 3.940       0.9077     6011990.2
 3.950       0.9302     4929727.5
 3.960       0.9424     4284166.0
 3.970       0.9472     4175757.6
 3.980       0.9328     5187149.1
 3.990       0.9362     5324890.2
 4.000       0.9279     6242230.8
 4.010       0.9056     8061032.6
 4.020       0.8915     9539659.7
 4.030       0.8646    11828215.6
 4.040       0.8377    14255001.6
 4.050       0.8320    15270824.6
 4.060       0.8383    15729068.5
 4.070       0.8088    18602255.1
 4.080       0.7766    22051039.2
 4.090       0.7613    24429452.3
 4.100       0.7499    26503055.7
 4.110       0.7395    28345534.9
 4.120       0.7219    30952206.8
 4.130       0.6992    34327354.6
 4.140       0.6719    38360934.1
 4.150       0.6351    43872001.7
 4.160       0.5903    50941898.6
 4.170       0.5155    62701129.9
 4.180       0.3119   108994970.0
 4.190       0.0104   254873362.7
 4.200       0.0000   294652201.9
 4.210       0.0000   302917661.8
 4.220       0.0000   308911354.1
 4.230       0.0000   314834304.2
 4.240       0.0000   320777738.3
 4.250       0.0000   326553802.9
 4.260       0.0000   332417356.6
 4.270       0.0000   338792955.5
 4.280       0.0000   344898676.1
 4.290       0.0000   351065069.7
 4.300       0.0000   357393783.4
 4.310       0.0000   363561402.1
 4.320       0.0000   369675729.3
 4.330       0.0000   375890764.8
 4.340       0.0000   381354003.9
 4.350       0.0000   386600110.5
 4.360       0.0000   391823829.9
 4.370       0.0000   392871030.3
 4.380       0.0000   386688449.4
 4.390       0.0000   398089046.9
 4.400       0.0000   401009634.9
 4.410       0.0000   403128789.4
 4.420       0.0001   403493746.8
 4.430       0.0006   404337702.1
 4.440       0.0043   389677346.7
 4.450       0.0109   379558333.0
 4.460       0.0165   374351214.4
 4.470       0.0156   376664299.7
 4.480       0.0525   330645486.1
 4.490       0.1418   273243539.2
 4.500       0.2551   216804096.4
 4.510       0.1330   284127092.1
 4.520       0.1475   281507471.5
 4.530       0.1723   278745203.0
 4.540       0.2323   259575645.5
 4.550       0.2660   244253816.5
 4.560       0.4202   189525435.8
 4.570       0.3948   194416846.4
 4.580       0.5440   141136618.5
 4.590       0.6842    95328084.3
 4.600       0.7378    78533294.6
 4.610       0.8030    61100417.5
 4.620       0.8230    59390495.3
 4.630       0.7906    76007392.6
 4.640       0.8840    38988697.0
 4.650       0.8663    51482297.4
 4.660       0.8395    70671928.0
 4.670       0.8788    57371473.1
 4.680       0.7596   115851505.4
 4.690       0.8916    25548049.2
 4.700       0.7273    57288323.9
 4.710       0.6591    88137591.1
 4.720       0.7263    46508464.5
 4.730       0.6736   143129581.4
 4.740       0.7579    58317911.2
 4.750       0.7045    86710352.2
 4.760       0.7466    75904258.5
 4.770       0.7519    76438420.7
 4.780       0.5928   176685003.6
 4.790       0.6384   160848601.5
 4.800       0.7282    92438134.3
 4.810       0.3611   319714190.6
 4.820       0.6268   173550393.7
 4.830       0.6633   126084112.9
 4.840       0.3881   377226052.5
 4.850       0.5231   269274666.9
 4.860       0.7099   136397633.4
 4.870       0.6853   152291867.4
 4.880       0.7430   121523920.4
 4.890       0.5751   275183993.3
 4.900       0.5832   301907224.4
 4.910       0.7982   119403147.1
 4.920       0.9022    60254473.3
 4.930       0.7578   177550257.9
 4.940       0.7538   186361992.8
 4.950       0.5689   347705020.7
 4.960       0.4444   450238685.1
 4.970       0.9250    51106845.6
 4.980       0.6384   294676624.5
 4.990       0.9325    48894349.4
 5.000       0.6897   259220174.2
 5.010       0.8522   116022103.7
 5.020       0.1837   745698131.3
 5.030       0.4375   494206521.4
 5.040       0.8999    80228555.2
 5.050       0.9116    72592121.1
 5.060       0.8165   157956563.8
 5.070       0.9226    63800391.9
 5.080       0.3634   610223309.9
 5.090       0.5752   402257505.8
 5.100       0.6205   353917732.0
 5.110       0.5404   429561107.1
 5.120       0.7139   273117618.3
 5.130       0.7028   273351920.6
 5.140       0.1319   892281565.8
 5.150       0.1338   929704480.3
 5.160       0.7149   265133362.3
 5.170       0.5192   431765360.0
 5.180       0.7979   189657722.7
 5.190       0.6620   320676803.4
 5.200       0.0693  1058271995.7
 5.210       0.0879  1032134814.7
 5.220       0.2368   809203289.0
 5.230       0.3864   643919227.0
 5.240       0.0886  1073795477.6
 5.250       0.4068   633604663.6
 5.260       0.6438   375477101.6
 5.270       0.4889   555734731.1
 5.280       0.1700   997402989.9
 5.290       0.0828  1149646986.3
 5.300       0.2833   827374938.3
 5.310       0.4288   684039165.8
 5.320       0.5569   511288510.2
 5.330       0.5537   514540717.8
 5.340       0.3036   839818723.3
 5.350       0.0000  1451341717.3
 5.360       0.0697  1245301366.2
 5.370       0.3417   819122085.9
 5.380       0.2517   969024011.5
 5.390       0.4774   641028457.3
 5.400       0.3766   784547328.6
 5.410       0.0712  1310325700.7
 5.420       0.0009  1539591576.3
 5.430       0.0571  1347088430.3
 5.440       0.0763  1317767089.9
 5.450       0.0993  1261173212.6
 5.460       0.0210  1489202277.4
 5.470       0.0041  1564104743.4
 5.480       0.0056  1582259472.1
 5.490       0.1396  1250553137.5
 5.500       0.2618  1059098651.4
 5.510       0.2709  1021854309.1
 5.520       0.0091  1635621900.6
 5.530       0.0336  1530795643.2
 5.540       0.0977  1376709195.0
 5.550       0.0023  1711932436.1
 5.560       0.0037  1709153739.2
 5.570       0.0001  1767384140.8
 5.580       0.0000  1816814978.7
 5.590       0.0171  1673788201.2
 5.600       0.0286  1658366614.3
 5.610       0.0099  1739088828.8
 5.620       0.0019  1822468176.3
 5.630       0.0030  1819902864.6
 5.640       0.0000  1910582958.0
 5.650       0.0000  1908031434.5
 5.660       0.0052  1849120539.2
 5.670       0.0033  1874384924.1
 5.680       0.0009  1927236973.2
 5.690       0.0001  1972447210.9
 5.700       0.0034  1901603975.4
 5.710       0.0000  2024713378.3
 5.720       0.0000  2052993099.1
 5.730       0.0000  2047207679.5
 5.740       0.0000  2060074517.3
 5.750       0.0000  2094565199.5
 5.760       0.0000  2104388047.4
 5.770       0.0000  2139344960.4
 5.780       0.0000  2127760781.5
 5.790       0.0031  2048249292.0
 5.800       0.0024  2098337821.8
 5.810       0.0002  2145908127.8
 5.820       0.0000  2231505881.4
 5.830       0.0000  2245938778.6
 5.840       0.0001  2211719611.2
 5.850       0.0000  2236457384.6
 5.860       0.0000  2290281114.7
 5.870       0.0000  2307911070.0
 5.880       0.0000  2340267988.4
 5.890       0.0000  2352002856.8
 5.900       0.0000  2367293243.6
 5.910       0.0000  2342012545.8
 5.920       0.0000  2397868301.7
 5.930       0.0000  2414929941.0
 5.940       0.0000  2449118326.9
 5.950       0.0000  2451219434.0
 5.960       0.0000  2437345672.9
 5.970       0.0000  2494655397.8
 5.980       0.0000  2501674730.0
 5.990       0.0000  2536441788.0
 6.000       0.0000  2496661519.4
 6.010       0.0000  2545006627.7
 6.020       0.0000  2554245581.9
 6.030       0.0000  2545550353.2
 6.040       0.0000  2618888354.7
 6.050       0.0000  2656118815.1
 6.060       0.0000  2653333387.4
 6.070       0.0000  2691211632.3
 6.080       0.0000  2684613658.8
 6.090       0.0000  2663242849.6
 6.100       0.0000  2705346479.7
 6.110       0.0000  2764808392.3
 6.120       0.0000  2759581088.6
 6.130       0.0002  2702377551.6
 6.140       0.0000  2781863987.1
 6.150       0.0000  2788899118.0
 6.160       0.0000  2853814009.2
 6.170       0.0000  2823482891.3
 6.180       0.0000  2875387926.4
 6.190       0.0000  2897460078.1
 6.200       0.0005  2819822940.3
 6.210       0.0008  2857336975.1
 6.220       0.0003  2895101423.6
 6.230       0.0093  2737093057.7
 6.240       0.0011  2915838107.4
 6.250       0.0160  2740589975.3
 6.260       0.0160  2760879358.4
 6.270       0.0010  2964686932.2
 6.280       0.0066  2879137465.5
 6.290       0.0062  2916176718.4
 6.300       0.0188  2781828800.4
 6.310       0.0137  2838424209.0
 6.320       0.0025  2990559058.7
 6.330       0.0003  3076988510.5
 6.340       0.0000  3202275146.6
 6.350       0.0000  3210904781.6
 6.360       0.0000  3191038774.0
 6.370       0.0000  3267532397.3
 6.380       0.0000  3233688683.0
 6.390       0.0000  3288703155.3
 6.400       0.0000  3295722616.1
 6.410       0.0000  3356144840.1
 6.420       0.0000  3374981152.2
 6.430       0.0000  3385329190.1
 6.440       0.0000  3378979389.9
 6.450       0.0000  3412654031.5
 6.460       0.0000  3385432810.3
 6.470       0.0000  3457306010.0
 6.480       0.0000  3490523502.2
 6.490       0.0000  3516593268.9
 6.500       0.0000  3532294433.3
 6.510       0.0000  3523958039.3
 6.520       0.0000  3570734007.2
 6.530       0.0000  3553968182.1
 6.540       0.0000  3575619084.9
 6.550       0.0000  3623455618.0
 6.560       0.0000  3645338748.9
 6.570       0.0000  3678944740.3
 6.580       0.0000  3684254019.2
 6.590       0.0000  3713094459.1
 6.600       0.0000  3714885657.8
 6.610       0.0000  3722860330.0
 6.620       0.0000  3755423419.9
 6.630       0.0000  3797725559.6
 6.640       0.0000  3823641813.7
 6.650       0.0000  3796422034.0
 6.660       0.0000  3814314447.0
 6.670       0.0000  3861999250.3
 6.680       0.0000  3886623182.5
 6.690       0.0000  3858784338.9
 6.700       0.0000  3848651357.3
 6.710       0.0000  3960807643.9
 6.720       0.0000  3965160355.0
 6.730       0.0002  3918622012.5
 6.740       0.0053  3754576520.7
 6.750       0.0003  3951591697.1
 6.760       0.0051  3800469532.0
 6.770       0.0001  4014314500.8
 6.780       0.0000  4072636751.5
 6.790       0.0000  4127920115.6
 6.800       0.0000  4081864985.4
 6.810       0.0008  3999213011.5
 6.820       0.0000  4112479004.9
 6.830       0.0000  4168622812.0
 6.840       0.0004  4071320000.7
 6.850       0.0000  4198680870.1
 6.860       0.0000  4272275858.0
 6.870       0.0000  4284001616.5
 6.880       0.0002  4194211204.1
 6.890       0.0017  4177014141.7
 6.900       0.0027  4166320305.1
 6.910       0.0000  4315529734.4
 6.920       0.0333  3873003515.1
 6.930       0.0743  3599884082.3
 6.940       0.0341  3879929754.3
 6.950       0.0033  4243075694.5
 6.960       0.0000  4470318187.9
 6.970       0.0004  4365734282.8
 6.980       0.0020  4362762848.4
 6.990       0.0006  4433408275.6
 7.000       0.0045  4361150946.8
 7.010       0.0401  3963916327.9
 7.020       0.0035  4452149611.6
 7.030       0.0021  4416912033.6
 7.040       0.0001  4577003164.1
 7.050       0.0000  4642415867.3
 7.060       0.0018  4548600290.0
 7.070       0.0704  3908913155.8
 7.080       0.0717  4015809784.6
 7.090       0.0681  4021508943.6
 7.100       0.1826  3356454360.6
 7.110       0.0524  4129264364.7
 7.120       0.0018  4680365864.5
 7.130       0.0747  3972364598.9
 7.140       0.0138  4516407901.1
 7.150       0.0000  4835556096.2
 7.160       0.0006  4764078520.1
 7.170       0.0000  4886895541.7
 7.180       0.0282  4422730828.0
 7.190       0.0375  4388815778.0
 7.200       0.0312  4470168291.8
 7.210       0.0000  4952275163.7
 7.220       0.1585  3683180134.8
 7.230       0.2671  3134422854.6
 7.240       0.2837  3113352297.0
 7.250       0.0558  4408560480.3
 7.260       0.1019  4081974896.3
 7.270       0.0104  4862381093.5
 7.280       0.0005  5041604662.2
 7.290       0.0803  4274448035.4
 7.300       0.1182  4057448321.2
 7.310       0.0940  4321257902.8
 7.320       0.3037  2993766742.3
 7.330       0.0592  4490800925.4
 7.340       0.0007  5152097186.2
 7.350       0.0426  4639938252.2
 7.360       0.1951  3689492077.9
 7.370       0.3339  2831958426.2
 7.380       0.0562  4555746762.7
 7.390       0.3653  2752514913.5
 7.400       0.2982  2882743291.2
 7.410       0.1083  4350444743.9
 7.420       0.2706  3058915158.0
 7.430       0.3796  2622805910.4
 7.440       0.4963  2237083416.4
 7.450       0.0795  4199583862.3
 7.460       0.0040  5334989856.8
 7.470       0.0003  5430817673.2
 7.480       0.0242  5012999638.9
 7.490       0.4429  2593637010.6
 7.500       0.3523  2880387605.4
 7.510       0.5074  2099983552.7
 7.520       0.4361  2703395889.9
 7.530       0.3699  2853928311.0
 7.540       0.5224  2089057607.5
 7.550       0.6512  1544657699.4
 7.560       0.2833  3357856054.5
 7.570       0.2359  3800145604.3
 7.580       0.0039  5526734540.9
 7.590       0.0721  4878462801.8
 7.600       0.2798  3483552365.0
 7.610       0.0809  4868030017.4
 7.620       0.1159  4524204505.3
 7.630       0.4340  2406114995.8
 7.640       0.3300  3276235895.1
 7.650       0.2371  3449789554.8
 7.660       0.0029  5252013216.9
 7.670       0.0224  4693856422.5
 7.680       0.0722  4202826145.3
 7.690       0.1927  3352075188.3
 7.700       0.3165  2698163846.5
 7.710       0.0545  4672649542.0
 7.720       0.2532  3085969304.4
 7.730       0.3097  2775205910.7
 7.740       0.3848  2515873766.8
 7.750       0.3562  2982618580.2
 7.760       0.1521  4351080818.9
 7.770       0.2541  3822774905.2
 7.780       0.6460  1553242115.1
 7.790       0.2241  3516143586.9
 7.800       0.3522  2649906942.8
 7.810       0.3016  3303078301.1
 7.820       0.5249  1837335601.9
 7.830       0.2753  3047066891.1
 7.840       0.3442  2744957679.1
 7.850       0.4216  2483646303.4
 7.860       0.1083  4895400436.8
 7.870       0.0809  4885546857.9
 7.880       0.1181  4635414302.3
 7.890       0.2708  3656756657.1
 7.900       0.2026  4183642079.1
 7.910       0.4471  2525398072.2
 7.920       0.3497  2894611004.5
 7.930       0.1972  4287059653.4
 7.940       0.2234  4041035546.6
 7.950       0.5705  2024478375.4
 7.960       0.6667  1431592787.8
 7.970       0.5663  1852929874.8
 7.980       0.4479  2475666024.2
 7.990       0.7737  1061836564.0
 8.000       0.6784  1339157505.1
 8.010       0.6247  1799113971.5
 8.020       0.7387  1110296742.1
 8.030       0.5722  2020319767.8
 8.040       0.3774  3501185679.9
 8.050       0.6794  1490360462.0
 8.060       0.7830  1005258594.0
 8.070       0.7484  1251635616.9
 8.080       0.7116  1320166176.3
 8.090       0.7595  1066361125.9
 8.100       0.9723   118259979.6
 8.110       0.9093   392551709.1
 8.120       0.9794    87754404.7
 8.130       0.7557  1052810355.2
 8.140       0.8957   447576748.4
 8.150       0.9440   310043795.7
 8.160       0.3829  3719371987.6
 8.170       0.8512   787548914.7
 8.180       0.8392   762452651.9
 8.190       0.8612   718998875.3
 8.200       0.8433   770477484.5
 8.210       0.6523  2064355014.4
 8.220       0.9189   367832194.5
 8.230       0.9323   389015363.2
 8.240       0.9352   384321163.8
 8.250       0.4582  3339170731.2
 8.260       0.7244  1584108600.9
 8.270       0.9534   252556451.0
 8.280       0.9725   137677692.8
 8.290       0.9434   318543924.4
 8.300       0.9840    80159230.9
 8.310       0.9643   153597974.7
 8.320       0.9641   164031731.1
 8.330       0.9678   149280856.1
 8.340       0.8794   693464715.6
 8.350       0.6946  1942878239.7
 8.360       0.9571   203903632.9
 8.370       0.9670   146364026.3
 8.380       0.9444   273101298.4
 8.390       0.9367   288317205.7
 8.400       0.9388   290627188.2
 8.410       0.9422   246766262.8
 8.420       0.6675  2137079103.6
 8.430       0.7602  1464221940.2
 8.440       0.9282   301093971.0
 8.450       0.9513   208297647.8
 8.460       0.9362   235560886.1
 8.470       0.9107   391124900.4
 8.480       0.9445   235836895.1
 8.490       0.9289   265334923.0
 8.500       0.9335   310847007.0
 8.510       0.5874  2675332238.6
 8.520       0.6587  2100338983.9
 8.530       0.9545   204472381.5
 8.540       0.9514   196028119.1
 8.550       0.9634   160548190.7
 8.560       0.9793    74784289.0
 8.570       0.9649   155059193.5
 8.580       0.6954  1892958829.1
 8.590       0.9401   262016888.9
 8.600       0.9512   172196601.7
 8.610       0.9600   139481566.4
 8.620       0.9416   195375220.5
 8.630       0.9389   207096136.3
 8.640       0.9582   142179595.2
 8.650       0.9340   219500817.4
 8.660       0.9325   252331254.4
 8.670       0.9471   223741960.7
 8.680       0.7661  1409972715.2
 8.690       0.9291   295420328.7
 8.700       0.7917  1320928937.2
 8.710       0.9386   227392282.2
 8.720       0.9554   157182269.9
 8.730       0.9592   142368911.7
 8.740       0.9558   153376949.8
 8.750       0.9674   110219907.8
 8.760       0.9551   175625508.1
 8.770       0.9650   126752225.5
 8.780       0.9647   125063808.1
 8.790       0.8030  1256759575.2
 8.800       0.7469  1691870729.7
 8.810       0.7761  1453161414.6
 8.820       0.9629   142334599.3
 8.830       0.9671   107948726.6
 8.840       0.9616    98513854.3
 8.850       0.9632   102139446.8
 8.860       0.9731    70340279.3
 8.870       0.9585    95908617.3
 8.880       0.9623    91902008.9
 8.890       0.9621    86397066.6
 8.900       0.9664    96550302.4
 8.910       0.9623   116994736.1
 8.920       0.7396  1702530455.2
 8.930       0.9691    95439414.7
 8.940       0.9599    99832922.4
 8.950       0.9594   149626217.5
 8.960       0.9841    46563848.5
 8.970       0.9689    82715563.3
 8.980       0.9730    68965318.1
 8.990       0.9669   150212732.0
 9.000       0.8294  1088627426.2
 9.010       0.9788    74676782.5
 9.020       0.9806    68369581.5
 9.030       0.9373   365123967.9
 9.040       0.8359  1143807392.4
 9.050       0.9772    72485301.3
 9.060       0.9724    73254116.8
 9.070       0.9745    88149876.9
 9.080       0.8754   799941448.9
 9.090       0.8958   654700249.4
 9.100       0.9666   132300689.6
 9.110       0.9774    68894093.7
 9.120       0.9752    74673049.8
 9.130       0.9640   108290092.1
 9.140       0.9675   104195788.4
 9.150       0.9658   118363057.2
 9.160       0.8801   778579180.0
 9.170       0.9407   300886744.3
 9.180       0.9546   188018951.6
 9.190       0.9430   241929141.2
 9.200       0.9416   248256042.1
 9.210       0.9315   353804216.5
 9.220       0.9339   321433526.5
 9.230       0.9307   345866309.2
 9.240       0.9231   386273362.9
 9.250       0.8964   479196751.0
 9.260       0.9120   454183783.5
 9.270       0.9123   470354996.9
 9.280       0.9096   481668318.0
 9.290       0.9033   524764327.2
 9.300       0.9209   324034075.3
 9.310       0.8348  1071227982.3
 9.320       0.8958   586381112.0
 9.330       0.9065   484619540.8
 9.340       0.9006   470928397.3
 9.350       0.8950   432575901.0
 9.360       0.8786   375591962.5
 9.370       0.8022   670879245.6
 9.380       0.6238  1992905384.3
 9.390       0.7440   709624526.6
 9.400       0.6393   919188823.8
 9.410       0.5785  1228129328.6
 9.420       0.5159  1236998729.9
 9.430       0.4426  1638324509.8
 9.440       0.4409  1599817238.0
 9.450       0.4225  1573528297.4
 9.460       0.4384  1679062724.3
 9.470       0.3444  2015961580.2
 9.480       0.3530  1779170893.9
 9.490       0.3088  2041192986.5
 9.500       0.3236  1966150312.1
 9.510       0.4056  1682939547.0
 9.520       0.3223  1987882820.1
 9.530       0.3890  1713363370.8
 9.540       0.4282  1608755176.7
 9.550       0.4471  1532320784.9
 9.560       0.6165   936618745.9
 9.570       0.6673  1008634010.1
 9.580       0.8757   339999932.8
 9.590       0.8238   698063350.7
 9.600       0.4421  1437653084.0
 9.610       0.3350  1592478646.2
 9.620       0.3254  1864836384.6
 9.630       0.4024  1482975138.7
 9.640       0.4049  1566073273.5
 9.650       0.4315  1395788984.1
 9.660       0.4286  1553520930.0
 9.670       0.5152  1244736151.5
 9.680       0.5021  1412162320.7
 9.690       0.5543  1266455650.9
 9.700       0.4735  1478357711.0
 9.710       0.5431  1443614058.4
 9.720       0.5127  1463583955.6
 9.730       0.5412  1310454922.1
 9.740       0.5104  1317192390.0
 9.750       0.5466  1236228765.7
 9.760       0.5143  1321486225.3
 9.770       0.5574  1218249287.8
 9.780       0.5380  1259321419.1
 9.790       0.5755  1164109285.5
 9.800       0.5395  1228544306.7
 9.810       0.5952  1116945653.7
 9.820       0.5502  1350115658.1
 9.830       0.6490  1063317429.2
 9.840       0.6147  1050802840.3
 9.850       0.6602   944276289.3
 9.860       0.6138  1500570954.1
 9.870       0.6973   838814592.0
 9.880       0.6463   960853731.3
 9.890       0.7020   958089779.7
 9.900       0.7156   966917899.2
 9.910       0.7662   655607706.1
 9.920       0.7434   716530647.1
 9.930       0.7594   692872002.4
 9.940       0.7944   588623866.8
 9.950       0.7880   611649479.8
 9.960       0.8368   537049594.2
 9.970       0.8381   480434177.8
 9.980       0.8236   522120017.7
 9.990       0.8657   416905591.0
10.000       0.8547   493359006.2
10.010       0.8924   409342176.6
10.020       0.8806   376483194.4
10.030       0.8963   330798788.9
10.040       0.9101   292131046.5
10.050       0.9342   226483068.2
10.060       0.9207   268546478.6
10.070       0.9302   241656247.5
10.080       0.9262   257940279.2
10.090       0.9597   159643124.9
10.100       0.9458   212887598.4
10.110       0.9465   208726688.3
10.120       0.9692   133726942.3
10.130       0.9534   194540993.5
10.140       0.9606   183399175.7
10.150       0.9658   178961176.4
10.160       0.9527   260767448.2
10.170       0.9580   234606914.0
10.180       0.9557   264796807.8
10.190       0.9571   260157163.7
10.200       0.9751   140340844.8
10.210       0.9516   306862880.3
10.220       0.9471   347369062.0
10.230       0.9288   500316179.2
10.240       0.9789   141838581.7
10.250       0.9112   662264902.5
10.260       0.9371   426258418.6
10.270       0.9171   610578127.7
10.280       0.9766   161410909.8
10.290       0.9217   559766307.1
10.300       0.9343   463487567.4
10.310       0.9854   100973291.6
10.320       0.9427   391778733.8
10.330       0.9503   338358947.9
10.340       0.9751   186217685.4
10.350       0.9484   363178559.3
10.360       0.9810   133372084.6
10.370       0.9749   167663661.9
10.380       0.9762   163388034.6
10.390       0.9938    44122725.5
10.400       0.9867    95741343.3
10.410       0.9931    53156993.2
10.420       0.9759   179816239.1
10.430       0.9890    87822771.7
10.440       0.9706   203886932.5
10.450       0.9929    53477652.2
10.460       0.9506   362693415.0
10.470       0.9656   283170162.4
10.480       0.9525   336944738.1
10.490       0.9291   543983709.2
10.500       0.9815   139555761.7
10.510       0.9432   402180108.5
10.520       0.9894    81299079.9
10.530       0.9397   432326970.7
10.540       0.9640   308477722.5
10.550       0.8589  1137519481.8
10.560       0.9867   105721808.6
10.570       0.9403   432336497.9
10.580       0.9826   145198713.3
10.590       0.9403   438094992.7
10.600       0.9911    69526757.1
10.610       0.9458   396199471.5
10.620       0.9903    76750759.8
10.630       0.9413   445712149.0
10.640       0.9899    78906591.7
10.650       0.9570   316995952.8
10.660       0.9902    77098706.6
10.670       0.9665   249329147.4
10.680       0.9836   127312926.6
10.690       0.9903    76346226.1
10.700       0.9679   239545747.2
10.710       0.9922    61066152.8
10.720       0.9699   225685997.0
10.730       0.9915    65772262.8
10.740       0.9736   196231644.6
10.750       0.9921    60166968.0
10.760       0.9773   178419990.6
10.770       0.9879    97728926.3
10.780       0.9929    55068844.3
10.790       0.9828   132895473.3
10.800       0.9914    70008836.3
10.810       0.9268   630851129.5
10.820       0.9914    70601935.9
10.830       0.9901    80087918.5
10.840       0.9211   699529075.4
10.850       0.9651   309167570.7
10.860       0.9877    99068670.9
10.870       0.9927    57988135.0
10.880       0.9902    77961924.1
10.890       0.9761   208721443.4
10.900       0.9928    57680084.7
10.910       0.9908    73890188.9
10.920       0.9929    57232461.8
10.930       0.9921    64217025.9
10.940       0.9770   200967994.3
10.950       0.9925    60212907.5
10.960       0.9917    66246223.3
10.970       0.9920    63790216.7
10.980       0.9897    86476957.8
10.990       0.9827   146514658.1
11.000       0.8427  1430805686.3
11.010       0.9833   140103685.6
11.020       0.9911    70202972.1
11.030       0.9627   335253097.6
11.040       0.9854   122793036.3
11.050       0.9919    65502984.6
11.060       0.9926    58440459.3
11.070       0.9934    52766552.3
11.080       0.9915    70144495.4
11.090       0.9935    52090084.0
11.100       0.9933    54653109.3
11.110       0.9929    57276304.3
11.120       0.9936    52646925.9
11.130       0.9921    64654270.3
11.140       0.9861   121655400.2
11.150       0.9901    81639427.5
11.160       0.9903    68673029.5
11.170       0.9923    58860451.5
11.180       0.9933    52826952.3
11.190       0.9929    54459751.1
11.200       0.9927    56147124.2
11.210       0.9922    57941316.2
11.220       0.9747   219921344.9
11.230       0.9843   133040475.6
11.240       0.9863   113987037.7
11.250       0.9562   395680693.3
11.260       0.9865   110314968.0
11.270       0.8656  1206569584.2
11.280       0.9871   107515814.5
11.290       0.9921    62836811.3
11.300       0.9921    62576580.4
11.310       0.9391   550189567.3
11.320       0.9699   272540874.1
11.330       0.9913    72553351.8
11.340       0.9924    60931261.9
11.350       0.9747   221425207.3
11.360       0.9925    62295946.4
11.370       0.9920    66386654.0
11.380       0.9119   780043588.1
11.390       0.9872   111700587.6
11.400       0.9928    60562246.9
11.410       0.9928    60509067.9
11.420       0.9919    68121695.7
11.430       0.9932    56037403.6
11.440       0.9929    59086023.1
11.450       0.9929    59513593.4
11.460       0.9914    69977707.9
11.470       0.9833   146297751.8
11.480       0.8641  1248277240.0
11.490       0.9905    80657738.3
11.500       0.9918    65541763.3
11.510       0.9921    62715891.9
11.520       0.9915    66885571.7
11.530       0.9922    62700379.4
11.540       0.9915    69115469.1
11.550       0.9415   541198955.6
11.560       0.9350   603300639.8
11.570       0.9871   105560821.7
11.580       0.9914    71183888.2
11.590       0.9919    66819832.2
11.600       0.9925    62645236.9
11.610       0.9929    60843564.2
11.620       0.9926    62772597.9
11.630       0.9869   119073671.5
11.640       0.9922    67812037.0
11.650       0.9774   210676845.4
11.660       0.9922    68053175.1
11.670       0.9923    68033493.3
11.680       0.9914    76639533.2
11.690       0.9875   114102856.9
11.700       0.8180  1716372584.3
11.710       0.9773   208903137.7
11.720       0.8842  1104106241.9
11.730       0.6894  2925296584.7
11.740       0.9771   212249855.5
11.750       0.9879   108291204.9
11.760       0.9868   120118626.8
11.770       0.8257  1638146753.5
11.780       0.9859   128024902.4
11.790       0.9911    78741445.0
11.800       0.9910    77763124.4
11.810       0.9918    71985436.3
11.820       0.9900    88244596.1
11.830       0.9918    72359081.2
11.840       0.9916    73611796.6
11.850       0.9920    70783456.9
11.860       0.9916    74391401.5
11.870       0.9897    91861113.2
11.880       0.9680   290158457.4
11.890       0.9881   108747556.4
11.900       0.9309   652533788.3
11.910       0.8687  1244916016.7
11.920       0.9904    86428816.9
11.930       0.9898    91229066.6
11.940       0.9912    78133985.0
11.950       0.9914    75961125.9
11.960       0.9900    89561663.4
11.970       0.9713   269781780.6
11.980       0.9908    81392577.1
11.990       0.9911    78655464.3
12.000       0.9916    74908759.4
12.010       0.9901    86527805.7
12.020       0.9913    76651811.1
12.030       0.9897    90073092.5
12.040       0.9903    86303248.4
12.050       0.9883   102162152.1
12.060       0.9885   101156517.5
12.070       0.9709   249704853.4
12.080       0.8441  1462541794.8
12.090       0.9596   381590787.0
12.100       0.9848   134079220.3
12.110       0.9872   116470298.5
12.120       0.9134   790051698.3
12.130       0.9890    98790730.3
12.140       0.9859   121233575.6
12.150       0.9864   118640591.5
12.160       0.9891    96399637.2
12.170       0.9798   169594756.1
12.180       0.9902    86184412.6
12.190       0.9765   196943192.1
12.200       0.9899    89686376.8
12.210       0.9756   202256904.2
12.220       0.9861   121341370.5
12.230       0.9888    97955260.0
12.240       0.9675   267936386.9
12.250       0.9855   129521987.4
12.260       0.9590   340509276.5
12.270       0.9721   260025064.7
12.280       0.8029  1841069127.6
12.290       0.8431  1482370963.3
12.300       0.9839   141271966.6
12.310       0.9513   397226142.9
12.320       0.9878   106744056.5
12.330       0.9456   439615814.6
12.340       0.9862   119842952.7
12.350       0.9697   255021975.1
12.360       0.9510   397595696.9
12.370       0.8302  1585457890.7
12.380       0.8637  1219160668.4
12.390       0.9828   147762030.9
12.400       0.9232   627533156.6
12.410       0.9529   435047043.1
12.420       0.9802   171281521.3
12.430       0.9265   593275219.4
12.440       0.8263  1683431192.6
12.450       0.6366  3408987852.5
12.460       0.9602   369330022.7
12.470       0.9596   340082400.1
12.480       0.9434   452658950.1
12.490       0.9789   187734164.1
12.500       0.9199   648249136.1
12.510       0.8543  1402529717.9
12.520       0.3014  6806087035.8
12.530       0.8443  1469705952.0
12.540       0.8341  1583326787.7
12.550       0.9118   746544456.2
12.560       0.5979  3941278334.8
12.570       0.6982  2846800473.0
12.580       0.9586   382135846.1
12.590       0.8838  1106836030.5
12.600       0.7337  2522931948.4
12.610       0.9168   696557510.5
12.620       0.7545  2008748023.6
12.630       0.3302  5486216655.0
12.640       0.9077   778971568.0
12.650       0.9753   197503827.9
12.660       0.9715   224475863.6
12.670       0.9798   157540047.1
12.680       0.9754   207489946.2
12.690       0.9693   245159467.7
12.700       0.9752   205545451.5
12.710       0.9531   375963489.9
12.720       0.9717   233031796.1
12.730       0.9559   379319400.5
12.740       0.8372  1470151332.0
12.750       0.4583  5241785268.6
12.760       0.9026   818562990.2
12.770       0.9659   302112249.2
12.780       0.9654   279603213.0
12.790       0.9283   561212066.6
12.800       0.9675   252095214.0
12.810       0.9290   560033085.0
12.820       0.9615   333152952.9
12.830       0.7589  2282601534.9
12.840       0.8968   833105218.0
12.850       0.9541   377414189.6
12.860       0.9104   755682079.1
12.870       0.5372  4448134988.1
12.880       0.9291   621918080.3
12.890       0.6733  3020318628.6
12.900       0.8767  1156553773.9
12.910       0.9363   515093556.3
12.920       0.9028   767199885.5
12.930       0.9556   350803117.8
12.940       0.8851   924929825.3
12.950       0.9451   461854554.7
12.960       0.9238   580566042.7
12.970       0.8623  1093996191.5
12.980       0.8525  1283085001.9
12.990       0.7777  2064510592.0
13.000       0.7577  2104001137.8
13.010       0.8562  1269116506.8
13.020       0.8561  1163922626.0
13.030       0.8148  1611060428.7
13.040       0.9426   442220301.4
13.050       0.7272  2225874397.1
13.060       0.9517   371123984.0
13.070       0.8294  1414646577.5
13.080       0.7821  1776982292.8
13.090       0.9360   474244820.6
13.100       0.6317  3066117156.9
13.110       0.9434   475165925.1
13.120       0.8321  1368418341.9
13.130       0.6424  3017078664.9
13.140       0.9213   618072530.8
13.150       0.5125  4171185698.4
13.160       0.8821   946919019.6
13.170       0.8064  1552544307.1
13.180       0.5309  4076199430.0
13.190       0.9045   778118707.9
13.200       0.4982  4238655825.1
13.210       0.5630  3753422473.8
13.220       0.7859  1757758875.8
13.230       0.2702  6494689740.6
13.240       0.8098  1586487665.8
13.250       0.3755  5908049130.7
13.260       0.2289  7020079983.6
13.270       0.7420  2312930457.0
13.280       0.2966  6250368727.5
13.290       0.4354  5018706298.6
13.300       0.6764  2713969059.2
13.310       0.2010  7216719284.6
13.320       0.7333  2084704592.2
13.330       0.4584  4567414942.8
13.340       0.2695  6563464974.0
13.350       0.7617  2013713537.4
13.360       0.1560  7881303966.0
13.370       0.4670  4545693143.5
13.380       0.6429  2982351519.5
13.390       0.1126  8264178702.3
13.400       0.6176  3132655371.5
13.410       0.4172  5003570585.7
13.420       0.1250  8292690250.1
13.430       0.3685  5893250169.7
13.440       0.0869  8760699170.6
13.450       0.3101  6019778829.9
13.460       0.5242  3885944695.4
13.470       0.0476  9276505179.4
13.480       0.1161  8264790067.3
13.490       0.0043  9867024746.6
13.500       0.0012 10251175283.4
13.510       0.2128  6903467446.9
13.520       0.1610  7448657543.3
13.530       0.0911  8618488035.2
13.540       0.3191  5644598823.4
13.550       0.1069  8306096401.3
13.560       0.1604  7615977468.1
13.570       0.2947  5729119937.9
13.580       0.0495  9152060659.5
13.590       0.2379  6584096070.6
13.600       0.2705  6067289935.9
13.610       0.0157  9700453183.2
13.620       0.3112  5790137682.0
13.630       0.2047  6714746365.7
13.640       0.0136  9744700941.4
13.650       0.3356  5465705223.0
13.660       0.1544  7320503710.1
13.670       0.0263  9532733054.4
13.680       0.1471  7810979826.9
13.690       0.0994  8180865753.3
13.700       0.0447  9139559682.1
13.710       0.1534  7710535210.0
13.720       0.0842  8442782765.6
13.730       0.0876  8501665856.1
13.740       0.3886  4947823771.7
13.750       0.1189  8066217939.3
13.760       0.1344  7855497577.0
13.770       0.3954  4918558208.3
13.780       0.1382  7898185479.1
13.790       0.1828  7188666066.7
13.800       0.3979  5001005700.6
13.810       0.1508  7686778698.8
13.820       0.2026  6718888380.8
13.830       0.3104  5680332072.7
13.840       0.1847  7027736257.7
13.850       0.1767  7018257715.6
13.860       0.0488  8853937662.0
13.870       0.0003 10229036477.6
13.880       0.0000 10531889539.1
13.890       0.0000 10507056929.7
13.900       0.0000 10434610621.0
13.910       0.0000 10274623066.7
13.920       0.0003 10162156021.0
13.930       0.0379  9101747043.0
13.940       0.1275  7581150209.7
13.950       0.0103  9658875577.7
13.960       0.0428  9047426538.0
13.970       0.2199  6489561011.9
13.980       0.0069  9774315172.1
13.990       0.0153  9598739911.4
14.000       0.1659  7143127109.2
14.010       0.0046  9993629908.3
14.020       0.0033 10057686784.5
14.030       0.0805  8333604338.4
14.040       0.0108  9742913795.5
14.050       0.0109  9639753441.2
14.060       0.0078  9699348430.3
14.070       0.0123  9661714086.9
14.080       0.0052  9725892507.0
14.090       0.0048  9968239173.0
14.100       0.0038  9875239942.4
14.110       0.0021  9880492188.2
14.120       0.0001 10264427352.4
14.130       0.0044  9840990993.3
14.140       0.0005 10142890671.9
14.150       0.0002 10247958181.5
14.160       0.0020  9905614834.7
14.170       0.0001 10235304530.4
14.180       0.0000 10367978558.9
14.190       0.0002 10189149096.1
14.200       0.0001 10194495838.8
14.210       0.0001 10223812127.3
14.220       0.0000 10370612178.6
14.230       0.0000 10183587945.3
14.240       0.0000 10250054128.1
14.250       0.0000 10388073033.7
14.260       0.0000 10216819935.4
14.270       0.0000 10236798232.1
14.280       0.0000 10365721180.8
14.290       0.0000 10302424781.1
14.300       0.0000 10196827844.5
14.310       0.0000 10344120292.0
14.320       0.0000 10388570332.4
14.330       0.0000 10300356502.8
14.340       0.0000 10280725410.3
14.350       0.0000 10400430515.1
14.360       0.0000 10320090363.8
14.370       0.0000 10236679585.0
14.380       0.0000 10389166560.2
14.390       0.0000 10345248606.5
14.400       0.0000 10255532147.6
14.410       0.0000 10365737696.5
14.420       0.0000 10382943868.5
14.430       0.0000 10278344029.7
14.440       0.0000 10300885289.4
14.450       0.0000 10384307857.6
14.460       0.0000 10319413901.0
14.470       0.0000 10270442858.1
14.480       0.0000 10365478981.5
14.490       0.0000 10353401176.6
14.500       0.0000 10292558808.5
14.510       0.0000 10343492646.6
14.520       0.0000 10367794214.2
14.530       0.0000 10301128438.9
14.540       0.0000 10321806581.0
14.550       0.0000 10355452316.1
14.560       0.0000 10321095740.8
14.570       0.0000 10276560904.0
14.580       0.0000 10333838152.4
14.590       0.0000 10340717037.1
14.600       0.0000 10279793096.1
14.610       0.0000 10300246171.3
14.620       0.0000 10338291246.9
14.630       0.0000 10295675224.0
14.640       0.0000 10271516690.4
14.650       0.0000 10321687530.1
14.660       0.0000 10313523132.1
14.670       0.0000 10262176628.2
14.680       0.0000 10292284359.3
14.690       0.0000 10316464376.8
14.700       0.0000 10271269267.4
14.710       0.0000 10261271558.6
14.720       0.0000 10302112723.3
14.730       0.0000 10288561427.7
14.740       0.0000 10240776829.5
14.750       0.0000 10277009167.5
14.760       0.0000 10291886892.1
14.770       0.0000 10244620758.0
14.780       0.0000 10243736064.5
14.790       0.0000 10279933304.5
14.800       0.0000 10259370134.5
14.810       0.0000 10215054718.5
14.820       0.0000 10255949611.3
14.830       0.0000 10265458444.5
14.840       0.0000 10214834850.5
14.850       0.0000 10219714723.5
14.860       0.0000 10255933184.2
14.870       0.0000 10229585775.0
14.880       0.0000 10190178999.5
14.890       0.0000 10230703387.9
14.900       0.0000 10238836636.3
14.910       0.0000 10216583423.8
14.920       0.0000 10225147207.4
14.930       0.0000 10234902796.0
14.940       0.0000 10232400540.5
14.950       0.0000 10231268948.3
14.960       0.0000 10228739784.6
14.970       0.0000 10225537015.3
14.980       0.0000 10221897033.0
14.990       0.0000 10209862302.5
15.000       0.0000 10184623941.4

